	25Ginelli ovc
	1 Voronoi ovcarjev
Generacija 1, Fitness 0.007410861, Gen ;0.5333;0.5;0.7778;0.6667;0.6667;0.5556;0.5918;0.6;0.625;0.6667;0.75;0.5;0.24;0.3;0.6667;0.4;0.4286;0.4;0.475;0.5;0.55
,156,177,177,177,177,177,177,177,177,177,177,177,177,177,179
Generacija 1, Fitness 1.028811, Gen ;0.5333;0.5;0.7778;0.6667;0.6667;0.5556;0.5918;0.6;0.625;0.6667;0.75;0.5;0.24;0.3;0.6667;0.4;0.4286;0.4;0.475;0.5;0.55
,96,97,97,98,98,98,99,100,100,101,101,102,102,103,104,105,109,109,112,114,128,146,149,152,153
Generacija 1, Fitness 1.528612, Gen ;0.5333;0.5;0.7778;0.6667;0.6667;0.5556;0.5918;0.6;0.625;0.6667;0.75;0.5;0.24;0.3;0.6667;0.4;0.4286;0.4;0.475;0.5;0.55
,101,101,102,102,102,102,102,103,103,103,104,104,104,105,105,106,107,107,108,116,126,134,138,145,148
Generacija 1, Fitness 15.00896, Gen ;0.5333;0.5;0.7778;0.6667;0.6667;0.5556;0.5918;0.6;0.625;0.6667;0.75;0.5;0.24;0.3;0.6667;0.4;0.4286;0.4;0.475;0.5;0.55
,78,78,79,79,80,80,80,80,81,81,82,82,82,82,82,82,83,84,84,84,89,101,102,109,110
Generacija 1, Fitness 2.938229, Gen ;0.5333;0.5;0.7778;0.6667;0.6667;0.5556;0.5918;0.6;0.625;0.6667;0.75;0.5;0.24;0.3;0.6667;0.4;0.4286;0.4;0.475;0.5;0.55
,75,75,75,75,75,75,76,76,76,76,76,76,76,76,76,76,76,76,76,76,76,76,76,148,149
Generacija 1, Fitness 2.461953, Gen ;0.5333;0.5;0.7778;0.6667;0.6667;0.5556;0.5918;0.6;0.625;0.6667;0.75;0.5;0.24;0.3;0.6667;0.4;0.4286;0.4;0.475;0.5;0.55
,109,110,111,111,111,112,112,115,115,116,116,117,117,117,118,118,118,118,118,118,119,119,120,128,136
Generacija 1, Fitness 0.008223542, Gen ;0.5333;0.5;0.7778;0.6667;0.6667;0.5556;0.5918;0.6;0.625;0.6667;0.75;0.5;0.24;0.3;0.6667;0.4;0.4286;0.4;0.475;0.5;0.55
,145,146,146,147,147,147,148,148,149,149,149,149,149,150,150,151,155,165,173
Generacija 1, Fitness 0.006308271, Gen ;0.5333;0.5;0.7778;0.6667;0.6667;0.5556;0.5918;0.6;0.625;0.6667;0.75;0.5;0.24;0.3;0.6667;0.4;0.4286;0.4;0.475;0.5;0.55

Generacija 1, Fitness 0.007990038, Gen ;0.5333;0.5;0.7778;0.6667;0.6667;0.5556;0.5918;0.6;0.625;0.6667;0.75;0.5;0.24;0.3;0.6667;0.4;0.4286;0.4;0.475;0.5;0.55
,111,111,111,111,112,112,112,113,114,114,114,115,115,115,115,116,116,116,119,131,133,138,162,164
Generacija 1, Fitness 0.2760489, Gen ;0.5333;0.5;0.7778;0.6667;0.6667;0.5556;0.5918;0.6;0.625;0.6667;0.75;0.5;0.24;0.3;0.6667;0.4;0.4286;0.4;0.475;0.5;0.55
,110,110,112,118,119,121,137,141,144,145,145,146,146,146,147,147,147,147,148,149,150,150,151,155,156
Generacija 1, Fitness 0.006754535, Gen ;0.5333;0.5;0.7778;0.6667;0.6667;0.5556;0.5918;0.6;0.625;0.6667;0.75;0.5;0.24;0.3;0.6667;0.4;0.4286;0.4;0.475;0.5;0.55

Generacija 1, Fitness 6.012776, Gen ;0.5333;0.5;0.7778;0.6667;0.6667;0.5556;0.5918;0.6;0.625;0.6667;0.75;0.5;0.24;0.3;0.6667;0.4;0.4286;0.4;0.475;0.5;0.55
,91,93,94,96,97,98,99,103,105,111,114,115,115,115,115,115,115,116,116,116,118,118,121,121,121
Generacija 1, Fitness 0.008163497, Gen ;0.5333;0.5;0.7778;0.6667;0.6667;0.5556;0.5918;0.6;0.625;0.6667;0.75;0.5;0.24;0.3;0.6667;0.4;0.4286;0.4;0.475;0.5;0.55
,143,144,144,144,144,145,145,145,146,146,147,147,147,147,147,147,148,148,148,148,149,155,156
Generacija 1, Fitness 9.671684, Gen ;0.5333;0.5;0.7778;0.6667;0.6667;0.5556;0.5918;0.6;0.625;0.6667;0.75;0.5;0.24;0.3;0.6667;0.4;0.4286;0.4;0.475;0.5;0.55
,78,80,81,81,82,83,85,86,86,86,89,92,94,95,99,109,112,113,113,113,113,113,114,114,117
Generacija 1, Fitness 3.731463, Gen ;0.5333;0.5;0.7778;0.6667;0.6667;0.5556;0.5918;0.6;0.625;0.6667;0.75;0.5;0.24;0.3;0.6667;0.4;0.4286;0.4;0.475;0.5;0.55
,88,88,88,88,88,88,88,88,88,88,88,89,89,89,89,89,89,89,89,90,90,91,140,140,141
Generacija 1, Fitness 0.00648876, Gen ;0.5333;0.5;0.7778;0.6667;0.6667;0.5556;0.5918;0.6;0.625;0.6667;0.75;0.5;0.24;0.3;0.6667;0.4;0.4286;0.4;0.475;0.5;0.55

Generacija 1, Fitness 0.861826, Gen ;0.5333;0.5;0.7778;0.6667;0.6667;0.5556;0.5918;0.6;0.625;0.6667;0.75;0.5;0.24;0.3;0.6667;0.4;0.4286;0.4;0.475;0.5;0.55
,87,87,87,87,87,87,88,88,88,88,88,88,88,88,88,88,88,88,88,88,88,89,156,156,159
Generacija 1, Fitness 0.006370432, Gen ;0.5333;0.5;0.7778;0.6667;0.6667;0.5556;0.5918;0.6;0.625;0.6667;0.75;0.5;0.24;0.3;0.6667;0.4;0.4286;0.4;0.475;0.5;0.55

Generacija 1, Fitness 8.133623, Gen ;0.5333;0.5;0.7778;0.6667;0.6667;0.5556;0.5918;0.6;0.625;0.6667;0.75;0.5;0.24;0.3;0.6667;0.4;0.4286;0.4;0.475;0.5;0.55
,89,90,90,90,90,90,90,90,90,90,91,91,91,91,91,92,92,92,92,92,93,93,103,121,123
Generacija 1, Fitness 0.006756132, Gen ;0.5333;0.5;0.7778;0.6667;0.6667;0.5556;0.5918;0.6;0.625;0.6667;0.75;0.5;0.24;0.3;0.6667;0.4;0.4286;0.4;0.475;0.5;0.55
,170
Generacija 1, Fitness 0.006843638, Gen ;0.5333;0.5;0.7778;0.6667;0.6667;0.5556;0.5918;0.6;0.625;0.6667;0.75;0.5;0.24;0.3;0.6667;0.4;0.4286;0.4;0.475;0.5;0.55
,100,101,101,101,101,101,101,102,102,102,103,103,103,104,104,105,105,106,107,107,116,126,132
Generacija 1, Fitness 0.05713685, Gen ;0.5333;0.5;0.7778;0.6667;0.6667;0.5556;0.5918;0.6;0.625;0.6667;0.75;0.5;0.24;0.3;0.6667;0.4;0.4286;0.4;0.475;0.5;0.55
,102,102,102,102,102,102,102,103,103,103,104,104,104,104,104,105,105,105,106,107,107,112,129,171,172
Generacija 1, Fitness 0.005090673, Gen ;0.5333;0.5;0.7778;0.6667;0.6667;0.5556;0.5918;0.6;0.625;0.6667;0.75;0.5;0.24;0.3;0.6667;0.4;0.4286;0.4;0.475;0.5;0.55
,86,86,86,86,86,86,86,86,86,86,86,86,86,86,86,87,87,87,87,87,87,87,87
Generacija 1, Fitness 0.008016521, Gen ;0.5333;0.5;0.7778;0.6667;0.6667;0.5556;0.5918;0.6;0.625;0.6667;0.75;0.5;0.24;0.3;0.6667;0.4;0.4286;0.4;0.475;0.5;0.55
,139,140,140,141,141,141,142,142,142,142,143,143,143,144,145,145,145,163,164,164,164,173
Generacija 1, Fitness 0.7513934, Gen ;0.5333;0.5;0.7778;0.6667;0.6667;0.5556;0.5918;0.6;0.625;0.6667;0.75;0.5;0.24;0.3;0.6667;0.4;0.4286;0.4;0.475;0.5;0.55
,100,100,101,101,101,102,102,102,103,103,103,103,104,104,105,106,106,106,120,123,125,128,153,154,156
Generacija 1, Fitness 0.01158571, Gen ;0.5333;0.5;0.7778;0.6667;0.6667;0.5556;0.5918;0.6;0.625;0.6667;0.75;0.5;0.24;0.3;0.6667;0.4;0.4286;0.4;0.475;0.5;0.55
,103,127,166,166,166,166,166,167,167,167,167,167,167,167,167,167,167,167,168,168,168,168,168,169,174
Generacija 1, Fitness 4.116763, Gen ;0.5333;0.5;0.7778;0.6667;0.6667;0.5556;0.5918;0.6;0.625;0.6667;0.75;0.5;0.24;0.3;0.6667;0.4;0.4286;0.4;0.475;0.5;0.55
,90,90,90,90,90,91,91,91,91,91,92,92,92,92,92,93,93,94,94,95,98,100,135,137,137
Generacija 1, Fitness 0.007598326, Gen ;0.5333;0.5;0.7778;0.6667;0.6667;0.5556;0.5918;0.6;0.625;0.6667;0.75;0.5;0.24;0.3;0.6667;0.4;0.4286;0.4;0.475;0.5;0.55
,104,104,104,105,105,105,105,105,105,105,105,105,105,105,106,106,106,106,107,107,107,108,133
Generacija 1, Fitness 1.020822, Gen ;0.5333;0.5;0.7778;0.6667;0.6667;0.5556;0.5918;0.6;0.625;0.6667;0.75;0.5;0.24;0.3;0.6667;0.4;0.4286;0.4;0.475;0.5;0.55
,118,119,119,119,119,120,120,120,120,121,121,121,121,122,122,122,123,123,124,125,133,142,142,143,147
Generacija 1, Fitness 0.0069498, Gen ;0.5333;0.5;0.7778;0.6667;0.6667;0.5556;0.5918;0.6;0.625;0.6667;0.75;0.5;0.24;0.3;0.6667;0.4;0.4286;0.4;0.475;0.5;0.55
,97,97,97,98,98,98,99,99,99,99,100,100,100,101,101,102,103,103,104,109,109,125,128
Generacija 1, Fitness 0.009328046, Gen ;0.5333;0.5;0.7778;0.6667;0.6667;0.5556;0.5918;0.6;0.625;0.6667;0.75;0.5;0.24;0.3;0.6667;0.4;0.4286;0.4;0.475;0.5;0.55
,143,144,149,165,165,165,165,166,166,166,166,166,166,166,166,166,166,166,167,167,168,168,168,174
Generacija 1, Fitness 0.007284635, Gen ;0.5333;0.5;0.7778;0.6667;0.6667;0.5556;0.5918;0.6;0.625;0.6667;0.75;0.5;0.24;0.3;0.6667;0.4;0.4286;0.4;0.475;0.5;0.55
,121,122,122,140,178
Generacija 1, Fitness 0.006829933, Gen ;0.5333;0.5;0.7778;0.6667;0.6667;0.5556;0.5918;0.6;0.625;0.6667;0.75;0.5;0.24;0.3;0.6667;0.4;0.4286;0.4;0.475;0.5;0.55
,120
Generacija 1, Fitness 5.493244, Gen ;0.5333;0.5;0.7778;0.6667;0.6667;0.5556;0.5918;0.6;0.625;0.6667;0.75;0.5;0.24;0.3;0.6667;0.4;0.4286;0.4;0.475;0.5;0.55
,89,89,89,89,89,90,90,90,90,90,90,90,90,90,90,91,91,91,91,91,91,92,92,130,132
Generacija 1, Fitness 0.008458523, Gen ;0.5333;0.5;0.7778;0.6667;0.6667;0.5556;0.5918;0.6;0.625;0.6667;0.75;0.5;0.24;0.3;0.6667;0.4;0.4286;0.4;0.475;0.5;0.55
,91,92,92,92,92,93,93,93,93,93,94,94,94,94,95,95,95,96,96,97,100,106,121
Generacija 1, Fitness 0.007107911, Gen ;0.5333;0.5;0.7778;0.6667;0.6667;0.5556;0.5918;0.6;0.625;0.6667;0.75;0.5;0.24;0.3;0.6667;0.4;0.4286;0.4;0.475;0.5;0.55

Generacija 1, Fitness 2.226393, Gen ;0.5333;0.5;0.7778;0.6667;0.6667;0.5556;0.5918;0.6;0.625;0.6667;0.75;0.5;0.24;0.3;0.6667;0.4;0.4286;0.4;0.475;0.5;0.55
,93,94,94,95,95,95,96,96,96,97,98,98,98,99,99,101,102,111,113,122,135,138,138,139,144
Generacija 1, Fitness 0.008964211, Gen ;0.5333;0.5;0.7778;0.6667;0.6667;0.5556;0.5918;0.6;0.625;0.6667;0.75;0.5;0.24;0.3;0.6667;0.4;0.4286;0.4;0.475;0.5;0.55
,156,164,165,165,165,165,165,166,166,166,166,166,166,166,166,166,166,166,166,167,167,167,168
Generacija 1, Fitness 0.008329211, Gen ;0.5333;0.5;0.7778;0.6667;0.6667;0.5556;0.5918;0.6;0.625;0.6667;0.75;0.5;0.24;0.3;0.6667;0.4;0.4286;0.4;0.475;0.5;0.55
,120,121,122,122,123,123,123,124,124,125,126,126,127,128,129,129,140,157,178
Generacija 1, Fitness 0.006846758, Gen ;0.5333;0.5;0.7778;0.6667;0.6667;0.5556;0.5918;0.6;0.625;0.6667;0.75;0.5;0.24;0.3;0.6667;0.4;0.4286;0.4;0.475;0.5;0.55

