	10Ginelli ovc
	5 Voronoi ovcarjev
Fitness 44.66594, Gen ;0.5333;0.5;0.7778;0.6667;0.6667;0.5556;0.5918;0.6;0.625;0.6667;0.75;0.5;0.24;0.3;0.6667;0.4;0.4286;0.4;0.475;0.5;0.55
,45,45,45,45,46,47,47,47,48,48
Fitness 35.38582, Gen ;0.5333;0.5;0.7778;0.6667;0.6667;0.5556;0.5918;0.6;0.625;0.6667;0.75;0.5;0.24;0.3;0.6667;0.4;0.4286;0.4;0.475;0.5;0.55
,38,38,38,39,39,40,41,41,42,66
Fitness 46.33323, Gen ;0.5333;0.5;0.7778;0.6667;0.6667;0.5556;0.5918;0.6;0.625;0.6667;0.75;0.5;0.24;0.3;0.6667;0.4;0.4286;0.4;0.475;0.5;0.55
,44,44,44,45,45,45,45,45,46,47
Fitness 38.38105, Gen ;0.5333;0.5;0.7778;0.6667;0.6667;0.5556;0.5918;0.6;0.625;0.6667;0.75;0.5;0.24;0.3;0.6667;0.4;0.4286;0.4;0.475;0.5;0.55
,41,41,41,41,42,42,42,43,44,59
Fitness 29.96667, Gen ;0.5333;0.5;0.7778;0.6667;0.6667;0.5556;0.5918;0.6;0.625;0.6667;0.75;0.5;0.24;0.3;0.6667;0.4;0.4286;0.4;0.475;0.5;0.55
,40,40,41,41,41,41,41,42,43,74
Fitness 25.98484, Gen ;0.5333;0.5;0.7778;0.6667;0.6667;0.5556;0.5918;0.6;0.625;0.6667;0.75;0.5;0.24;0.3;0.6667;0.4;0.4286;0.4;0.475;0.5;0.55
,49,49,49,49,49,49,49,71,71,71
Fitness 31.18342, Gen ;0.5333;0.5;0.7778;0.6667;0.6667;0.5556;0.5918;0.6;0.625;0.6667;0.75;0.5;0.24;0.3;0.6667;0.4;0.4286;0.4;0.475;0.5;0.55
,40,41,41,42,43,43,44,44,44,70
Fitness 27.30111, Gen ;0.5333;0.5;0.7778;0.6667;0.6667;0.5556;0.5918;0.6;0.625;0.6667;0.75;0.5;0.24;0.3;0.6667;0.4;0.4286;0.4;0.475;0.5;0.55
,46,46,46,46,46,47,48,49,49,74
Fitness 35.07692, Gen ;0.5333;0.5;0.7778;0.6667;0.6667;0.5556;0.5918;0.6;0.625;0.6667;0.75;0.5;0.24;0.3;0.6667;0.4;0.4286;0.4;0.475;0.5;0.55
,40,40,40,41,41,42,42,42,43,65
Fitness 49.2617, Gen ;0.5333;0.5;0.7778;0.6667;0.6667;0.5556;0.5918;0.6;0.625;0.6667;0.75;0.5;0.24;0.3;0.6667;0.4;0.4286;0.4;0.475;0.5;0.55
,42,43,43,43,44,44,44,45,45,45
Fitness 49.12941, Gen ;0.5333;0.5;0.7778;0.6667;0.6667;0.5556;0.5918;0.6;0.625;0.6667;0.75;0.5;0.24;0.3;0.6667;0.4;0.4286;0.4;0.475;0.5;0.55
,42,42,42,42,43,43,43,44,44,45
Fitness 24.86034, Gen ;0.5333;0.5;0.7778;0.6667;0.6667;0.5556;0.5918;0.6;0.625;0.6667;0.75;0.5;0.24;0.3;0.6667;0.4;0.4286;0.4;0.475;0.5;0.55
,47,47,47,47,47,47,47,74,74,74
Fitness 53.01006, Gen ;0.5333;0.5;0.7778;0.6667;0.6667;0.5556;0.5918;0.6;0.625;0.6667;0.75;0.5;0.24;0.3;0.6667;0.4;0.4286;0.4;0.475;0.5;0.55
,39,39,39,39,39,40,40,41,41,43
Fitness 46.21042, Gen ;0.5333;0.5;0.7778;0.6667;0.6667;0.5556;0.5918;0.6;0.625;0.6667;0.75;0.5;0.24;0.3;0.6667;0.4;0.4286;0.4;0.475;0.5;0.55
,44,45,45,45,46,46,46,46,47,47
Fitness 45.53942, Gen ;0.5333;0.5;0.7778;0.6667;0.6667;0.5556;0.5918;0.6;0.625;0.6667;0.75;0.5;0.24;0.3;0.6667;0.4;0.4286;0.4;0.475;0.5;0.55
,44,44,44,44,45,45,45,46,46,48
Fitness 36.57734, Gen ;0.5333;0.5;0.7778;0.6667;0.6667;0.5556;0.5918;0.6;0.625;0.6667;0.75;0.5;0.24;0.3;0.6667;0.4;0.4286;0.4;0.475;0.5;0.55
,43,45,45,45,45,46,46,46,47,60
Fitness 48.47208, Gen ;0.5333;0.5;0.7778;0.6667;0.6667;0.5556;0.5918;0.6;0.625;0.6667;0.75;0.5;0.24;0.3;0.6667;0.4;0.4286;0.4;0.475;0.5;0.55
,41,42,42,42,42,43,44,44,44,46
Fitness 50.75013, Gen ;0.5333;0.5;0.7778;0.6667;0.6667;0.5556;0.5918;0.6;0.625;0.6667;0.75;0.5;0.24;0.3;0.6667;0.4;0.4286;0.4;0.475;0.5;0.55
,41,41,41,41,41,42,42,42,43,44
Fitness 41.7211, Gen ;0.5333;0.5;0.7778;0.6667;0.6667;0.5556;0.5918;0.6;0.625;0.6667;0.75;0.5;0.24;0.3;0.6667;0.4;0.4286;0.4;0.475;0.5;0.55
,46,48,49,49,49,49,49,49,50,50
Fitness 47.46717, Gen ;0.5333;0.5;0.7778;0.6667;0.6667;0.5556;0.5918;0.6;0.625;0.6667;0.75;0.5;0.24;0.3;0.6667;0.4;0.4286;0.4;0.475;0.5;0.55
,43,44,44,44,45,45,45,45,46,46
Fitness 39.85732, Gen ;0.5333;0.5;0.7778;0.6667;0.6667;0.5556;0.5918;0.6;0.625;0.6667;0.75;0.5;0.24;0.3;0.6667;0.4;0.4286;0.4;0.475;0.5;0.55
,49,49,49,49,50,50,51,51,51,52
Fitness 32.84562, Gen ;0.5333;0.5;0.7778;0.6667;0.6667;0.5556;0.5918;0.6;0.625;0.6667;0.75;0.5;0.24;0.3;0.6667;0.4;0.4286;0.4;0.475;0.5;0.55
,54,55,55,55,55,56,56,56,57,58
Fitness 25.40263, Gen ;0.5333;0.5;0.7778;0.6667;0.6667;0.5556;0.5918;0.6;0.625;0.6667;0.75;0.5;0.24;0.3;0.6667;0.4;0.4286;0.4;0.475;0.5;0.55
,44,44,45,45,46,46,47,47,48,78
Fitness 34.03081, Gen ;0.5333;0.5;0.7778;0.6667;0.6667;0.5556;0.5918;0.6;0.625;0.6667;0.75;0.5;0.24;0.3;0.6667;0.4;0.4286;0.4;0.475;0.5;0.55
,35,35,35,36,37,37,38,38,39,70
Fitness 45.8033, Gen ;0.5333;0.5;0.7778;0.6667;0.6667;0.5556;0.5918;0.6;0.625;0.6667;0.75;0.5;0.24;0.3;0.6667;0.4;0.4286;0.4;0.475;0.5;0.55
,43,44,46,46,46,47,47,47,47,47
Fitness 45.3711, Gen ;0.5333;0.5;0.7778;0.6667;0.6667;0.5556;0.5918;0.6;0.625;0.6667;0.75;0.5;0.24;0.3;0.6667;0.4;0.4286;0.4;0.475;0.5;0.55
,44,44,44,45,45,46,46,46,47,48
Fitness 43.63253, Gen ;0.5333;0.5;0.7778;0.6667;0.6667;0.5556;0.5918;0.6;0.625;0.6667;0.75;0.5;0.24;0.3;0.6667;0.4;0.4286;0.4;0.475;0.5;0.55
,39,39,40,40,40,40,41,43,43,54
Fitness 51.48513, Gen ;0.5333;0.5;0.7778;0.6667;0.6667;0.5556;0.5918;0.6;0.625;0.6667;0.75;0.5;0.24;0.3;0.6667;0.4;0.4286;0.4;0.475;0.5;0.55
,41,41,41,41,42,42,43,43,43,43
Fitness 41.87658, Gen ;0.5333;0.5;0.7778;0.6667;0.6667;0.5556;0.5918;0.6;0.625;0.6667;0.75;0.5;0.24;0.3;0.6667;0.4;0.4286;0.4;0.475;0.5;0.55
,47,47,48,48,48,49,49,49,50,50
Fitness 31.29267, Gen ;0.5333;0.5;0.7778;0.6667;0.6667;0.5556;0.5918;0.6;0.625;0.6667;0.75;0.5;0.24;0.3;0.6667;0.4;0.4286;0.4;0.475;0.5;0.55
,40,40,40,40,41,41,42,43,43,71
Fitness 17.61765, Gen ;0.5333;0.5;0.7778;0.6667;0.6667;0.5556;0.5918;0.6;0.625;0.6667;0.75;0.5;0.24;0.3;0.6667;0.4;0.4286;0.4;0.475;0.5;0.55
,41,41,41,42,42,42,42,44,45,96
Fitness 26.99731, Gen ;0.5333;0.5;0.7778;0.6667;0.6667;0.5556;0.5918;0.6;0.625;0.6667;0.75;0.5;0.24;0.3;0.6667;0.4;0.4286;0.4;0.475;0.5;0.55
,41,41,41,41,42,43,44,44,45,77
Fitness 28.59799, Gen ;0.5333;0.5;0.7778;0.6667;0.6667;0.5556;0.5918;0.6;0.625;0.6667;0.75;0.5;0.24;0.3;0.6667;0.4;0.4286;0.4;0.475;0.5;0.55
,40,41,41,41,42,43,43,44,44,75
Fitness 45.93319, Gen ;0.5333;0.5;0.7778;0.6667;0.6667;0.5556;0.5918;0.6;0.625;0.6667;0.75;0.5;0.24;0.3;0.6667;0.4;0.4286;0.4;0.475;0.5;0.55
,44,44,45,45,45,46,46,47,47,47
Fitness 52.35352, Gen ;0.5333;0.5;0.7778;0.6667;0.6667;0.5556;0.5918;0.6;0.625;0.6667;0.75;0.5;0.24;0.3;0.6667;0.4;0.4286;0.4;0.475;0.5;0.55
,40,40,40,40,41,41,41,42,42,43
Fitness 42.81512, Gen ;0.5333;0.5;0.7778;0.6667;0.6667;0.5556;0.5918;0.6;0.625;0.6667;0.75;0.5;0.24;0.3;0.6667;0.4;0.4286;0.4;0.475;0.5;0.55
,46,46,46,47,47,47,48,48,48,50
Fitness 52.4213, Gen ;0.5333;0.5;0.7778;0.6667;0.6667;0.5556;0.5918;0.6;0.625;0.6667;0.75;0.5;0.24;0.3;0.6667;0.4;0.4286;0.4;0.475;0.5;0.55
,39,40,40,40,40,40,41,41,42,43
Fitness 45.18925, Gen ;0.5333;0.5;0.7778;0.6667;0.6667;0.5556;0.5918;0.6;0.625;0.6667;0.75;0.5;0.24;0.3;0.6667;0.4;0.4286;0.4;0.475;0.5;0.55
,45,46,46,46,46,46,47,47,47,48
Fitness 46.12999, Gen ;0.5333;0.5;0.7778;0.6667;0.6667;0.5556;0.5918;0.6;0.625;0.6667;0.75;0.5;0.24;0.3;0.6667;0.4;0.4286;0.4;0.475;0.5;0.55
,44,44,45,45,45,45,45,46,47,47
Fitness 33.21733, Gen ;0.5333;0.5;0.7778;0.6667;0.6667;0.5556;0.5918;0.6;0.625;0.6667;0.75;0.5;0.24;0.3;0.6667;0.4;0.4286;0.4;0.475;0.5;0.55
,45,45,45,45,46,46,46,47,49,65
