	25Ginelli ovc
	4 Voronoi ovcarjev
Fitness 117.8374, Gen ;0.5333;0.5;0.7778;0.6667;0.6667;0.5556;0.5918;0.6;0.625;0.6667;0.75;0.5;0.24;0.3;0.6667;0.4;0.4286;0.4;0.475;0.5;0.55
,43,43,43,43,44,44,44,44,44,44,44,44,44,44,44,45,45,45,45,45,45,45,45,45,46
Fitness 111.5497, Gen ;0.5333;0.5;0.7778;0.6667;0.6667;0.5556;0.5918;0.6;0.625;0.6667;0.75;0.5;0.24;0.3;0.6667;0.4;0.4286;0.4;0.475;0.5;0.55
,46,46,46,46,46,46,46,46,47,47,47,47,47,47,47,47,47,47,47,47,48,48,48,48,48
Fitness 82.13324, Gen ;0.5333;0.5;0.7778;0.6667;0.6667;0.5556;0.5918;0.6;0.625;0.6667;0.75;0.5;0.24;0.3;0.6667;0.4;0.4286;0.4;0.475;0.5;0.55
,54,54,55,55,55,55,55,55,55,55,55,55,55,55,56,56,56,56,56,56,56,56,56,57,58
Fitness 105.6376, Gen ;0.5333;0.5;0.7778;0.6667;0.6667;0.5556;0.5918;0.6;0.625;0.6667;0.75;0.5;0.24;0.3;0.6667;0.4;0.4286;0.4;0.475;0.5;0.55
,46,46,47,47,47,47,47,47,47,47,47,48,48,48,48,48,48,48,48,48,49,49,49,49,50
Fitness 93.1538, Gen ;0.5333;0.5;0.7778;0.6667;0.6667;0.5556;0.5918;0.6;0.625;0.6667;0.75;0.5;0.24;0.3;0.6667;0.4;0.4286;0.4;0.475;0.5;0.55
,50,50,50,50,51,51,51,51,51,51,51,51,51,51,51,51,51,51,51,52,52,52,52,53,54
Fitness 111.8725, Gen ;0.5333;0.5;0.7778;0.6667;0.6667;0.5556;0.5918;0.6;0.625;0.6667;0.75;0.5;0.24;0.3;0.6667;0.4;0.4286;0.4;0.475;0.5;0.55
,44,44,45,45,45,45,45,45,45,45,46,46,46,46,46,46,46,46,46,47,47,47,47,48,48
Fitness 119.9426, Gen ;0.5333;0.5;0.7778;0.6667;0.6667;0.5556;0.5918;0.6;0.625;0.6667;0.75;0.5;0.24;0.3;0.6667;0.4;0.4286;0.4;0.475;0.5;0.55
,42,42,42,42,42,42,43,43,43,43,43,43,43,43,43,43,44,44,44,44,44,44,44,45,45
Fitness 99.32972, Gen ;0.5333;0.5;0.7778;0.6667;0.6667;0.5556;0.5918;0.6;0.625;0.6667;0.75;0.5;0.24;0.3;0.6667;0.4;0.4286;0.4;0.475;0.5;0.55
,48,48,49,49,49,49,49,49,49,49,49,49,50,50,50,50,50,50,50,51,51,51,52,52,52
Fitness 73.3536, Gen ;0.5333;0.5;0.7778;0.6667;0.6667;0.5556;0.5918;0.6;0.625;0.6667;0.75;0.5;0.24;0.3;0.6667;0.4;0.4286;0.4;0.475;0.5;0.55
,52,52,52,52,53,53,53,53,53,53,53,53,53,53,53,53,53,53,53,53,53,54,55,65,67
Fitness 103.4175, Gen ;0.5333;0.5;0.7778;0.6667;0.6667;0.5556;0.5918;0.6;0.625;0.6667;0.75;0.5;0.24;0.3;0.6667;0.4;0.4286;0.4;0.475;0.5;0.55
,47,47,47,47,47,48,48,48,48,48,48,48,48,48,48,48,48,49,49,49,49,49,49,50,50
Fitness 106.1735, Gen ;0.5333;0.5;0.7778;0.6667;0.6667;0.5556;0.5918;0.6;0.625;0.6667;0.75;0.5;0.24;0.3;0.6667;0.4;0.4286;0.4;0.475;0.5;0.55
,47,47,47,47,48,48,48,48,48,48,48,48,49,49,49,49,49,49,49,49,49,49,49,50,50
Fitness 107.6579, Gen ;0.5333;0.5;0.7778;0.6667;0.6667;0.5556;0.5918;0.6;0.625;0.6667;0.75;0.5;0.24;0.3;0.6667;0.4;0.4286;0.4;0.475;0.5;0.55
,46,46,46,46,46,46,47,47,47,47,47,47,47,47,47,47,47,47,47,48,48,48,49,49,50
Fitness 107.8914, Gen ;0.5333;0.5;0.7778;0.6667;0.6667;0.5556;0.5918;0.6;0.625;0.6667;0.75;0.5;0.24;0.3;0.6667;0.4;0.4286;0.4;0.475;0.5;0.55
,45,46,46,46,46,46,46,46,46,46,46,46,46,47,47,47,47,47,47,47,47,48,48,48,49
Fitness 118.1091, Gen ;0.5333;0.5;0.7778;0.6667;0.6667;0.5556;0.5918;0.6;0.625;0.6667;0.75;0.5;0.24;0.3;0.6667;0.4;0.4286;0.4;0.475;0.5;0.55
,43,43,43,43,43,43,43,43,44,44,44,44,44,44,44,44,44,45,45,45,45,45,45,45,46
Fitness 114.1108, Gen ;0.5333;0.5;0.7778;0.6667;0.6667;0.5556;0.5918;0.6;0.625;0.6667;0.75;0.5;0.24;0.3;0.6667;0.4;0.4286;0.4;0.475;0.5;0.55
,45,45,45,45,45,45,45,45,45,45,46,46,46,46,46,46,46,46,46,46,46,47,47,48,48
Fitness 60.43423, Gen ;0.5333;0.5;0.7778;0.6667;0.6667;0.5556;0.5918;0.6;0.625;0.6667;0.75;0.5;0.24;0.3;0.6667;0.4;0.4286;0.4;0.475;0.5;0.55
,49,49,49,49,49,49,49,49,49,50,50,50,50,50,50,50,50,51,51,51,51,51,52,52,79
Fitness 112.3595, Gen ;0.5333;0.5;0.7778;0.6667;0.6667;0.5556;0.5918;0.6;0.625;0.6667;0.75;0.5;0.24;0.3;0.6667;0.4;0.4286;0.4;0.475;0.5;0.55
,45,45,45,45,45,46,46,46,46,46,46,46,46,46,46,47,47,47,47,47,47,47,47,48,48
Fitness 107.6279, Gen ;0.5333;0.5;0.7778;0.6667;0.6667;0.5556;0.5918;0.6;0.625;0.6667;0.75;0.5;0.24;0.3;0.6667;0.4;0.4286;0.4;0.475;0.5;0.55
,45,46,46,46,46,46,46,46,46,46,46,46,47,47,47,47,47,47,47,47,47,47,48,49,49
Fitness 100.1565, Gen ;0.5333;0.5;0.7778;0.6667;0.6667;0.5556;0.5918;0.6;0.625;0.6667;0.75;0.5;0.24;0.3;0.6667;0.4;0.4286;0.4;0.475;0.5;0.55
,49,49,49,49,49,49,49,49,49,50,50,50,50,50,50,50,50,50,50,50,51,51,51,52,52
Fitness 87.84476, Gen ;0.5333;0.5;0.7778;0.6667;0.6667;0.5556;0.5918;0.6;0.625;0.6667;0.75;0.5;0.24;0.3;0.6667;0.4;0.4286;0.4;0.475;0.5;0.55
,52,52,52,52,52,52,53,53,53,53,53,53,53,53,53,53,53,53,54,54,54,54,54,55,56
Fitness 106.2338, Gen ;0.5333;0.5;0.7778;0.6667;0.6667;0.5556;0.5918;0.6;0.625;0.6667;0.75;0.5;0.24;0.3;0.6667;0.4;0.4286;0.4;0.475;0.5;0.55
,46,46,47,47,47,47,47,47,47,47,47,47,47,47,47,48,48,48,48,48,48,48,48,48,49
Fitness 108.4475, Gen ;0.5333;0.5;0.7778;0.6667;0.6667;0.5556;0.5918;0.6;0.625;0.6667;0.75;0.5;0.24;0.3;0.6667;0.4;0.4286;0.4;0.475;0.5;0.55
,44,46,46,46,46,46,46,46,46,46,46,46,47,47,47,47,47,47,47,47,48,48,48,48,49
Fitness 78.53438, Gen ;0.5333;0.5;0.7778;0.6667;0.6667;0.5556;0.5918;0.6;0.625;0.6667;0.75;0.5;0.24;0.3;0.6667;0.4;0.4286;0.4;0.475;0.5;0.55
,48,48,49,49,49,49,49,49,49,49,49,50,50,50,50,50,50,50,50,51,51,52,52,52,66
Fitness 101.78, Gen ;0.5333;0.5;0.7778;0.6667;0.6667;0.5556;0.5918;0.6;0.625;0.6667;0.75;0.5;0.24;0.3;0.6667;0.4;0.4286;0.4;0.475;0.5;0.55
,47,47,47,47,48,48,48,48,48,48,49,49,49,49,49,49,49,50,50,50,50,50,50,50,51
Fitness 103.5424, Gen ;0.5333;0.5;0.7778;0.6667;0.6667;0.5556;0.5918;0.6;0.625;0.6667;0.75;0.5;0.24;0.3;0.6667;0.4;0.4286;0.4;0.475;0.5;0.55
,48,48,48,48,48,48,48,48,48,49,49,49,49,49,49,49,49,49,49,49,50,50,50,51,51
Fitness 93.17737, Gen ;0.5333;0.5;0.7778;0.6667;0.6667;0.5556;0.5918;0.6;0.625;0.6667;0.75;0.5;0.24;0.3;0.6667;0.4;0.4286;0.4;0.475;0.5;0.55
,51,51,51,51,51,51,51,51,51,52,52,52,52,52,52,52,52,52,52,52,52,52,53,53,54
Fitness 117.0745, Gen ;0.5333;0.5;0.7778;0.6667;0.6667;0.5556;0.5918;0.6;0.625;0.6667;0.75;0.5;0.24;0.3;0.6667;0.4;0.4286;0.4;0.475;0.5;0.55
,42,43,43,43,43,43,43,43,43,44,44,44,44,44,44,45,45,45,45,45,45,45,45,46,46
Fitness 109.0652, Gen ;0.5333;0.5;0.7778;0.6667;0.6667;0.5556;0.5918;0.6;0.625;0.6667;0.75;0.5;0.24;0.3;0.6667;0.4;0.4286;0.4;0.475;0.5;0.55
,46,46,46,46,46,46,47,47,47,47,47,47,47,47,47,47,47,47,48,48,48,48,48,49,49
Fitness 115.5843, Gen ;0.5333;0.5;0.7778;0.6667;0.6667;0.5556;0.5918;0.6;0.625;0.6667;0.75;0.5;0.24;0.3;0.6667;0.4;0.4286;0.4;0.475;0.5;0.55
,43,44,44,44,44,44,44,44,45,45,45,45,45,45,45,45,45,46,46,46,46,46,46,46,47
Fitness 110.1361, Gen ;0.5333;0.5;0.7778;0.6667;0.6667;0.5556;0.5918;0.6;0.625;0.6667;0.75;0.5;0.24;0.3;0.6667;0.4;0.4286;0.4;0.475;0.5;0.55
,45,45,45,46,46,46,46,46,46,46,46,46,47,47,47,47,47,47,47,47,47,47,48,48,48
Fitness 84.03738, Gen ;0.5333;0.5;0.7778;0.6667;0.6667;0.5556;0.5918;0.6;0.625;0.6667;0.75;0.5;0.24;0.3;0.6667;0.4;0.4286;0.4;0.475;0.5;0.55
,54,54,54,54,54,54,54,54,54,55,55,55,55,55,55,55,55,55,55,56,56,56,56,56,57
Fitness 130.3284, Gen ;0.5333;0.5;0.7778;0.6667;0.6667;0.5556;0.5918;0.6;0.625;0.6667;0.75;0.5;0.24;0.3;0.6667;0.4;0.4286;0.4;0.475;0.5;0.55
,39,39,39,40,40,40,40,40,40,40,40,40,41,41,41,41,41,41,41,41,42,42,42,43,43
Fitness 45.61306, Gen ;0.5333;0.5;0.7778;0.6667;0.6667;0.5556;0.5918;0.6;0.625;0.6667;0.75;0.5;0.24;0.3;0.6667;0.4;0.4286;0.4;0.475;0.5;0.55
,62,62,62,62,62,62,63,63,63,63,63,63,63,63,63,63,63,63,64,64,64,66,69,69,82
Fitness 102.9711, Gen ;0.5333;0.5;0.7778;0.6667;0.6667;0.5556;0.5918;0.6;0.625;0.6667;0.75;0.5;0.24;0.3;0.6667;0.4;0.4286;0.4;0.475;0.5;0.55
,48,48,48,48,48,48,48,48,48,49,49,49,49,49,49,49,49,49,49,50,50,50,50,51,51
Fitness 110.527, Gen ;0.5333;0.5;0.7778;0.6667;0.6667;0.5556;0.5918;0.6;0.625;0.6667;0.75;0.5;0.24;0.3;0.6667;0.4;0.4286;0.4;0.475;0.5;0.55
,46,46,46,46,46,46,46,46,46,46,46,46,46,46,46,46,47,47,47,47,47,47,48,48,48
Fitness 103.439, Gen ;0.5333;0.5;0.7778;0.6667;0.6667;0.5556;0.5918;0.6;0.625;0.6667;0.75;0.5;0.24;0.3;0.6667;0.4;0.4286;0.4;0.475;0.5;0.55
,47,47,48,48,48,48,48,48,48,48,48,48,48,49,49,49,49,49,49,49,49,49,50,50,51
Fitness 116.5711, Gen ;0.5333;0.5;0.7778;0.6667;0.6667;0.5556;0.5918;0.6;0.625;0.6667;0.75;0.5;0.24;0.3;0.6667;0.4;0.4286;0.4;0.475;0.5;0.55
,43,43,43,43,43,43,43,44,44,44,44,44,44,44,44,44,44,44,44,45,45,45,45,46,46
Fitness 117.5147, Gen ;0.5333;0.5;0.7778;0.6667;0.6667;0.5556;0.5918;0.6;0.625;0.6667;0.75;0.5;0.24;0.3;0.6667;0.4;0.4286;0.4;0.475;0.5;0.55
,43,43,43,43,43,43,43,44,44,44,44,44,44,44,44,44,44,45,45,45,45,45,46,46,46
Fitness 129.3351, Gen ;0.5333;0.5;0.7778;0.6667;0.6667;0.5556;0.5918;0.6;0.625;0.6667;0.75;0.5;0.24;0.3;0.6667;0.4;0.4286;0.4;0.475;0.5;0.55
,40,40,40,40,40,40,40,40,41,41,41,41,41,41,41,41,41,41,42,42,42,42,42,42,43
Fitness 97.09913, Gen ;0.5333;0.5;0.7778;0.6667;0.6667;0.5556;0.5918;0.6;0.625;0.6667;0.75;0.5;0.24;0.3;0.6667;0.4;0.4286;0.4;0.475;0.5;0.55
,49,49,49,49,49,49,49,49,50,50,50,50,50,50,50,50,50,51,51,51,51,51,51,52,53
