	25PopravljenStroembom ovc
	4 Voronoi ovcarjev
Fitness 65.72619, Gen ;0.5333;0.5;0.7778;0.6667;0.6667;0.5556;0.5918;0.6;0.625;0.6667;0.75;0.5;0.24;0.3;0.6667;0.4;0.4286;0.4;0.475;0.5;0.55
,61,61,61,62,62,62,62,62,62,62,62,62,62,62,62,63,63,63,63,63,63,64,64,64,64
Fitness 84.36674, Gen ;0.5333;0.5;0.7778;0.6667;0.6667;0.5556;0.5918;0.6;0.625;0.6667;0.75;0.5;0.24;0.3;0.6667;0.4;0.4286;0.4;0.475;0.5;0.55
,53,53,53,53,53,53,53,53,54,54,54,54,54,54,54,54,54,54,54,55,55,55,55,55,57
Fitness 76.99447, Gen ;0.5333;0.5;0.7778;0.6667;0.6667;0.5556;0.5918;0.6;0.625;0.6667;0.75;0.5;0.24;0.3;0.6667;0.4;0.4286;0.4;0.475;0.5;0.55
,57,57,57,57,57,58,58,58,58,58,59,59,59,59,59,59,59,59,59,59,59,59,59,59,60
Fitness 81.52723, Gen ;0.5333;0.5;0.7778;0.6667;0.6667;0.5556;0.5918;0.6;0.625;0.6667;0.75;0.5;0.24;0.3;0.6667;0.4;0.4286;0.4;0.475;0.5;0.55
,55,55,55,55,55,55,55,55,55,55,56,56,56,56,56,56,56,56,56,57,57,57,57,58,58
Fitness 74.40416, Gen ;0.5333;0.5;0.7778;0.6667;0.6667;0.5556;0.5918;0.6;0.625;0.6667;0.75;0.5;0.24;0.3;0.6667;0.4;0.4286;0.4;0.475;0.5;0.55
,49,50,50,50,50,50,50,50,50,51,51,51,51,51,51,51,51,51,51,51,52,52,52,52,68
Fitness 85.8771, Gen ;0.5333;0.5;0.7778;0.6667;0.6667;0.5556;0.5918;0.6;0.625;0.6667;0.75;0.5;0.24;0.3;0.6667;0.4;0.4286;0.4;0.475;0.5;0.55
,49,49,49,49,49,49,49,50,50,50,50,50,50,50,50,51,51,51,51,51,52,54,54,59,60
Fitness 88.34566, Gen ;0.5333;0.5;0.7778;0.6667;0.6667;0.5556;0.5918;0.6;0.625;0.6667;0.75;0.5;0.24;0.3;0.6667;0.4;0.4286;0.4;0.475;0.5;0.55
,52,52,53,53,53,53,53,53,53,53,53,54,54,54,54,54,54,54,54,54,54,55,55,55,55
Fitness 49.95551, Gen ;0.5333;0.5;0.7778;0.6667;0.6667;0.5556;0.5918;0.6;0.625;0.6667;0.75;0.5;0.24;0.3;0.6667;0.4;0.4286;0.4;0.475;0.5;0.55
,54,54,54,54,54,54,54,54,54,54,54,54,54,54,54,54,54,54,54,54,55,55,55,58,84
Fitness 76.85514, Gen ;0.5333;0.5;0.7778;0.6667;0.6667;0.5556;0.5918;0.6;0.625;0.6667;0.75;0.5;0.24;0.3;0.6667;0.4;0.4286;0.4;0.475;0.5;0.55
,56,56,56,56,56,56,57,57,57,57,57,57,57,57,58,58,58,58,58,58,59,59,59,59,60
Fitness 70.53728, Gen ;0.5333;0.5;0.7778;0.6667;0.6667;0.5556;0.5918;0.6;0.625;0.6667;0.75;0.5;0.24;0.3;0.6667;0.4;0.4286;0.4;0.475;0.5;0.55
,48,48,48,48,48,48,48,48,48,48,48,48,48,49,49,49,49,49,49,49,49,49,49,50,72
Fitness 88.33154, Gen ;0.5333;0.5;0.7778;0.6667;0.6667;0.5556;0.5918;0.6;0.625;0.6667;0.75;0.5;0.24;0.3;0.6667;0.4;0.4286;0.4;0.475;0.5;0.55
,53,53,53,53,53,53,53,53,53,53,53,53,53,54,54,54,54,54,54,54,54,54,54,54,54
Fitness 60.8755, Gen ;0.5333;0.5;0.7778;0.6667;0.6667;0.5556;0.5918;0.6;0.625;0.6667;0.75;0.5;0.24;0.3;0.6667;0.4;0.4286;0.4;0.475;0.5;0.55
,55,55,55,55,55,55,56,56,56,56,56,56,56,56,56,56,56,56,57,57,57,57,57,57,73
Fitness 81.01759, Gen ;0.5333;0.5;0.7778;0.6667;0.6667;0.5556;0.5918;0.6;0.625;0.6667;0.75;0.5;0.24;0.3;0.6667;0.4;0.4286;0.4;0.475;0.5;0.55
,56,56,56,56,56,56,56,56,56,56,56,56,57,57,57,57,57,57,57,57,57,58,58,58,58
Fitness 69.12319, Gen ;0.5333;0.5;0.7778;0.6667;0.6667;0.5556;0.5918;0.6;0.625;0.6667;0.75;0.5;0.24;0.3;0.6667;0.4;0.4286;0.4;0.475;0.5;0.55
,59,59,59,59,59,60,60,60,60,60,60,60,60,60,60,60,61,61,61,61,61,61,62,63,63
Fitness 108.2452, Gen ;0.5333;0.5;0.7778;0.6667;0.6667;0.5556;0.5918;0.6;0.625;0.6667;0.75;0.5;0.24;0.3;0.6667;0.4;0.4286;0.4;0.475;0.5;0.55
,46,47,47,47,47,47,47,47,47,47,47,47,48,48,48,48,48,48,48,48,48,48,48,48,48
Fitness 86.9284, Gen ;0.5333;0.5;0.7778;0.6667;0.6667;0.5556;0.5918;0.6;0.625;0.6667;0.75;0.5;0.24;0.3;0.6667;0.4;0.4286;0.4;0.475;0.5;0.55
,52,52,52,52,53,53,53,53,53,53,53,53,53,53,53,53,53,53,53,53,54,54,54,54,56
Fitness 103.2283, Gen ;0.5333;0.5;0.7778;0.6667;0.6667;0.5556;0.5918;0.6;0.625;0.6667;0.75;0.5;0.24;0.3;0.6667;0.4;0.4286;0.4;0.475;0.5;0.55
,48,48,48,49,49,49,49,49,49,49,49,49,49,49,49,49,49,49,50,50,50,50,50,50,50
Fitness 110.284, Gen ;0.5333;0.5;0.7778;0.6667;0.6667;0.5556;0.5918;0.6;0.625;0.6667;0.75;0.5;0.24;0.3;0.6667;0.4;0.4286;0.4;0.475;0.5;0.55
,46,46,46,46,46,46,47,47,47,47,47,47,47,47,47,47,47,47,47,47,48,48,48,48,48
Fitness 69.85149, Gen ;0.5333;0.5;0.7778;0.6667;0.6667;0.5556;0.5918;0.6;0.625;0.6667;0.75;0.5;0.24;0.3;0.6667;0.4;0.4286;0.4;0.475;0.5;0.55
,51,51,51,52,52,52,52,52,52,52,52,53,53,53,53,53,53,53,53,54,54,54,55,55,70
Fitness 56.08964, Gen ;0.5333;0.5;0.7778;0.6667;0.6667;0.5556;0.5918;0.6;0.625;0.6667;0.75;0.5;0.24;0.3;0.6667;0.4;0.4286;0.4;0.475;0.5;0.55
,66,66,66,66,67,67,67,67,67,67,67,67,67,67,67,67,67,68,68,68,68,68,68,68,68
Fitness 63.27858, Gen ;0.5333;0.5;0.7778;0.6667;0.6667;0.5556;0.5918;0.6;0.625;0.6667;0.75;0.5;0.24;0.3;0.6667;0.4;0.4286;0.4;0.475;0.5;0.55
,62,62,62,62,62,62,62,62,62,62,62,62,62,63,63,63,63,63,63,63,64,64,65,65,66
Fitness 105.9729, Gen ;0.5333;0.5;0.7778;0.6667;0.6667;0.5556;0.5918;0.6;0.625;0.6667;0.75;0.5;0.24;0.3;0.6667;0.4;0.4286;0.4;0.475;0.5;0.55
,48,48,48,48,48,48,48,48,48,48,48,48,48,48,48,48,48,48,48,49,49,49,49,49,49
Fitness 93.4291, Gen ;0.5333;0.5;0.7778;0.6667;0.6667;0.5556;0.5918;0.6;0.625;0.6667;0.75;0.5;0.24;0.3;0.6667;0.4;0.4286;0.4;0.475;0.5;0.55
,51,51,51,51,51,52,52,52,52,52,52,52,52,52,52,53,53,53,53,53,53,53,53,53,53
Fitness 75.39948, Gen ;0.5333;0.5;0.7778;0.6667;0.6667;0.5556;0.5918;0.6;0.625;0.6667;0.75;0.5;0.24;0.3;0.6667;0.4;0.4286;0.4;0.475;0.5;0.55
,57,57,57,57,57,57,57,57,57,57,57,57,57,57,57,58,58,58,58,58,58,58,58,60,60
Fitness 58.76027, Gen ;0.5333;0.5;0.7778;0.6667;0.6667;0.5556;0.5918;0.6;0.625;0.6667;0.75;0.5;0.24;0.3;0.6667;0.4;0.4286;0.4;0.475;0.5;0.55
,55,55,55,55,56,56,56,56,56,56,56,56,56,56,56,56,57,57,57,57,57,57,57,65,75
Fitness 46.75413, Gen ;0.5333;0.5;0.7778;0.6667;0.6667;0.5556;0.5918;0.6;0.625;0.6667;0.75;0.5;0.24;0.3;0.6667;0.4;0.4286;0.4;0.475;0.5;0.55
,69,70,70,70,70,70,70,70,70,70,71,71,71,71,71,71,71,71,72,72,72,72,72,74,75
Fitness 42.87189, Gen ;0.5333;0.5;0.7778;0.6667;0.6667;0.5556;0.5918;0.6;0.625;0.6667;0.75;0.5;0.24;0.3;0.6667;0.4;0.4286;0.4;0.475;0.5;0.55
,54,54,54,54,54,55,55,55,55,55,55,55,55,55,56,56,56,56,56,56,56,56,56,89,90
Fitness 89.0172, Gen ;0.5333;0.5;0.7778;0.6667;0.6667;0.5556;0.5918;0.6;0.625;0.6667;0.75;0.5;0.24;0.3;0.6667;0.4;0.4286;0.4;0.475;0.5;0.55
,52,52,52,52,52,52,52,53,53,53,53,53,53,53,53,53,53,53,53,53,54,54,54,54,56
Fitness 103.8263, Gen ;0.5333;0.5;0.7778;0.6667;0.6667;0.5556;0.5918;0.6;0.625;0.6667;0.75;0.5;0.24;0.3;0.6667;0.4;0.4286;0.4;0.475;0.5;0.55
,48,48,48,48,48,48,49,49,49,49,49,49,49,49,49,49,49,49,50,50,50,50,50,50,50
Fitness 29.11015, Gen ;0.5333;0.5;0.7778;0.6667;0.6667;0.5556;0.5918;0.6;0.625;0.6667;0.75;0.5;0.24;0.3;0.6667;0.4;0.4286;0.4;0.475;0.5;0.55
,52,52,52,53,53,53,53,53,53,53,54,54,54,54,54,54,54,54,54,54,54,54,54,105,105
Fitness 47.65754, Gen ;0.5333;0.5;0.7778;0.6667;0.6667;0.5556;0.5918;0.6;0.625;0.6667;0.75;0.5;0.24;0.3;0.6667;0.4;0.4286;0.4;0.475;0.5;0.55
,57,57,57,57,57,57,57,58,58,58,58,58,58,58,58,58,58,58,59,59,59,59,59,60,84
Fitness 75.75555, Gen ;0.5333;0.5;0.7778;0.6667;0.6667;0.5556;0.5918;0.6;0.625;0.6667;0.75;0.5;0.24;0.3;0.6667;0.4;0.4286;0.4;0.475;0.5;0.55
,58,58,58,58,58,59,59,59,59,59,59,59,59,59,59,59,59,59,59,59,60,60,60,60,60
Fitness 99.83528, Gen ;0.5333;0.5;0.7778;0.6667;0.6667;0.5556;0.5918;0.6;0.625;0.6667;0.75;0.5;0.24;0.3;0.6667;0.4;0.4286;0.4;0.475;0.5;0.55
,49,49,49,49,49,49,49,49,49,49,49,50,50,50,50,50,50,50,50,50,51,51,51,51,51
Fitness 111.4969, Gen ;0.5333;0.5;0.7778;0.6667;0.6667;0.5556;0.5918;0.6;0.625;0.6667;0.75;0.5;0.24;0.3;0.6667;0.4;0.4286;0.4;0.475;0.5;0.55
,46,46,46,46,46,46,46,46,46,46,46,46,46,46,46,46,46,47,47,47,47,47,47,47,48
Fitness 18.94312, Gen ;0.5333;0.5;0.7778;0.6667;0.6667;0.5556;0.5918;0.6;0.625;0.6667;0.75;0.5;0.24;0.3;0.6667;0.4;0.4286;0.4;0.475;0.5;0.55
,53,54,54,54,55,57,97,97,98,98,98,98,98,99,99,100,100,100,100,100,100,100,100,101,101
Fitness 92.02374, Gen ;0.5333;0.5;0.7778;0.6667;0.6667;0.5556;0.5918;0.6;0.625;0.6667;0.75;0.5;0.24;0.3;0.6667;0.4;0.4286;0.4;0.475;0.5;0.55
,51,51,51,51,52,52,52,52,52,52,52,52,52,52,52,52,52,53,53,53,53,53,54,54,54
Fitness 69.41689, Gen ;0.5333;0.5;0.7778;0.6667;0.6667;0.5556;0.5918;0.6;0.625;0.6667;0.75;0.5;0.24;0.3;0.6667;0.4;0.4286;0.4;0.475;0.5;0.55
,60,60,60,60,60,60,60,60,60,60,60,61,61,61,61,61,61,61,61,61,61,62,62,62,62
Fitness 85.82382, Gen ;0.5333;0.5;0.7778;0.6667;0.6667;0.5556;0.5918;0.6;0.625;0.6667;0.75;0.5;0.24;0.3;0.6667;0.4;0.4286;0.4;0.475;0.5;0.55
,45,45,45,45,45,45,46,46,46,46,46,46,46,46,46,46,46,46,47,47,47,47,62,62,63
Fitness 90.84229, Gen ;0.5333;0.5;0.7778;0.6667;0.6667;0.5556;0.5918;0.6;0.625;0.6667;0.75;0.5;0.24;0.3;0.6667;0.4;0.4286;0.4;0.475;0.5;0.55
,52,52,52,52,52,52,52,53,53,53,53,53,53,53,53,53,53,53,53,54,54,54,54,54,54
Fitness 84.0102, Gen ;0.5333;0.5;0.7778;0.6667;0.6667;0.5556;0.5918;0.6;0.625;0.6667;0.75;0.5;0.24;0.3;0.6667;0.4;0.4286;0.4;0.475;0.5;0.55
,53,53,53,54,54,54,54,54,54,54,54,55,55,55,55,55,55,55,55,55,55,55,55,57,58
