	25 Stroembomovih ovc
	1 Voronoi ovcarjev


100,100,100,100,100,101,101,101,101,101,101,101,101,101,101,101,101,102,102,102,102,102,102,102,102


104,105,105,105,105,105,105,106,106,106,106,106,106,106,106,106,106,106,106,107,107,107,107,107,107


139,139,139,139,140,140,140,140,140,140,140,140,140,140,140,140,140,141,141,141,141,141,141,141
134,134,134,134,134,134,134,135,135,135,135,135,135,135,135,135,135,135,135,136,136,136,136,136,136








93,93,94,94,94,94,94,94,94,94,94,95,95,95,95,95,95,95,95,96,96,96,96,96,96

158,159,159,159,159,159,159,159,160,160,160,160,160,160,160,160,160,160,160,160,160,160,161,161,161

158,159,159,159,159,159,160,162,163,166,167,168,174,176

157,158,158,158,158,158,159,159,159,159,159,159,159,160,160,161,161,161,177,178,178,178,179,179,179

157,157,158,158,158,158,158,158,158,158,159,159,159,159,159,159,159,159,159,159,159,159,160,160,160
34
97,97,98,98,98,98,98,98,98,98,99,99,99,99,99,99,99,99,99,99,99,99,100,100,132
84,98,99,99,99,99,99,100,100,100,100,100,100,100,100,100,100,100,100,101,101,101,101,101,101
101,102,102,102,102,103,103,103,103,103,103,103,103,103,103,103,103,103,103,104,104,104,104,104,104
111,111,112,112,112,112,112,112,112,112,112,112,112,112,113,113,113,113,113,113,113,113,113,113,113


112,113,113,113,113,113,113,113,113,113,114,114,114,114,114,114,114,114,114,114,114,114,115,115,115
100,101,101,101,101,101,101,101,101,101,102,102,102,102,102,102,102,102,102,102,103,103,103,103,103


172,173,173,173,173,173,173,174,174,174,174,174,174,174,174,174,174,174,174,174,174,175,175,175,175
108,108,109,109,109,109,109,110,110,110,110,110,110,110,110,110,110,110,110,111,111,111,111,111,111
96,96,96,97,97,97,97,97,97,97,97,97,97,97,97,98,98,98,98,98,98,98,98,98,98
86,86,86,87,87,87,87,87,87,87,87,87,87,88,88,88,88,88,88,88,89,89,89,89,89

151,152,152,152,152,152,152,152,152,153,153,153,153,153,153,153,153,153,153,153,153,154,154,154,154
