	25Ginelli ovc
	4 AI1 ovcarjev
Fitness 109.2427, Gen ;0.984;0.8855;0.7761;0.4003;0.0361;0.0832;0.2523;0.283;0.6044;0.2526;0.2958;0.3526;0.0198;0.2961;0.6648;0.989;0.0035;0.4538;0.074;0.0635;0.2721
,40,40,40,40,40,40,40,40,40,40,41,41,41,41,41,41,41,41,42,42,43,43,43,43,45
Fitness 115.5471, Gen ;0.984;0.8855;0.7761;0.4003;0.0361;0.0832;0.2523;0.283;0.6044;0.2526;0.2958;0.3526;0.0198;0.2961;0.6648;0.989;0.0035;0.4538;0.074;0.0635;0.2721
,45,45,45,45,45,45,45,45,45,45,45,46,46,46,46,46,46,46,46,47,48,48,49,49,61
Fitness 116.0958, Gen ;0.984;0.8855;0.7761;0.4003;0.0361;0.0832;0.2523;0.283;0.6044;0.2526;0.2958;0.3526;0.0198;0.2961;0.6648;0.989;0.0035;0.4538;0.074;0.0635;0.2721
,48,48,48,48,48,49,49,49,49,49,49,49,49,49,49,49,49,49,49,50,51,51,51,51,52
Fitness 117.3297, Gen ;0.984;0.8855;0.7761;0.4003;0.0361;0.0832;0.2523;0.283;0.6044;0.2526;0.2958;0.3526;0.0198;0.2961;0.6648;0.989;0.0035;0.4538;0.074;0.0635;0.2721
,37,38,38,38,38,38,38,38,38,38,38,38,38,38,39,39,39,39,40,40,41,41,41,41,42
Fitness 123.3552, Gen ;0.984;0.8855;0.7761;0.4003;0.0361;0.0832;0.2523;0.283;0.6044;0.2526;0.2958;0.3526;0.0198;0.2961;0.6648;0.989;0.0035;0.4538;0.074;0.0635;0.2721
,42,42,42,42,42,42,43,43,43,43,43,43,43,43,43,43,43,44,44,44,44,44,45,45,46
Fitness 125.0019, Gen ;0.984;0.8855;0.7761;0.4003;0.0361;0.0832;0.2523;0.283;0.6044;0.2526;0.2958;0.3526;0.0198;0.2961;0.6648;0.989;0.0035;0.4538;0.074;0.0635;0.2721
,44,44,44,45,45,45,45,45,45,45,45,45,45,46,46,46,46,46,48,48,48,48,48,48,49
Fitness 90.65989, Gen ;0.984;0.8855;0.7761;0.4003;0.0361;0.0832;0.2523;0.283;0.6044;0.2526;0.2958;0.3526;0.0198;0.2961;0.6648;0.989;0.0035;0.4538;0.074;0.0635;0.2721
,42,42,42,43,43,43,43,43,43,43,43,43,43,43,43,43,43,44,44,45,45,45,46,46,47
Fitness 98.67136, Gen ;0.984;0.8855;0.7761;0.4003;0.0361;0.0832;0.2523;0.283;0.6044;0.2526;0.2958;0.3526;0.0198;0.2961;0.6648;0.989;0.0035;0.4538;0.074;0.0635;0.2721
,44,44,44,44,44,44,44,44,45,45,45,45,45,45,45,45,46,46,46,47,47,47,47,48,48
Fitness 137.7104, Gen ;0.984;0.8855;0.7761;0.4003;0.0361;0.0832;0.2523;0.283;0.6044;0.2526;0.2958;0.3526;0.0198;0.2961;0.6648;0.989;0.0035;0.4538;0.074;0.0635;0.2721
,46,46,46,46,46,46,46,47,47,47,47,47,47,47,47,47,47,47,47,47,48,49,49,50,50
Fitness 121.2533, Gen ;0.984;0.8855;0.7761;0.4003;0.0361;0.0832;0.2523;0.283;0.6044;0.2526;0.2958;0.3526;0.0198;0.2961;0.6648;0.989;0.0035;0.4538;0.074;0.0635;0.2721
,51,51,51,51,51,51,51,52,52,52,52,52,52,52,52,52,52,52,53,53,54,54,54,55,68
Fitness 111.5053, Gen ;0.984;0.8855;0.7761;0.4003;0.0361;0.0832;0.2523;0.283;0.6044;0.2526;0.2958;0.3526;0.0198;0.2961;0.6648;0.989;0.0035;0.4538;0.074;0.0635;0.2721
,43,43,43,44,44,44,44,44,44,44,44,44,44,44,44,44,45,45,45,45,46,47,47,48,58
Fitness 116.8719, Gen ;0.984;0.8855;0.7761;0.4003;0.0361;0.0832;0.2523;0.283;0.6044;0.2526;0.2958;0.3526;0.0198;0.2961;0.6648;0.989;0.0035;0.4538;0.074;0.0635;0.2721
,45,45,45,45,45,45,45,46,46,46,46,46,46,46,46,46,46,46,47,48,48,48,49,49,49
Fitness 113.7277, Gen ;0.984;0.8855;0.7761;0.4003;0.0361;0.0832;0.2523;0.283;0.6044;0.2526;0.2958;0.3526;0.0198;0.2961;0.6648;0.989;0.0035;0.4538;0.074;0.0635;0.2721
,47,47,47,47,47,48,48,48,48,48,48,48,48,49,49,49,49,49,49,49,50,52,52,57,58
Fitness 107.4186, Gen ;0.984;0.8855;0.7761;0.4003;0.0361;0.0832;0.2523;0.283;0.6044;0.2526;0.2958;0.3526;0.0198;0.2961;0.6648;0.989;0.0035;0.4538;0.074;0.0635;0.2721
,46,46,46,46,46,46,46,46,46,47,47,47,47,47,47,47,47,47,47,47,48,48,49,50,50
Fitness 74.0565, Gen ;0.984;0.8855;0.7761;0.4003;0.0361;0.0832;0.2523;0.283;0.6044;0.2526;0.2958;0.3526;0.0198;0.2961;0.6648;0.989;0.0035;0.4538;0.074;0.0635;0.2721
,50,50,50,50,50,50,50,50,50,50,50,50,50,50,50,50,52,53,53,53,53,53,54,55,64
Fitness 96.66467, Gen ;0.984;0.8855;0.7761;0.4003;0.0361;0.0832;0.2523;0.283;0.6044;0.2526;0.2958;0.3526;0.0198;0.2961;0.6648;0.989;0.0035;0.4538;0.074;0.0635;0.2721
,49,49,49,49,49,50,50,50,50,50,50,50,50,50,50,50,50,50,51,52,52,52,53,53,53
Fitness 111.0601, Gen ;0.984;0.8855;0.7761;0.4003;0.0361;0.0832;0.2523;0.283;0.6044;0.2526;0.2958;0.3526;0.0198;0.2961;0.6648;0.989;0.0035;0.4538;0.074;0.0635;0.2721
,49,49,49,49,49,49,49,49,49,49,49,50,50,50,50,50,50,50,50,50,51,52,52,52,53
Fitness 90.45875, Gen ;0.984;0.8855;0.7761;0.4003;0.0361;0.0832;0.2523;0.283;0.6044;0.2526;0.2958;0.3526;0.0198;0.2961;0.6648;0.989;0.0035;0.4538;0.074;0.0635;0.2721
,49,49,49,50,50,50,50,50,50,50,50,50,50,50,50,50,50,51,51,51,51,53,53,53,65
Fitness 107.7747, Gen ;0.984;0.8855;0.7761;0.4003;0.0361;0.0832;0.2523;0.283;0.6044;0.2526;0.2958;0.3526;0.0198;0.2961;0.6648;0.989;0.0035;0.4538;0.074;0.0635;0.2721
,48,48,48,48,48,48,48,48,49,49,49,49,49,49,49,49,49,50,50,51,52,52,52,52,57
Fitness 79.73924, Gen ;0.984;0.8855;0.7761;0.4003;0.0361;0.0832;0.2523;0.283;0.6044;0.2526;0.2958;0.3526;0.0198;0.2961;0.6648;0.989;0.0035;0.4538;0.074;0.0635;0.2721
,43,43,43,43,43,43,43,43,44,44,44,44,44,44,44,44,44,44,45,46,46,46,46,47,58
Fitness 96.27447, Gen ;0.984;0.8855;0.7761;0.4003;0.0361;0.0832;0.2523;0.283;0.6044;0.2526;0.2958;0.3526;0.0198;0.2961;0.6648;0.989;0.0035;0.4538;0.074;0.0635;0.2721
,45,45,45,45,45,45,45,45,45,46,46,46,46,46,46,46,46,46,46,47,47,48,49,49,57
Fitness 96.72443, Gen ;0.984;0.8855;0.7761;0.4003;0.0361;0.0832;0.2523;0.283;0.6044;0.2526;0.2958;0.3526;0.0198;0.2961;0.6648;0.989;0.0035;0.4538;0.074;0.0635;0.2721
,50,50,50,50,50,50,50,50,50,50,50,50,50,51,51,51,51,51,51,51,53,53,54,54,64
Fitness 79.14194, Gen ;0.984;0.8855;0.7761;0.4003;0.0361;0.0832;0.2523;0.283;0.6044;0.2526;0.2958;0.3526;0.0198;0.2961;0.6648;0.989;0.0035;0.4538;0.074;0.0635;0.2721
,45,45,45,45,45,46,46,46,46,46,46,46,46,46,46,46,46,46,47,48,49,49,49,49,58
Fitness 90.89748, Gen ;0.984;0.8855;0.7761;0.4003;0.0361;0.0832;0.2523;0.283;0.6044;0.2526;0.2958;0.3526;0.0198;0.2961;0.6648;0.989;0.0035;0.4538;0.074;0.0635;0.2721
,43,43,43,44,44,44,44,44,44,44,44,44,44,44,44,44,44,44,45,45,45,45,47,47,48
Fitness 96.17881, Gen ;0.984;0.8855;0.7761;0.4003;0.0361;0.0832;0.2523;0.283;0.6044;0.2526;0.2958;0.3526;0.0198;0.2961;0.6648;0.989;0.0035;0.4538;0.074;0.0635;0.2721
,41,41,41,41,41,41,41,42,42,42,42,42,42,42,42,42,42,42,43,43,44,44,45,45,45
Fitness 97.7379, Gen ;0.984;0.8855;0.7761;0.4003;0.0361;0.0832;0.2523;0.283;0.6044;0.2526;0.2958;0.3526;0.0198;0.2961;0.6648;0.989;0.0035;0.4538;0.074;0.0635;0.2721
,43,43,44,44,44,44,44,44,44,44,44,44,45,45,45,45,45,45,46,46,47,47,48,48,59
Fitness 79.12963, Gen ;0.984;0.8855;0.7761;0.4003;0.0361;0.0832;0.2523;0.283;0.6044;0.2526;0.2958;0.3526;0.0198;0.2961;0.6648;0.989;0.0035;0.4538;0.074;0.0635;0.2721
,46,46,46,46,46,46,46,46,46,46,46,47,47,47,47,47,47,47,47,49,50,50,50,50,50
Fitness 95.27277, Gen ;0.984;0.8855;0.7761;0.4003;0.0361;0.0832;0.2523;0.283;0.6044;0.2526;0.2958;0.3526;0.0198;0.2961;0.6648;0.989;0.0035;0.4538;0.074;0.0635;0.2721
,47,47,47,47,47,47,48,48,48,48,48,48,48,48,48,48,49,50,50,50,50,51,51,52,61
Fitness 116.3341, Gen ;0.984;0.8855;0.7761;0.4003;0.0361;0.0832;0.2523;0.283;0.6044;0.2526;0.2958;0.3526;0.0198;0.2961;0.6648;0.989;0.0035;0.4538;0.074;0.0635;0.2721
,43,43,43,43,43,43,43,43,43,43,44,44,44,44,44,44,44,44,44,45,46,46,47,47,47
Fitness 125.9648, Gen ;0.984;0.8855;0.7761;0.4003;0.0361;0.0832;0.2523;0.283;0.6044;0.2526;0.2958;0.3526;0.0198;0.2961;0.6648;0.989;0.0035;0.4538;0.074;0.0635;0.2721
,49,49,49,49,49,49,50,50,50,50,50,50,50,50,50,50,50,50,50,51,51,53,53,53,54
Fitness 94.34345, Gen ;0.984;0.8855;0.7761;0.4003;0.0361;0.0832;0.2523;0.283;0.6044;0.2526;0.2958;0.3526;0.0198;0.2961;0.6648;0.989;0.0035;0.4538;0.074;0.0635;0.2721
,41,41,41,41,41,42,42,42,42,42,42,42,42,42,42,43,43,43,43,44,44,44,45,45,45
Fitness 106.7222, Gen ;0.984;0.8855;0.7761;0.4003;0.0361;0.0832;0.2523;0.283;0.6044;0.2526;0.2958;0.3526;0.0198;0.2961;0.6648;0.989;0.0035;0.4538;0.074;0.0635;0.2721
,40,40,40,40,41,41,41,41,41,41,41,41,41,41,41,41,42,42,42,43,43,43,44,45,53
Fitness 87.41227, Gen ;0.984;0.8855;0.7761;0.4003;0.0361;0.0832;0.2523;0.283;0.6044;0.2526;0.2958;0.3526;0.0198;0.2961;0.6648;0.989;0.0035;0.4538;0.074;0.0635;0.2721
,46,46,47,47,47,47,47,47,47,47,47,47,47,48,48,48,48,48,48,48,48,49,49,49,52
Fitness 118.373, Gen ;0.984;0.8855;0.7761;0.4003;0.0361;0.0832;0.2523;0.283;0.6044;0.2526;0.2958;0.3526;0.0198;0.2961;0.6648;0.989;0.0035;0.4538;0.074;0.0635;0.2721
,50,50,50,50,50,50,50,50,50,51,51,51,51,51,51,51,51,51,51,52,53,53,54,54,54
Fitness 96.30477, Gen ;0.984;0.8855;0.7761;0.4003;0.0361;0.0832;0.2523;0.283;0.6044;0.2526;0.2958;0.3526;0.0198;0.2961;0.6648;0.989;0.0035;0.4538;0.074;0.0635;0.2721
,47,47,47,47,47,47,47,47,47,47,47,47,47,48,48,48,48,48,48,49,49,50,51,52,64
Fitness 124.2126, Gen ;0.984;0.8855;0.7761;0.4003;0.0361;0.0832;0.2523;0.283;0.6044;0.2526;0.2958;0.3526;0.0198;0.2961;0.6648;0.989;0.0035;0.4538;0.074;0.0635;0.2721
,50,50,50,50,50,50,50,50,50,50,50,51,51,51,51,51,51,51,51,51,52,53,53,53,54
Fitness 111.9288, Gen ;0.984;0.8855;0.7761;0.4003;0.0361;0.0832;0.2523;0.283;0.6044;0.2526;0.2958;0.3526;0.0198;0.2961;0.6648;0.989;0.0035;0.4538;0.074;0.0635;0.2721
,40,41,41,41,41,41,41,41,41,41,41,41,41,41,41,42,42,42,42,42,42,43,44,44,44
Fitness 103.2056, Gen ;0.984;0.8855;0.7761;0.4003;0.0361;0.0832;0.2523;0.283;0.6044;0.2526;0.2958;0.3526;0.0198;0.2961;0.6648;0.989;0.0035;0.4538;0.074;0.0635;0.2721
,44,44,44,44,44,44,45,45,45,45,45,45,45,45,45,45,45,45,46,46,46,47,47,48,48
Fitness 95.41003, Gen ;0.984;0.8855;0.7761;0.4003;0.0361;0.0832;0.2523;0.283;0.6044;0.2526;0.2958;0.3526;0.0198;0.2961;0.6648;0.989;0.0035;0.4538;0.074;0.0635;0.2721
,45,45,46,46,46,46,46,46,46,46,46,46,46,46,47,47,47,47,48,48,49,49,49,49,49
Fitness 84.45837, Gen ;0.984;0.8855;0.7761;0.4003;0.0361;0.0832;0.2523;0.283;0.6044;0.2526;0.2958;0.3526;0.0198;0.2961;0.6648;0.989;0.0035;0.4538;0.074;0.0635;0.2721
,44,44,44,44,44,44,44,45,45,45,45,45,45,45,45,45,45,46,46,47,47,47,48,48,48
