	100Ginelli ovc
	3 AI1 ovcarjev
Fitness 445.0865, Gen ;0.8849;0.1357;0.8953;0.4586;0.5848;0.977;0.0532;0.6008;0.8901;0.572;0.3256;0.2091;0.1838;0.4274;0.8229;0.6418;0.1936;0.1576;0.8874;0.0875;0.4711
,44,44,44,44,44,44,44,44,44,44,44,44,44,44,44,44,44,44,45,45,45,45,45,45,45,45,45,45,45,45,45,45,45,45,45,45,45,45,45,45,45,45,45,45,45,45,45,45,45,45,45,45,45,45,45,45,45,45,45,46,46,46,46,46,46,46,46,46,46,46,46,46,46,46,46,46,46,46,46,46,46,46,46,46,46,46,46,47,47,47,47,47,47,47,47,47,47,47,47,48
Fitness 446.1259, Gen ;0.8849;0.1357;0.8953;0.4586;0.5848;0.977;0.0532;0.6008;0.8901;0.572;0.3256;0.2091;0.1838;0.4274;0.8229;0.6418;0.1936;0.1576;0.8874;0.0875;0.4711
,46,46,46,47,47,47,47,47,47,47,47,47,47,47,47,47,47,47,47,47,47,47,47,47,47,47,47,47,47,47,47,47,47,47,47,47,47,47,47,47,47,47,47,48,48,48,48,48,48,48,48,48,48,48,48,48,48,48,48,48,48,48,48,48,48,48,48,48,48,48,48,48,48,48,48,48,48,48,48,48,48,49,49,49,49,49,49,49,49,49,49,49,49,49,49,49,49,49,50,50
Fitness 446.1513, Gen ;0.8849;0.1357;0.8953;0.4586;0.5848;0.977;0.0532;0.6008;0.8901;0.572;0.3256;0.2091;0.1838;0.4274;0.8229;0.6418;0.1936;0.1576;0.8874;0.0875;0.4711
,49,49,49,49,49,49,49,49,49,49,49,49,49,49,49,49,49,49,49,49,49,49,49,49,49,49,49,49,50,50,50,50,50,50,50,50,50,50,50,50,50,50,50,50,50,50,50,50,50,50,50,50,50,50,50,50,50,50,50,50,50,50,50,50,50,50,50,50,51,51,51,51,51,51,51,51,51,51,51,51,51,51,51,51,51,51,51,51,51,51,51,51,51,51,51,52,52,52,53,66
Fitness 447.1612, Gen ;0.8849;0.1357;0.8953;0.4586;0.5848;0.977;0.0532;0.6008;0.8901;0.572;0.3256;0.2091;0.1838;0.4274;0.8229;0.6418;0.1936;0.1576;0.8874;0.0875;0.4711
,48,48,48,48,48,48,48,48,48,48,48,48,48,48,48,48,48,48,48,48,48,48,48,48,49,49,49,49,49,49,49,49,49,49,49,49,49,49,49,49,49,49,49,49,49,49,49,49,49,49,49,49,49,49,49,49,49,49,49,49,49,49,49,49,49,49,49,50,50,50,50,50,50,50,50,50,50,50,50,50,50,50,50,50,50,50,50,50,50,50,50,50,50,50,51,51,51,51,52,52
Fitness 452.1139, Gen ;0.8849;0.1357;0.8953;0.4586;0.5848;0.977;0.0532;0.6008;0.8901;0.572;0.3256;0.2091;0.1838;0.4274;0.8229;0.6418;0.1936;0.1576;0.8874;0.0875;0.4711
,46,46,46,46,46,46,46,46,46,46,46,46,46,46,46,46,46,46,46,46,46,47,47,47,47,47,47,47,47,47,47,47,47,47,47,47,47,47,47,47,47,47,47,47,47,47,47,47,47,47,47,47,47,47,47,47,47,48,48,48,48,48,48,48,48,48,48,48,48,48,48,48,48,48,48,48,48,48,48,48,48,48,48,48,48,48,48,48,48,48,48,48,49,49,49,49,49,49,49,50
Fitness 449.2956, Gen ;0.8849;0.1357;0.8953;0.4586;0.5848;0.977;0.0532;0.6008;0.8901;0.572;0.3256;0.2091;0.1838;0.4274;0.8229;0.6418;0.1936;0.1576;0.8874;0.0875;0.4711
,43,43,43,43,43,44,44,44,44,44,44,44,44,44,44,44,44,44,44,44,44,44,44,44,44,44,44,44,44,44,44,44,44,44,44,44,44,44,44,44,44,44,44,44,44,44,45,45,45,45,45,45,45,45,45,45,45,45,45,45,45,45,45,45,45,45,45,45,45,45,45,45,45,45,45,45,45,45,45,45,45,45,45,45,45,45,46,46,46,46,46,46,46,46,46,46,46,47,47,47
Fitness 412.4202, Gen ;0.8849;0.1357;0.8953;0.4586;0.5848;0.977;0.0532;0.6008;0.8901;0.572;0.3256;0.2091;0.1838;0.4274;0.8229;0.6418;0.1936;0.1576;0.8874;0.0875;0.4711
,49,50,50,50,50,50,50,50,50,50,50,50,50,50,50,50,50,50,50,50,50,50,50,50,50,50,50,50,50,50,50,50,50,50,50,51,51,51,51,51,51,51,51,51,51,51,51,51,51,51,51,51,51,51,51,51,51,51,51,51,51,51,51,51,51,51,51,51,51,51,51,52,52,52,52,52,52,52,52,52,52,52,52,52,52,52,52,52,52,52,52,52,52,52,52,52,53,53,53,79
Fitness 311.2341, Gen ;0.8849;0.1357;0.8953;0.4586;0.5848;0.977;0.0532;0.6008;0.8901;0.572;0.3256;0.2091;0.1838;0.4274;0.8229;0.6418;0.1936;0.1576;0.8874;0.0875;0.4711
,48,48,48,48,48,48,48,48,48,48,48,48,48,48,48,48,48,48,48,48,48,49,49,49,49,49,49,49,49,49,49,49,49,49,49,49,49,49,49,49,49,49,49,49,49,49,49,49,50,50,50,50,50,50,50,50,50,50,50,50,50,50,50,50,50,50,50,50,50,50,50,50,50,50,50,50,50,50,50,50,50,50,50,50,50,51,51,51,51,51,51,51,51,51,51,51,51,52,52,52
Fitness 393.8028, Gen ;0.8849;0.1357;0.8953;0.4586;0.5848;0.977;0.0532;0.6008;0.8901;0.572;0.3256;0.2091;0.1838;0.4274;0.8229;0.6418;0.1936;0.1576;0.8874;0.0875;0.4711
,48,48,48,48,48,48,48,48,48,48,48,48,48,48,48,49,49,49,49,49,49,49,49,49,49,49,49,49,49,49,49,49,49,49,49,49,49,49,49,49,49,49,49,49,49,49,49,49,49,49,49,49,49,49,49,49,49,49,49,50,50,50,50,50,50,50,50,50,50,50,50,50,50,50,50,50,50,50,50,50,50,50,50,50,50,50,50,50,50,50,50,51,51,51,51,51,51,51,52,52
Fitness 423.7476, Gen ;0.8849;0.1357;0.8953;0.4586;0.5848;0.977;0.0532;0.6008;0.8901;0.572;0.3256;0.2091;0.1838;0.4274;0.8229;0.6418;0.1936;0.1576;0.8874;0.0875;0.4711
,49,50,50,50,50,50,50,50,50,50,50,50,50,50,50,50,50,50,50,50,50,50,50,50,50,50,50,51,51,51,51,51,51,51,51,51,51,51,51,51,51,51,51,51,51,51,51,51,51,51,51,51,51,51,51,51,51,51,51,51,52,52,52,52,52,52,52,52,52,52,52,52,52,52,52,52,52,52,52,52,52,52,52,52,52,52,52,52,52,52,52,52,53,53,53,53,53,53,53,55
Fitness 459.8748, Gen ;0.8849;0.1357;0.8953;0.4586;0.5848;0.977;0.0532;0.6008;0.8901;0.572;0.3256;0.2091;0.1838;0.4274;0.8229;0.6418;0.1936;0.1576;0.8874;0.0875;0.4711
,45,45,45,45,45,46,46,46,46,46,46,46,46,46,46,46,46,46,46,46,46,46,46,46,46,46,46,46,46,46,46,46,46,46,46,46,46,46,46,46,46,46,46,46,46,46,46,46,46,46,46,46,46,46,46,46,47,47,47,47,47,47,47,47,47,47,47,47,47,47,47,47,47,47,47,47,47,47,47,47,47,47,47,47,47,47,47,47,47,47,47,48,48,48,48,48,48,48,49,49
Fitness 238.6737, Gen ;0.8849;0.1357;0.8953;0.4586;0.5848;0.977;0.0532;0.6008;0.8901;0.572;0.3256;0.2091;0.1838;0.4274;0.8229;0.6418;0.1936;0.1576;0.8874;0.0875;0.4711
,43,43,43,43,43,43,43,43,43,43,44,44,44,44,44,44,44,44,44,44,44,44,44,44,44,44,44,44,44,44,44,44,44,44,44,44,44,44,44,44,44,44,44,44,44,44,44,44,44,44,44,45,45,45,45,45,45,45,45,45,45,45,45,45,45,45,45,45,45,45,45,45,45,45,45,45,45,45,45,45,45,45,45,45,45,45,45,45,45,45,46,46,46,46,46,46,46,46,47,47
Fitness 399.6097, Gen ;0.8849;0.1357;0.8953;0.4586;0.5848;0.977;0.0532;0.6008;0.8901;0.572;0.3256;0.2091;0.1838;0.4274;0.8229;0.6418;0.1936;0.1576;0.8874;0.0875;0.4711
,46,46,46,46,46,47,47,47,47,47,47,47,47,47,47,47,47,47,47,47,47,47,47,47,47,47,47,47,47,47,47,47,47,47,47,47,47,47,47,47,47,48,48,48,48,48,48,48,48,48,48,48,48,48,48,48,48,48,48,48,48,48,48,48,48,48,48,48,48,48,48,48,48,48,48,48,48,48,48,48,49,49,49,49,49,49,49,49,49,49,49,49,49,49,49,49,49,50,50,50
Fitness 404.8404, Gen ;0.8849;0.1357;0.8953;0.4586;0.5848;0.977;0.0532;0.6008;0.8901;0.572;0.3256;0.2091;0.1838;0.4274;0.8229;0.6418;0.1936;0.1576;0.8874;0.0875;0.4711
,48,48,48,48,48,48,48,48,48,48,48,48,48,48,48,48,48,48,48,48,48,48,48,48,48,48,48,48,49,49,49,49,49,49,49,49,49,49,49,49,49,49,49,49,49,49,49,49,49,49,49,49,49,49,49,49,49,49,49,49,49,49,49,49,49,49,49,49,49,49,49,49,49,49,49,49,49,49,49,49,50,50,50,50,50,50,50,50,50,50,50,50,50,50,50,50,50,50,51,52
Fitness 364.3558, Gen ;0.8849;0.1357;0.8953;0.4586;0.5848;0.977;0.0532;0.6008;0.8901;0.572;0.3256;0.2091;0.1838;0.4274;0.8229;0.6418;0.1936;0.1576;0.8874;0.0875;0.4711
,46,46,46,46,46,46,46,46,46,46,46,46,46,46,46,46,46,46,46,46,46,46,46,46,46,46,46,46,47,47,47,47,47,47,47,47,47,47,47,47,47,47,47,47,47,47,47,47,47,47,47,47,47,47,47,47,47,47,47,47,47,47,47,47,47,47,47,47,47,48,48,48,48,48,48,48,48,48,48,48,48,48,48,48,48,48,48,48,48,48,48,48,48,48,48,49,49,49,49,50
Fitness 436.5707, Gen ;0.8849;0.1357;0.8953;0.4586;0.5848;0.977;0.0532;0.6008;0.8901;0.572;0.3256;0.2091;0.1838;0.4274;0.8229;0.6418;0.1936;0.1576;0.8874;0.0875;0.4711
,45,45,45,45,45,45,46,46,46,46,46,46,46,46,46,46,46,46,46,46,46,46,46,46,46,46,46,46,46,46,46,46,46,46,46,46,46,46,46,46,46,46,46,46,46,46,46,46,46,47,47,47,47,47,47,47,47,47,47,47,47,47,47,47,47,47,47,47,47,47,47,47,47,47,47,47,47,47,47,47,47,47,47,48,48,48,48,48,48,48,48,48,48,48,48,48,48,49,49,49
Fitness 461.3802, Gen ;0.8849;0.1357;0.8953;0.4586;0.5848;0.977;0.0532;0.6008;0.8901;0.572;0.3256;0.2091;0.1838;0.4274;0.8229;0.6418;0.1936;0.1576;0.8874;0.0875;0.4711
,46,46,46,46,46,46,46,46,46,46,46,46,46,46,46,46,46,46,46,46,46,46,46,46,46,46,46,46,46,46,46,46,46,46,46,46,46,46,46,47,47,47,47,47,47,47,47,47,47,47,47,47,47,47,47,47,47,47,47,47,47,47,47,47,47,47,47,47,47,47,47,47,47,47,47,47,48,48,48,48,48,48,48,48,48,48,48,48,48,48,48,48,48,48,48,49,49,49,49,49
Fitness 421.6071, Gen ;0.8849;0.1357;0.8953;0.4586;0.5848;0.977;0.0532;0.6008;0.8901;0.572;0.3256;0.2091;0.1838;0.4274;0.8229;0.6418;0.1936;0.1576;0.8874;0.0875;0.4711
,45,45,46,46,46,46,46,46,46,46,46,46,46,46,46,46,46,46,46,46,46,46,46,46,46,46,46,46,46,46,46,46,46,46,47,47,47,47,47,47,47,47,47,47,47,47,47,47,47,47,47,47,47,47,47,47,47,47,47,47,47,47,47,47,47,47,47,47,47,48,48,48,48,48,48,48,48,48,48,48,48,48,48,48,48,48,48,48,48,48,48,48,48,48,48,48,48,49,49,49
Fitness 393.4673, Gen ;0.8849;0.1357;0.8953;0.4586;0.5848;0.977;0.0532;0.6008;0.8901;0.572;0.3256;0.2091;0.1838;0.4274;0.8229;0.6418;0.1936;0.1576;0.8874;0.0875;0.4711
,46,46,46,46,46,46,46,46,46,46,46,46,46,46,46,46,46,46,46,46,46,46,46,46,46,46,46,46,46,46,47,47,47,47,47,47,47,47,47,47,47,47,47,47,47,47,47,47,47,47,47,47,47,47,47,47,47,47,47,47,47,47,47,47,47,47,47,47,48,48,48,48,48,48,48,48,48,48,48,48,48,48,48,48,48,48,48,48,48,48,48,48,48,48,48,49,49,49,49,50
Fitness 419.7509, Gen ;0.8849;0.1357;0.8953;0.4586;0.5848;0.977;0.0532;0.6008;0.8901;0.572;0.3256;0.2091;0.1838;0.4274;0.8229;0.6418;0.1936;0.1576;0.8874;0.0875;0.4711
,48,48,48,48,48,48,48,48,48,48,48,48,48,48,48,48,48,48,48,48,48,48,48,48,48,48,48,48,48,48,48,48,48,49,49,49,49,49,49,49,49,49,49,49,49,49,49,49,49,49,49,49,49,49,49,49,49,49,49,49,49,49,49,49,49,49,49,49,49,49,49,49,49,49,49,49,49,49,49,49,50,50,50,50,50,50,50,50,50,50,50,50,50,50,50,50,50,52,52,52
Fitness 438.1616, Gen ;0.8849;0.1357;0.8953;0.4586;0.5848;0.977;0.0532;0.6008;0.8901;0.572;0.3256;0.2091;0.1838;0.4274;0.8229;0.6418;0.1936;0.1576;0.8874;0.0875;0.4711
,46,46,46,46,46,46,46,46,46,46,46,46,46,46,46,46,46,46,46,46,46,46,46,46,46,47,47,47,47,47,47,47,47,47,47,47,47,47,47,47,47,47,47,47,47,47,47,47,47,47,47,47,47,47,47,47,47,47,47,47,47,47,47,48,48,48,48,48,48,48,48,48,48,48,48,48,48,48,48,48,48,48,48,48,48,48,48,48,48,48,48,48,49,49,49,49,49,49,49,50
Fitness 425.3869, Gen ;0.8849;0.1357;0.8953;0.4586;0.5848;0.977;0.0532;0.6008;0.8901;0.572;0.3256;0.2091;0.1838;0.4274;0.8229;0.6418;0.1936;0.1576;0.8874;0.0875;0.4711
,46,46,46,46,46,46,46,46,46,46,46,46,46,46,46,46,46,46,46,46,46,46,46,46,46,46,46,46,46,46,46,46,46,46,47,47,47,47,47,47,47,47,47,47,47,47,47,47,47,47,47,47,47,47,47,47,47,47,47,47,47,47,47,47,47,47,47,47,47,47,47,47,47,48,48,48,48,48,48,48,48,48,48,48,48,48,48,48,48,48,48,48,48,48,48,48,48,49,49,50
Fitness 431.4262, Gen ;0.8849;0.1357;0.8953;0.4586;0.5848;0.977;0.0532;0.6008;0.8901;0.572;0.3256;0.2091;0.1838;0.4274;0.8229;0.6418;0.1936;0.1576;0.8874;0.0875;0.4711
,43,43,43,44,44,44,44,44,44,44,44,44,44,44,44,44,44,44,44,44,44,44,44,44,44,44,44,44,44,44,44,44,44,44,45,45,45,45,45,45,45,45,45,45,45,45,45,45,45,45,45,45,45,45,45,45,45,45,45,45,45,45,45,45,45,45,45,45,45,45,45,45,45,45,45,45,45,45,46,46,46,46,46,46,46,46,46,46,46,46,46,46,46,46,46,46,46,46,46,47
Fitness 424.258, Gen ;0.8849;0.1357;0.8953;0.4586;0.5848;0.977;0.0532;0.6008;0.8901;0.572;0.3256;0.2091;0.1838;0.4274;0.8229;0.6418;0.1936;0.1576;0.8874;0.0875;0.4711
,45,45,45,45,45,45,45,46,46,46,46,46,46,46,46,46,46,46,46,46,46,46,46,46,46,46,46,46,46,46,46,46,46,46,46,46,46,46,46,46,46,46,46,46,46,46,46,46,46,46,46,46,46,46,47,47,47,47,47,47,47,47,47,47,47,47,47,47,47,47,47,47,47,47,47,47,47,47,47,47,47,47,47,47,47,47,47,47,47,47,48,48,48,48,48,48,48,48,49,49
Fitness 400.1887, Gen ;0.8849;0.1357;0.8953;0.4586;0.5848;0.977;0.0532;0.6008;0.8901;0.572;0.3256;0.2091;0.1838;0.4274;0.8229;0.6418;0.1936;0.1576;0.8874;0.0875;0.4711
,47,47,47,47,47,47,47,47,47,47,47,47,47,48,48,48,48,48,48,48,48,48,48,48,48,48,48,48,48,48,48,48,48,48,48,48,48,48,48,48,48,48,48,48,48,48,49,49,49,49,49,49,49,49,49,49,49,49,49,49,49,49,49,49,49,49,49,49,49,49,49,49,49,49,49,49,49,49,49,49,49,49,49,49,49,50,50,50,50,50,50,50,50,50,50,50,50,50,51,51
Fitness 429.4913, Gen ;0.8849;0.1357;0.8953;0.4586;0.5848;0.977;0.0532;0.6008;0.8901;0.572;0.3256;0.2091;0.1838;0.4274;0.8229;0.6418;0.1936;0.1576;0.8874;0.0875;0.4711
,55,55,55,55,55,55,55,55,55,55,55,55,55,55,55,55,55,55,55,55,55,55,55,55,55,55,55,55,55,55,55,55,55,56,56,56,56,56,56,56,56,56,56,56,56,56,56,56,56,56,56,56,56,56,56,56,56,56,56,56,56,56,56,56,56,56,56,56,56,57,57,57,57,57,57,57,57,57,57,57,57,57,57,57,57,57,57,57,57,57,57,57,57,57,57,57,57,58,58,59
Fitness 427.5738, Gen ;0.8849;0.1357;0.8953;0.4586;0.5848;0.977;0.0532;0.6008;0.8901;0.572;0.3256;0.2091;0.1838;0.4274;0.8229;0.6418;0.1936;0.1576;0.8874;0.0875;0.4711
,43,43,43,43,43,43,43,44,44,44,44,44,44,44,44,44,44,44,44,44,44,44,44,44,44,44,44,44,44,44,44,44,44,44,44,44,44,44,44,44,44,44,45,45,45,45,45,45,45,45,45,45,45,45,45,45,45,45,45,45,45,45,45,45,45,45,45,45,45,45,45,45,45,45,45,45,46,46,46,46,46,46,46,46,46,46,46,46,46,46,46,46,46,46,46,46,46,46,46,47
Fitness 451.1136, Gen ;0.8849;0.1357;0.8953;0.4586;0.5848;0.977;0.0532;0.6008;0.8901;0.572;0.3256;0.2091;0.1838;0.4274;0.8229;0.6418;0.1936;0.1576;0.8874;0.0875;0.4711
,45,45,45,45,45,45,45,45,45,45,46,46,46,46,46,46,46,46,46,46,46,46,46,46,46,46,46,46,46,46,46,46,46,46,46,46,46,46,46,46,46,46,46,46,46,46,46,46,46,46,46,46,47,47,47,47,47,47,47,47,47,47,47,47,47,47,47,47,47,47,47,47,47,47,47,47,47,47,47,47,47,47,47,47,47,47,47,48,48,48,48,48,48,48,48,48,48,48,48,49
Fitness 437.9092, Gen ;0.8849;0.1357;0.8953;0.4586;0.5848;0.977;0.0532;0.6008;0.8901;0.572;0.3256;0.2091;0.1838;0.4274;0.8229;0.6418;0.1936;0.1576;0.8874;0.0875;0.4711
,48,48,49,49,49,49,49,49,49,49,49,49,49,49,49,49,49,49,49,49,49,49,49,49,49,49,49,49,49,49,49,50,50,50,50,50,50,50,50,50,50,50,50,50,50,50,50,50,50,50,50,50,50,50,50,50,50,50,50,50,50,50,50,50,50,50,50,50,50,51,51,51,51,51,51,51,51,51,51,51,51,51,51,51,51,51,51,51,51,51,51,51,51,51,51,51,51,52,53,64
Fitness 410.2236, Gen ;0.8849;0.1357;0.8953;0.4586;0.5848;0.977;0.0532;0.6008;0.8901;0.572;0.3256;0.2091;0.1838;0.4274;0.8229;0.6418;0.1936;0.1576;0.8874;0.0875;0.4711
,55,55,55,55,55,55,55,55,55,55,55,55,55,55,55,55,55,55,55,55,55,55,55,56,56,56,56,56,56,56,56,56,56,56,56,56,56,56,56,56,56,56,56,56,56,56,56,56,56,56,56,56,56,56,56,56,56,56,56,56,56,56,56,57,57,57,57,57,57,57,57,57,57,57,57,57,57,57,57,57,57,57,57,57,57,57,57,57,57,57,57,57,57,57,57,57,58,58,58,59
Fitness 319.2143, Gen ;0.8849;0.1357;0.8953;0.4586;0.5848;0.977;0.0532;0.6008;0.8901;0.572;0.3256;0.2091;0.1838;0.4274;0.8229;0.6418;0.1936;0.1576;0.8874;0.0875;0.4711
,45,45,45,45,45,45,45,45,45,45,45,46,46,46,46,46,46,46,46,46,46,46,46,46,46,46,46,46,46,46,46,46,46,46,46,46,46,46,46,46,46,46,46,46,46,46,46,46,46,46,47,47,47,47,47,47,47,47,47,47,47,47,47,47,47,47,47,47,47,47,47,47,47,47,47,47,47,47,47,47,47,47,47,47,47,47,48,48,48,48,48,48,48,48,48,48,48,48,48,49
Fitness 456.2451, Gen ;0.8849;0.1357;0.8953;0.4586;0.5848;0.977;0.0532;0.6008;0.8901;0.572;0.3256;0.2091;0.1838;0.4274;0.8229;0.6418;0.1936;0.1576;0.8874;0.0875;0.4711
,48,49,49,49,49,49,49,49,49,49,49,49,49,49,49,49,49,49,49,49,49,49,49,50,50,50,50,50,50,50,50,50,50,50,50,50,50,50,50,50,50,50,50,50,50,50,50,50,50,50,50,50,50,50,50,50,50,50,51,51,51,51,51,51,51,51,51,51,51,51,51,51,51,51,51,51,51,51,51,52,52,52,52,52,52,52,52,52,52,52,52,52,52,52,52,52,53,53,53,61
Fitness 440.4886, Gen ;0.8849;0.1357;0.8953;0.4586;0.5848;0.977;0.0532;0.6008;0.8901;0.572;0.3256;0.2091;0.1838;0.4274;0.8229;0.6418;0.1936;0.1576;0.8874;0.0875;0.4711
,53,53,53,53,53,53,53,53,53,53,53,53,53,53,54,54,54,54,54,54,54,54,54,54,54,54,54,54,54,54,54,54,54,54,54,54,54,54,54,54,54,54,54,55,55,55,55,55,55,55,55,55,55,55,55,55,55,55,55,55,55,55,55,55,55,55,55,55,55,55,55,55,55,55,55,55,55,55,55,55,55,55,55,55,56,56,56,56,56,56,56,56,56,56,56,56,56,56,58,67
Fitness 323.6046, Gen ;0.8849;0.1357;0.8953;0.4586;0.5848;0.977;0.0532;0.6008;0.8901;0.572;0.3256;0.2091;0.1838;0.4274;0.8229;0.6418;0.1936;0.1576;0.8874;0.0875;0.4711
,49,49,49,49,49,49,49,49,49,49,49,49,49,49,49,49,49,49,49,49,49,49,49,49,49,49,49,49,49,49,49,49,49,49,49,49,50,50,50,50,50,50,50,50,50,50,50,50,50,50,50,50,50,50,50,50,50,50,50,50,50,50,50,50,50,50,50,50,50,50,50,50,50,50,50,50,50,50,50,51,51,51,51,51,51,51,51,51,51,51,51,51,51,51,51,52,52,52,52,52
Fitness 321.8672, Gen ;0.8849;0.1357;0.8953;0.4586;0.5848;0.977;0.0532;0.6008;0.8901;0.572;0.3256;0.2091;0.1838;0.4274;0.8229;0.6418;0.1936;0.1576;0.8874;0.0875;0.4711
,52,52,52,52,52,52,52,52,53,53,53,53,53,53,53,53,53,53,53,53,53,53,53,53,53,53,53,53,53,53,53,53,53,53,53,53,53,53,53,53,53,53,53,53,53,53,53,54,54,54,54,54,54,54,54,54,54,54,54,54,54,54,54,54,54,54,54,54,54,54,54,54,54,54,54,54,54,54,54,54,54,54,54,54,54,54,54,55,55,55,55,55,55,55,55,55,55,56,56,66
Fitness 437.1802, Gen ;0.8849;0.1357;0.8953;0.4586;0.5848;0.977;0.0532;0.6008;0.8901;0.572;0.3256;0.2091;0.1838;0.4274;0.8229;0.6418;0.1936;0.1576;0.8874;0.0875;0.4711
,49,49,49,49,49,49,49,49,49,49,49,49,49,49,49,50,50,50,50,50,50,50,50,50,50,50,50,50,50,50,50,50,50,50,50,50,50,50,50,50,50,50,50,50,50,50,50,50,50,50,50,50,50,50,50,50,50,50,50,50,50,50,50,51,51,51,51,51,51,51,51,51,51,51,51,51,51,51,51,51,51,51,51,51,51,51,51,51,51,51,51,51,51,51,51,51,51,52,52,53
Fitness 337.7105, Gen ;0.8849;0.1357;0.8953;0.4586;0.5848;0.977;0.0532;0.6008;0.8901;0.572;0.3256;0.2091;0.1838;0.4274;0.8229;0.6418;0.1936;0.1576;0.8874;0.0875;0.4711
,52,52,52,53,53,53,53,53,53,53,53,53,53,53,53,53,53,53,53,53,53,53,53,53,53,53,53,53,54,54,54,54,54,54,54,54,54,54,54,54,54,54,54,54,54,54,54,54,54,54,54,54,55,55,55,55,55,55,55,55,55,55,55,55,55,55,55,55,55,56,56,56,56,56,56,56,56,56,56,56,56,56,56,56,56,56,57,57,57,57,57,58,58,58,58,58,59,59,59,71
Fitness 283.8854, Gen ;0.8849;0.1357;0.8953;0.4586;0.5848;0.977;0.0532;0.6008;0.8901;0.572;0.3256;0.2091;0.1838;0.4274;0.8229;0.6418;0.1936;0.1576;0.8874;0.0875;0.4711
,45,46,46,46,46,46,46,46,46,46,46,46,46,46,46,46,46,46,46,46,46,46,46,46,46,46,46,46,46,46,47,47,47,47,47,47,47,47,47,47,47,47,47,47,47,47,47,47,47,47,47,47,47,47,47,47,47,47,47,47,47,47,47,47,47,47,47,47,47,47,47,47,47,48,48,48,48,48,48,48,48,48,48,48,48,48,48,48,48,48,48,48,48,48,48,48,48,48,49,49
Fitness 391.1902, Gen ;0.8849;0.1357;0.8953;0.4586;0.5848;0.977;0.0532;0.6008;0.8901;0.572;0.3256;0.2091;0.1838;0.4274;0.8229;0.6418;0.1936;0.1576;0.8874;0.0875;0.4711
,47,47,47,47,47,47,47,47,47,47,47,47,47,47,47,47,47,47,47,47,47,47,47,47,47,47,47,47,47,47,47,47,47,47,47,48,48,48,48,48,48,48,48,48,48,48,48,48,48,48,48,48,48,48,48,48,48,48,48,48,48,48,48,48,48,48,48,48,48,48,48,48,48,48,49,49,49,49,49,49,49,49,49,49,49,49,49,49,49,49,49,49,49,49,49,49,50,50,50,50
Fitness 296.4557, Gen ;0.8849;0.1357;0.8953;0.4586;0.5848;0.977;0.0532;0.6008;0.8901;0.572;0.3256;0.2091;0.1838;0.4274;0.8229;0.6418;0.1936;0.1576;0.8874;0.0875;0.4711
,52,52,52,52,52,52,52,52,52,52,52,52,52,52,52,52,52,52,52,52,52,52,52,52,52,52,52,52,52,52,52,52,52,52,52,52,53,53,53,53,53,53,53,53,53,53,53,53,53,53,53,53,53,53,53,53,53,53,53,53,53,53,53,53,53,53,53,53,53,53,53,53,53,53,53,53,54,54,54,54,54,54,54,54,54,54,54,54,54,54,54,54,54,54,54,54,54,55,55,56
