	25Ginelli ovc
	3 AI1 ovcarjev
Fitness 116.1579, Gen ;0.9652;0.848;0.7882;0.1661;0.0583;0.29;0.2236;0.4449;0.6462;0.1649;0.2475;0.1571;0.0979;0.1238;0.2603;0.7539;0.9338;0.3175;0.1716;0.056;0.2157
,51,51,51,52,52,52,52,52,52,52,52,52,52,52,52,52,53,53,53,53,53,53,54,55,63
Fitness 23705.29, Gen ;0.9652;0.848;0.7882;0.1661;0.0583;0.29;0.2236;0.4449;0.6462;0.1649;0.2475;0.1571;0.0979;0.1238;0.2603;0.7539;0.9338;0.3175;0.1716;0.056;0.2157
,57,57,57,57,57,57,57,57,58,58,58,58,58,58,58,58,58,58,58,58,58,58,60,61,61
Fitness 2560966, Gen ;0.9652;0.848;0.7882;0.1661;0.0583;0.29;0.2236;0.4449;0.6462;0.1649;0.2475;0.1571;0.0979;0.1238;0.2603;0.7539;0.9338;0.3175;0.1716;0.056;0.2157
,53,53,53,53,53,54,54,54,54,54,54,54,54,54,54,54,54,54,54,54,56,56,57,57,58
Fitness 1.982969E+08, Gen ;0.9652;0.848;0.7882;0.1661;0.0583;0.29;0.2236;0.4449;0.6462;0.1649;0.2475;0.1571;0.0979;0.1238;0.2603;0.7539;0.9338;0.3175;0.1716;0.056;0.2157
,51,51,51,51,52,52,52,52,52,52,52,52,52,52,52,52,52,52,52,53,53,54,55,55,55
Fitness 1.122688E+10, Gen ;0.9652;0.848;0.7882;0.1661;0.0583;0.29;0.2236;0.4449;0.6462;0.1649;0.2475;0.1571;0.0979;0.1238;0.2603;0.7539;0.9338;0.3175;0.1716;0.056;0.2157
,52,52,52,52,52,52,52,52,52,52,52,52,52,52,52,52,52,52,53,53,53,55,55,56,65
Fitness 77.89691, Gen ;0.9652;0.848;0.7882;0.1661;0.0583;0.29;0.2236;0.4449;0.6462;0.1649;0.2475;0.1571;0.0979;0.1238;0.2603;0.7539;0.9338;0.3175;0.1716;0.056;0.2157
,53,53,53,53,53,53,53,53,53,53,53,53,53,53,54,54,54,54,54,54,55,55,55,56,57
Fitness 1.455727E+12, Gen ;0.9652;0.848;0.7882;0.1661;0.0583;0.29;0.2236;0.4449;0.6462;0.1649;0.2475;0.1571;0.0979;0.1238;0.2603;0.7539;0.9338;0.3175;0.1716;0.056;0.2157
,51,51,51,51,51,51,51,51,51,51,51,51,51,51,52,52,52,52,52,52,52,53,53,54,55
Fitness 1.878183E+24, Gen ;0.9652;0.848;0.7882;0.1661;0.0583;0.29;0.2236;0.4449;0.6462;0.1649;0.2475;0.1571;0.0979;0.1238;0.2603;0.7539;0.9338;0.3175;0.1716;0.056;0.2157
,48,48,48,48,48,48,48,48,48,48,48,49,49,49,49,49,49,49,49,49,49,49,50,51,52
Fitness Infinity, Gen ;0.9652;0.848;0.7882;0.1661;0.0583;0.29;0.2236;0.4449;0.6462;0.1649;0.2475;0.1571;0.0979;0.1238;0.2603;0.7539;0.9338;0.3175;0.1716;0.056;0.2157
,51,51,51,51,51,52,52,52,52,52,52,52,52,52,52,52,52,52,52,53,54,54,55,55,55
Fitness Infinity, Gen ;0.9652;0.848;0.7882;0.1661;0.0583;0.29;0.2236;0.4449;0.6462;0.1649;0.2475;0.1571;0.0979;0.1238;0.2603;0.7539;0.9338;0.3175;0.1716;0.056;0.2157
,45,45,45,45,45,45,45,45,45,46,46,46,46,46,46,46,46,46,46,46,48,48,48,48,49
Fitness Infinity, Gen ;0.9652;0.848;0.7882;0.1661;0.0583;0.29;0.2236;0.4449;0.6462;0.1649;0.2475;0.1571;0.0979;0.1238;0.2603;0.7539;0.9338;0.3175;0.1716;0.056;0.2157
,46,46,46,46,46,47,47,47,47,47,47,47,47,47,47,48,48,48,49,49,49,49,50,50,50
Fitness Infinity, Gen ;0.9652;0.848;0.7882;0.1661;0.0583;0.29;0.2236;0.4449;0.6462;0.1649;0.2475;0.1571;0.0979;0.1238;0.2603;0.7539;0.9338;0.3175;0.1716;0.056;0.2157
,50,50,50,50,50,50,50,50,50,50,51,51,51,51,51,51,51,51,51,51,51,51,54,54,55
Fitness Infinity, Gen ;0.9652;0.848;0.7882;0.1661;0.0583;0.29;0.2236;0.4449;0.6462;0.1649;0.2475;0.1571;0.0979;0.1238;0.2603;0.7539;0.9338;0.3175;0.1716;0.056;0.2157
,51,51,51,51,51,51,51,51,51,51,51,51,52,52,52,52,52,52,52,52,53,53,54,54,55
Fitness Infinity, Gen ;0.9652;0.848;0.7882;0.1661;0.0583;0.29;0.2236;0.4449;0.6462;0.1649;0.2475;0.1571;0.0979;0.1238;0.2603;0.7539;0.9338;0.3175;0.1716;0.056;0.2157
,47,47,47,47,47,47,47,47,47,48,48,48,48,48,48,48,48,48,49,49,49,50,50,50,51
Fitness Infinity, Gen ;0.9652;0.848;0.7882;0.1661;0.0583;0.29;0.2236;0.4449;0.6462;0.1649;0.2475;0.1571;0.0979;0.1238;0.2603;0.7539;0.9338;0.3175;0.1716;0.056;0.2157
,48,48,48,48,48,48,48,48,48,48,48,48,49,49,49,49,49,49,50,50,50,50,51,51,52
Fitness Infinity, Gen ;0.9652;0.848;0.7882;0.1661;0.0583;0.29;0.2236;0.4449;0.6462;0.1649;0.2475;0.1571;0.0979;0.1238;0.2603;0.7539;0.9338;0.3175;0.1716;0.056;0.2157
,53,53,53,53,53,53,53,53,53,54,54,54,54,54,54,54,54,54,54,54,54,55,56,56,57
Fitness Infinity, Gen ;0.9652;0.848;0.7882;0.1661;0.0583;0.29;0.2236;0.4449;0.6462;0.1649;0.2475;0.1571;0.0979;0.1238;0.2603;0.7539;0.9338;0.3175;0.1716;0.056;0.2157
,42,42,42,42,42,42,42,42,42,42,42,43,43,43,43,43,43,43,43,44,44,45,46,46,46
Fitness Infinity, Gen ;0.9652;0.848;0.7882;0.1661;0.0583;0.29;0.2236;0.4449;0.6462;0.1649;0.2475;0.1571;0.0979;0.1238;0.2603;0.7539;0.9338;0.3175;0.1716;0.056;0.2157
,46,47,47,47,47,47,47,47,47,48,48,48,48,48,48,48,48,48,48,48,49,49,50,51,51
Fitness Infinity, Gen ;0.9652;0.848;0.7882;0.1661;0.0583;0.29;0.2236;0.4449;0.6462;0.1649;0.2475;0.1571;0.0979;0.1238;0.2603;0.7539;0.9338;0.3175;0.1716;0.056;0.2157
,44,44,44,44,44,44,44,45,45,45,45,45,45,45,45,46,46,46,46,46,47,47,48,48,48
Fitness Infinity, Gen ;0.9652;0.848;0.7882;0.1661;0.0583;0.29;0.2236;0.4449;0.6462;0.1649;0.2475;0.1571;0.0979;0.1238;0.2603;0.7539;0.9338;0.3175;0.1716;0.056;0.2157
,45,45,45,45,45,45,45,45,45,46,46,46,46,46,46,46,46,46,46,46,47,48,48,49,49
Fitness Infinity, Gen ;0.9652;0.848;0.7882;0.1661;0.0583;0.29;0.2236;0.4449;0.6462;0.1649;0.2475;0.1571;0.0979;0.1238;0.2603;0.7539;0.9338;0.3175;0.1716;0.056;0.2157
,52,52,52,52,52,52,52,52,53,53,53,53,53,53,53,53,53,54,54,54,55,55,55,56,56
Fitness Infinity, Gen ;0.9652;0.848;0.7882;0.1661;0.0583;0.29;0.2236;0.4449;0.6462;0.1649;0.2475;0.1571;0.0979;0.1238;0.2603;0.7539;0.9338;0.3175;0.1716;0.056;0.2157
,48,48,48,48,48,49,49,49,49,49,49,49,49,49,49,49,49,49,50,50,51,52,52,52,52
Fitness Infinity, Gen ;0.9652;0.848;0.7882;0.1661;0.0583;0.29;0.2236;0.4449;0.6462;0.1649;0.2475;0.1571;0.0979;0.1238;0.2603;0.7539;0.9338;0.3175;0.1716;0.056;0.2157
,45,45,45,45,45,45,45,45,46,46,46,46,46,46,46,46,46,46,47,47,48,48,49,49,49
Fitness Infinity, Gen ;0.9652;0.848;0.7882;0.1661;0.0583;0.29;0.2236;0.4449;0.6462;0.1649;0.2475;0.1571;0.0979;0.1238;0.2603;0.7539;0.9338;0.3175;0.1716;0.056;0.2157
,47,47,47,47,47,47,47,48,48,48,48,48,48,48,48,48,48,48,49,49,50,50,51,51,51
Fitness Infinity, Gen ;0.9652;0.848;0.7882;0.1661;0.0583;0.29;0.2236;0.4449;0.6462;0.1649;0.2475;0.1571;0.0979;0.1238;0.2603;0.7539;0.9338;0.3175;0.1716;0.056;0.2157
,52,52,52,52,53,53,53,53,53,53,53,53,53,53,53,53,53,53,53,54,54,55,56,56,56
Fitness Infinity, Gen ;0.9652;0.848;0.7882;0.1661;0.0583;0.29;0.2236;0.4449;0.6462;0.1649;0.2475;0.1571;0.0979;0.1238;0.2603;0.7539;0.9338;0.3175;0.1716;0.056;0.2157
,53,53,53,53,53,53,53,53,54,54,54,54,54,54,54,54,54,54,54,54,55,55,56,56,57
Fitness Infinity, Gen ;0.9652;0.848;0.7882;0.1661;0.0583;0.29;0.2236;0.4449;0.6462;0.1649;0.2475;0.1571;0.0979;0.1238;0.2603;0.7539;0.9338;0.3175;0.1716;0.056;0.2157
,51,51,51,52,52,52,52,52,52,52,52,52,52,52,52,52,52,53,53,53,53,54,54,55,55
Fitness Infinity, Gen ;0.9652;0.848;0.7882;0.1661;0.0583;0.29;0.2236;0.4449;0.6462;0.1649;0.2475;0.1571;0.0979;0.1238;0.2603;0.7539;0.9338;0.3175;0.1716;0.056;0.2157
,48,48,48,49,49,49,49,49,49,49,49,49,49,49,49,49,50,50,50,50,50,50,52,52,53
Fitness Infinity, Gen ;0.9652;0.848;0.7882;0.1661;0.0583;0.29;0.2236;0.4449;0.6462;0.1649;0.2475;0.1571;0.0979;0.1238;0.2603;0.7539;0.9338;0.3175;0.1716;0.056;0.2157
,50,50,50,50,51,51,51,51,51,51,51,51,51,51,52,52,52,52,52,52,52,52,52,54,54
Fitness Infinity, Gen ;0.9652;0.848;0.7882;0.1661;0.0583;0.29;0.2236;0.4449;0.6462;0.1649;0.2475;0.1571;0.0979;0.1238;0.2603;0.7539;0.9338;0.3175;0.1716;0.056;0.2157
,51,51,51,51,51,52,52,52,52,52,52,52,52,52,52,52,52,52,52,52,53,54,55,55,55
Fitness Infinity, Gen ;0.9652;0.848;0.7882;0.1661;0.0583;0.29;0.2236;0.4449;0.6462;0.1649;0.2475;0.1571;0.0979;0.1238;0.2603;0.7539;0.9338;0.3175;0.1716;0.056;0.2157
,51,51,51,51,51,51,51,51,51,51,51,51,52,52,52,52,52,52,52,52,52,53,54,55,55
Fitness Infinity, Gen ;0.9652;0.848;0.7882;0.1661;0.0583;0.29;0.2236;0.4449;0.6462;0.1649;0.2475;0.1571;0.0979;0.1238;0.2603;0.7539;0.9338;0.3175;0.1716;0.056;0.2157
,45,45,45,45,45,45,45,45,45,45,45,45,45,45,46,46,46,46,46,46,47,48,48,48,49
Fitness Infinity, Gen ;0.9652;0.848;0.7882;0.1661;0.0583;0.29;0.2236;0.4449;0.6462;0.1649;0.2475;0.1571;0.0979;0.1238;0.2603;0.7539;0.9338;0.3175;0.1716;0.056;0.2157
,50,50,50,50,50,50,50,50,50,50,50,50,50,51,51,51,51,51,51,51,51,52,53,53,53
Fitness Infinity, Gen ;0.9652;0.848;0.7882;0.1661;0.0583;0.29;0.2236;0.4449;0.6462;0.1649;0.2475;0.1571;0.0979;0.1238;0.2603;0.7539;0.9338;0.3175;0.1716;0.056;0.2157
,53,53,53,53,53,53,53,53,53,53,54,54,54,54,54,54,54,54,54,54,55,56,56,56,57
Fitness Infinity, Gen ;0.9652;0.848;0.7882;0.1661;0.0583;0.29;0.2236;0.4449;0.6462;0.1649;0.2475;0.1571;0.0979;0.1238;0.2603;0.7539;0.9338;0.3175;0.1716;0.056;0.2157
,43,43,43,43,43,43,43,43,43,44,44,44,44,44,44,44,44,45,45,45,46,46,46,47,47
Fitness Infinity, Gen ;0.9652;0.848;0.7882;0.1661;0.0583;0.29;0.2236;0.4449;0.6462;0.1649;0.2475;0.1571;0.0979;0.1238;0.2603;0.7539;0.9338;0.3175;0.1716;0.056;0.2157
,55,55,55,55,55,55,55,55,55,55,55,55,55,56,56,56,56,56,56,56,57,57,57,58,59
Fitness Infinity, Gen ;0.9652;0.848;0.7882;0.1661;0.0583;0.29;0.2236;0.4449;0.6462;0.1649;0.2475;0.1571;0.0979;0.1238;0.2603;0.7539;0.9338;0.3175;0.1716;0.056;0.2157
,46,46,46,46,46,46,46,46,46,46,46,46,47,47,47,47,47,47,47,48,48,49,49,50,50
Fitness Infinity, Gen ;0.9652;0.848;0.7882;0.1661;0.0583;0.29;0.2236;0.4449;0.6462;0.1649;0.2475;0.1571;0.0979;0.1238;0.2603;0.7539;0.9338;0.3175;0.1716;0.056;0.2157
,51,51,51,51,51,51,51,51,52,52,52,52,52,52,52,52,52,52,52,52,54,55,55,55,55
Fitness Infinity, Gen ;0.9652;0.848;0.7882;0.1661;0.0583;0.29;0.2236;0.4449;0.6462;0.1649;0.2475;0.1571;0.0979;0.1238;0.2603;0.7539;0.9338;0.3175;0.1716;0.056;0.2157
,45,46,46,46,46,46,46,46,46,46,46,46,46,47,47,47,47,47,47,47,47,48,48,49,50
Fitness Infinity, Gen ;0.9652;0.848;0.7882;0.1661;0.0583;0.29;0.2236;0.4449;0.6462;0.1649;0.2475;0.1571;0.0979;0.1238;0.2603;0.7539;0.9338;0.3175;0.1716;0.056;0.2157
,51,51,51,51,51,51,51,51,52,52,52,52,52,52,52,52,52,52,52,52,52,54,54,54,55
