	75PopravljenStroembom ovc
	2 AI1 ovcarjev
Fitness 169.4941, Gen ;0.697;0.5712;0.6102;0.4861;0.0705;0.4325;0.0653;0.0003;0.8189;0.2611;0.4147;0.5406;0.0543;0.6272;0.7137;0.646;0.1438;0.7374;0.6661;0.2718;0.3492
,62,62,62,62,62,62,62,62,62,62,62,62,62,62,62,62,62,62,62,62,62,62,63,63,63,63,63,63,63,63,63,63,63,63,63,63,63,63,63,63,63,63,63,63,63,63,63,63,63,63,63,63,63,63,63,63,63,63,63,63,63,63,63,64,64,64,64,64,64,64,64,64,72,72,72
Fitness 191.6985, Gen ;0.697;0.5712;0.6102;0.4861;0.0705;0.4325;0.0653;0.0003;0.8189;0.2611;0.4147;0.5406;0.0543;0.6272;0.7137;0.646;0.1438;0.7374;0.6661;0.2718;0.3492
,61,61,61,61,62,62,62,62,62,62,62,62,62,62,62,62,62,62,62,62,62,62,63,63,63,63,63,63,63,63,63,63,63,63,63,63,63,63,63,63,63,63,63,63,63,63,63,64,64,64,64,64,64,64,64,64,64,64,64,64,64,64,64,64,64,64,64,64,64,64,64,64,64,64,65
Fitness 197.7395, Gen ;0.697;0.5712;0.6102;0.4861;0.0705;0.4325;0.0653;0.0003;0.8189;0.2611;0.4147;0.5406;0.0543;0.6272;0.7137;0.646;0.1438;0.7374;0.6661;0.2718;0.3492
,62,62,62,62,62,62,62,63,63,63,63,63,63,63,63,63,63,63,63,63,63,63,63,63,63,63,63,63,63,63,63,63,63,63,63,63,63,63,63,63,63,63,64,64,64,64,64,64,64,64,64,64,64,64,64,64,64,64,64,64,64,64,65,65,65,65,65,65,65,65,65,65,65,65,65
Fitness 226.8711, Gen ;0.697;0.5712;0.6102;0.4861;0.0705;0.4325;0.0653;0.0003;0.8189;0.2611;0.4147;0.5406;0.0543;0.6272;0.7137;0.646;0.1438;0.7374;0.6661;0.2718;0.3492
,57,57,57,57,57,57,57,57,57,57,57,57,57,57,57,58,58,58,58,58,58,58,58,58,58,58,58,58,58,58,58,58,58,58,58,58,59,59,59,59,59,59,59,59,59,59,59,59,59,59,59,59,59,59,59,59,59,60,60,60,60,60,60,60,60,60,60,60,60,60,60,60,60,62,62
Fitness 286.1477, Gen ;0.697;0.5712;0.6102;0.4861;0.0705;0.4325;0.0653;0.0003;0.8189;0.2611;0.4147;0.5406;0.0543;0.6272;0.7137;0.646;0.1438;0.7374;0.6661;0.2718;0.3492
,56,56,56,56,56,56,56,56,56,56,56,56,56,57,57,57,57,57,57,57,57,57,57,57,57,57,57,57,57,58,58,58,58,58,58,58,58,58,58,58,58,58,58,58,58,58,58,58,58,58,58,58,58,58,58,58,58,58,58,58,58,58,58,58,59,59,59,59,59,59,59,59,59,59,59
Fitness 168.9862, Gen ;0.697;0.5712;0.6102;0.4861;0.0705;0.4325;0.0653;0.0003;0.8189;0.2611;0.4147;0.5406;0.0543;0.6272;0.7137;0.646;0.1438;0.7374;0.6661;0.2718;0.3492
,58,58,58,58,58,58,58,58,58,58,58,58,58,58,58,58,58,58,58,58,58,58,58,59,59,59,59,59,59,59,59,59,59,59,59,59,59,59,59,59,59,59,59,59,59,59,59,59,59,59,59,59,59,60,60,60,60,60,60,60,60,60,60,60,60,60,60,60,60,60,60,60,60,60,61
Fitness 192.8295, Gen ;0.697;0.5712;0.6102;0.4861;0.0705;0.4325;0.0653;0.0003;0.8189;0.2611;0.4147;0.5406;0.0543;0.6272;0.7137;0.646;0.1438;0.7374;0.6661;0.2718;0.3492
,65,65,65,65,65,65,65,66,66,66,66,66,66,66,66,66,66,66,66,66,66,66,66,66,66,66,66,66,66,66,66,66,66,66,66,66,66,66,66,66,66,66,66,66,66,66,66,67,67,67,67,67,67,67,67,67,67,67,67,67,67,67,67,67,67,67,67,67,67,67,67,68,68,68,72
Fitness 189.3442, Gen ;0.697;0.5712;0.6102;0.4861;0.0705;0.4325;0.0653;0.0003;0.8189;0.2611;0.4147;0.5406;0.0543;0.6272;0.7137;0.646;0.1438;0.7374;0.6661;0.2718;0.3492
,62,62,62,62,62,62,62,62,62,62,62,62,62,62,62,62,62,62,62,62,62,63,63,63,63,63,63,63,63,63,63,63,63,63,63,63,63,63,63,63,63,63,63,63,63,63,64,64,64,64,64,64,64,64,64,64,64,64,64,64,64,64,64,64,64,64,64,64,64,64,64,64,65,65,67
Fitness 218.472, Gen ;0.697;0.5712;0.6102;0.4861;0.0705;0.4325;0.0653;0.0003;0.8189;0.2611;0.4147;0.5406;0.0543;0.6272;0.7137;0.646;0.1438;0.7374;0.6661;0.2718;0.3492
,56,56,56,56,56,56,56,56,56,56,56,56,56,56,56,56,56,56,57,57,57,57,57,57,57,57,57,57,57,57,57,57,57,57,57,57,57,57,57,57,57,57,57,57,58,58,58,58,58,58,58,58,58,58,58,58,58,58,58,58,58,58,58,58,58,58,58,58,58,58,58,58,58,58,59
Fitness 233.8539, Gen ;0.697;0.5712;0.6102;0.4861;0.0705;0.4325;0.0653;0.0003;0.8189;0.2611;0.4147;0.5406;0.0543;0.6272;0.7137;0.646;0.1438;0.7374;0.6661;0.2718;0.3492
,56,56,56,56,56,56,56,56,57,57,57,57,57,57,57,57,57,57,57,57,57,57,57,57,57,57,57,57,57,57,57,58,58,58,58,58,58,58,58,58,58,58,58,58,58,58,58,58,58,58,58,58,58,58,58,58,58,58,58,58,58,58,58,58,58,58,59,59,59,59,59,59,59,59,60
Fitness 220.5983, Gen ;0.697;0.5712;0.6102;0.4861;0.0705;0.4325;0.0653;0.0003;0.8189;0.2611;0.4147;0.5406;0.0543;0.6272;0.7137;0.646;0.1438;0.7374;0.6661;0.2718;0.3492
,71,72,72,72,72,72,72,72,72,72,72,72,72,72,72,72,72,72,72,72,72,73,73,73,73,73,73,73,73,73,73,73,73,73,73,73,73,73,73,73,73,73,73,73,73,73,73,73,73,73,73,73,73,74,74,74,74,74,74,74,74,74,74,74,74,74,74,74,75,75,75,75,75,75,75
Fitness 160.6412, Gen ;0.697;0.5712;0.6102;0.4861;0.0705;0.4325;0.0653;0.0003;0.8189;0.2611;0.4147;0.5406;0.0543;0.6272;0.7137;0.646;0.1438;0.7374;0.6661;0.2718;0.3492
,66,66,66,66,66,66,66,66,66,66,66,66,66,66,66,66,66,66,66,66,66,66,66,66,66,66,66,66,66,66,66,66,66,67,67,67,67,67,67,67,67,67,67,67,67,67,67,67,67,67,67,67,67,67,67,68,68,68,68,68,68,68,68,68,68,68,68,68,68,68,68,68,68,69,69
Fitness 185.2105, Gen ;0.697;0.5712;0.6102;0.4861;0.0705;0.4325;0.0653;0.0003;0.8189;0.2611;0.4147;0.5406;0.0543;0.6272;0.7137;0.646;0.1438;0.7374;0.6661;0.2718;0.3492
,61,61,61,61,61,61,61,61,62,62,62,62,62,62,62,62,62,62,62,62,62,62,62,62,62,62,62,62,62,62,62,62,62,62,62,62,62,62,62,62,62,62,62,62,62,62,62,62,63,63,63,63,63,63,63,63,63,63,63,63,63,63,63,63,63,63,64,64,64,64,64,64,64,64,64
Fitness 237.6503, Gen ;0.697;0.5712;0.6102;0.4861;0.0705;0.4325;0.0653;0.0003;0.8189;0.2611;0.4147;0.5406;0.0543;0.6272;0.7137;0.646;0.1438;0.7374;0.6661;0.2718;0.3492
,60,60,60,60,60,60,60,60,60,60,60,60,60,60,60,60,60,60,60,60,60,61,61,61,61,61,61,61,61,61,61,61,61,61,61,61,61,61,61,61,61,61,61,61,61,61,62,62,62,62,62,62,62,62,62,62,62,62,62,62,62,62,62,62,62,62,62,62,62,62,62,62,62,62,63
Fitness 228.4397, Gen ;0.697;0.5712;0.6102;0.4861;0.0705;0.4325;0.0653;0.0003;0.8189;0.2611;0.4147;0.5406;0.0543;0.6272;0.7137;0.646;0.1438;0.7374;0.6661;0.2718;0.3492
,74,74,74,74,74,74,74,74,74,74,74,74,74,74,74,74,74,74,74,74,74,74,74,74,74,74,74,75,75,75,75,75,75,75,75,75,75,75,75,75,75,75,75,75,75,75,75,75,75,75,75,75,75,75,76,76,76,76,76,76,76,76,76,76,76,76,76,76,76,76,76,76,76,77,77
Fitness 133.0332, Gen ;0.697;0.5712;0.6102;0.4861;0.0705;0.4325;0.0653;0.0003;0.8189;0.2611;0.4147;0.5406;0.0543;0.6272;0.7137;0.646;0.1438;0.7374;0.6661;0.2718;0.3492
,59,59,59,59,59,59,59,59,59,59,59,59,59,59,59,59,60,60,60,60,60,60,60,60,60,60,60,60,60,60,60,60,60,60,60,60,60,60,60,60,60,60,60,60,60,60,60,60,60,60,60,60,60,61,61,61,61,61,61,61,61,61,61,61,61,62,62,62,62,62,62,62,62,62,62
Fitness 167.5133, Gen ;0.697;0.5712;0.6102;0.4861;0.0705;0.4325;0.0653;0.0003;0.8189;0.2611;0.4147;0.5406;0.0543;0.6272;0.7137;0.646;0.1438;0.7374;0.6661;0.2718;0.3492
,62,62,62,62,62,62,62,62,62,62,63,63,63,63,63,63,63,63,63,63,63,63,63,63,63,63,63,63,63,63,63,63,63,64,64,64,64,64,64,64,64,64,64,64,64,64,64,64,64,64,64,64,64,64,64,64,64,64,64,64,64,64,64,64,64,65,65,65,65,65,65,65,65,65,65
Fitness 197.3657, Gen ;0.697;0.5712;0.6102;0.4861;0.0705;0.4325;0.0653;0.0003;0.8189;0.2611;0.4147;0.5406;0.0543;0.6272;0.7137;0.646;0.1438;0.7374;0.6661;0.2718;0.3492
,61,61,61,61,61,61,61,61,61,61,61,61,61,61,61,61,61,61,61,62,62,62,62,62,62,62,62,62,62,62,62,63,63,63,63,63,63,63,63,63,63,63,63,63,63,63,63,63,63,63,63,63,63,63,63,63,63,63,63,63,64,64,64,64,64,64,64,64,64,64,64,64,64,65,65
Fitness 207.4232, Gen ;0.697;0.5712;0.6102;0.4861;0.0705;0.4325;0.0653;0.0003;0.8189;0.2611;0.4147;0.5406;0.0543;0.6272;0.7137;0.646;0.1438;0.7374;0.6661;0.2718;0.3492
,70,70,70,70,70,70,71,71,71,71,71,71,71,71,71,71,71,71,71,71,71,71,72,72,72,72,72,72,72,72,72,72,72,72,72,72,72,72,72,72,72,72,72,72,72,72,72,72,72,73,73,73,73,73,73,73,73,73,73,73,73,73,73,73,73,73,73,73,73,73,73,73,73,73,73
Fitness 122.4059, Gen ;0.697;0.5712;0.6102;0.4861;0.0705;0.4325;0.0653;0.0003;0.8189;0.2611;0.4147;0.5406;0.0543;0.6272;0.7137;0.646;0.1438;0.7374;0.6661;0.2718;0.3492
,57,57,57,58,58,58,58,58,58,58,58,58,58,58,58,58,58,58,58,58,58,58,58,58,58,58,58,58,58,58,58,58,58,58,59,59,59,59,59,59,59,59,59,59,59,59,59,59,59,59,59,59,59,59,59,59,59,59,59,59,59,59,59,60,60,60,60,60,60,60,60,60,61,61,61
Fitness 214.5742, Gen ;0.697;0.5712;0.6102;0.4861;0.0705;0.4325;0.0653;0.0003;0.8189;0.2611;0.4147;0.5406;0.0543;0.6272;0.7137;0.646;0.1438;0.7374;0.6661;0.2718;0.3492
,64,64,64,64,64,64,64,64,64,64,65,65,65,65,65,65,65,65,65,65,65,65,65,65,65,65,65,65,65,65,65,65,65,65,65,65,66,66,66,66,66,66,66,66,66,66,66,66,66,66,66,66,66,66,66,66,66,66,66,66,66,66,66,66,66,67,67,67,67,67,67,67,67,67,67
Fitness 189.4974, Gen ;0.697;0.5712;0.6102;0.4861;0.0705;0.4325;0.0653;0.0003;0.8189;0.2611;0.4147;0.5406;0.0543;0.6272;0.7137;0.646;0.1438;0.7374;0.6661;0.2718;0.3492
,65,65,65,65,65,65,65,65,65,65,65,65,65,65,65,65,65,65,65,65,65,65,65,65,65,65,65,65,65,65,65,65,66,66,66,66,66,66,66,66,66,66,66,66,66,66,66,66,66,66,66,66,66,66,66,66,66,67,67,67,67,67,67,67,67,67,67,67,67,67,67,67,67,68,68
Fitness 192.7526, Gen ;0.697;0.5712;0.6102;0.4861;0.0705;0.4325;0.0653;0.0003;0.8189;0.2611;0.4147;0.5406;0.0543;0.6272;0.7137;0.646;0.1438;0.7374;0.6661;0.2718;0.3492
,71,71,71,71,71,71,71,71,71,71,72,72,72,72,72,72,72,72,72,72,72,72,72,72,72,72,72,72,72,72,72,72,72,72,72,72,72,72,72,72,72,72,73,73,73,73,73,73,73,73,73,73,73,73,73,73,73,73,73,73,73,73,73,73,73,73,73,73,73,73,73,73,73,75,77
Fitness 140.6368, Gen ;0.697;0.5712;0.6102;0.4861;0.0705;0.4325;0.0653;0.0003;0.8189;0.2611;0.4147;0.5406;0.0543;0.6272;0.7137;0.646;0.1438;0.7374;0.6661;0.2718;0.3492
,57,57,57,57,57,57,57,57,57,57,57,58,58,58,58,58,58,58,58,58,58,58,58,58,58,58,58,58,58,58,58,58,58,58,58,58,58,58,58,58,58,58,58,58,59,59,59,59,59,59,59,59,59,59,59,59,59,59,59,59,59,59,59,60,60,60,60,60,60,60,60,60,60,60,62
Fitness 221.8277, Gen ;0.697;0.5712;0.6102;0.4861;0.0705;0.4325;0.0653;0.0003;0.8189;0.2611;0.4147;0.5406;0.0543;0.6272;0.7137;0.646;0.1438;0.7374;0.6661;0.2718;0.3492
,66,66,66,66,66,66,66,66,66,66,66,66,66,66,67,67,67,67,67,67,67,67,67,67,67,67,67,67,67,67,67,67,67,67,67,67,67,67,67,67,67,67,67,67,67,67,67,67,67,67,68,68,68,68,68,68,68,68,68,68,68,68,68,68,68,68,68,68,68,68,68,68,68,68,68
Fitness 178.2954, Gen ;0.697;0.5712;0.6102;0.4861;0.0705;0.4325;0.0653;0.0003;0.8189;0.2611;0.4147;0.5406;0.0543;0.6272;0.7137;0.646;0.1438;0.7374;0.6661;0.2718;0.3492
,65,65,65,65,65,65,65,65,65,65,65,65,65,65,65,65,65,65,65,65,65,65,65,65,65,65,65,65,65,66,66,66,66,66,66,66,66,66,66,66,66,66,66,66,66,66,66,66,66,66,66,66,66,66,67,67,67,67,67,67,67,67,67,67,67,67,67,67,67,67,67,67,67,67,68
Fitness 174.9809, Gen ;0.697;0.5712;0.6102;0.4861;0.0705;0.4325;0.0653;0.0003;0.8189;0.2611;0.4147;0.5406;0.0543;0.6272;0.7137;0.646;0.1438;0.7374;0.6661;0.2718;0.3492
,72,72,72,72,72,72,72,72,72,73,73,73,73,73,73,73,73,73,73,73,73,73,73,73,73,73,73,74,74,74,74,74,74,74,74,74,74,74,74,74,74,74,74,74,74,74,74,74,74,74,74,74,75,75,75,75,75,75,75,75,75,75,75,75,75,75,75,75,75,75,75,75,75,75,76
Fitness 130.0605, Gen ;0.697;0.5712;0.6102;0.4861;0.0705;0.4325;0.0653;0.0003;0.8189;0.2611;0.4147;0.5406;0.0543;0.6272;0.7137;0.646;0.1438;0.7374;0.6661;0.2718;0.3492
,62,62,62,62,62,62,62,63,63,63,63,63,63,63,63,63,63,63,63,63,63,63,63,63,63,63,64,64,64,64,64,64,64,64,64,64,64,64,64,64,64,64,64,64,64,64,64,64,64,64,64,64,64,64,64,64,64,64,64,64,64,65,65,65,65,65,65,65,65,65,65,65,65,65,66
Fitness 220.9443, Gen ;0.697;0.5712;0.6102;0.4861;0.0705;0.4325;0.0653;0.0003;0.8189;0.2611;0.4147;0.5406;0.0543;0.6272;0.7137;0.646;0.1438;0.7374;0.6661;0.2718;0.3492
,64,64,64,64,64,64,64,64,64,64,65,65,65,65,65,65,65,65,65,65,65,65,65,65,65,65,65,65,65,66,66,66,66,66,66,66,66,66,66,66,66,66,66,66,66,66,66,66,66,66,66,66,66,66,66,66,66,66,67,67,67,67,67,67,67,67,67,67,67,67,67,67,67,67,67
Fitness 167.7976, Gen ;0.697;0.5712;0.6102;0.4861;0.0705;0.4325;0.0653;0.0003;0.8189;0.2611;0.4147;0.5406;0.0543;0.6272;0.7137;0.646;0.1438;0.7374;0.6661;0.2718;0.3492
,71,71,72,72,72,72,72,72,72,72,72,72,72,72,72,72,72,72,72,72,72,72,72,72,72,72,72,72,72,73,73,73,73,73,73,73,73,73,73,73,73,73,73,73,73,73,73,73,73,73,73,73,74,74,74,74,74,74,74,74,74,74,74,74,74,74,74,74,74,74,75,75,75,75,75
Fitness 173.8674, Gen ;0.697;0.5712;0.6102;0.4861;0.0705;0.4325;0.0653;0.0003;0.8189;0.2611;0.4147;0.5406;0.0543;0.6272;0.7137;0.646;0.1438;0.7374;0.6661;0.2718;0.3492
,64,64,64,64,64,64,64,64,64,64,64,64,64,64,65,65,65,65,65,65,65,65,65,66,66,66,66,66,66,66,66,66,66,66,66,66,66,66,66,66,66,66,66,66,66,66,66,66,66,66,66,66,66,66,66,66,66,66,66,66,66,66,66,66,67,67,67,67,67,67,67,67,67,67,67
Fitness 128.3383, Gen ;0.697;0.5712;0.6102;0.4861;0.0705;0.4325;0.0653;0.0003;0.8189;0.2611;0.4147;0.5406;0.0543;0.6272;0.7137;0.646;0.1438;0.7374;0.6661;0.2718;0.3492
,59,59,59,59,59,59,59,59,59,59,59,60,60,60,60,60,60,60,60,60,60,60,60,60,60,60,60,60,60,61,61,61,61,61,61,61,61,61,61,61,61,61,61,61,61,61,61,61,61,61,61,61,61,61,61,61,61,61,61,61,61,61,61,61,61,61,61,61,61,61,61,61,61,61,61
Fitness 186.5653, Gen ;0.697;0.5712;0.6102;0.4861;0.0705;0.4325;0.0653;0.0003;0.8189;0.2611;0.4147;0.5406;0.0543;0.6272;0.7137;0.646;0.1438;0.7374;0.6661;0.2718;0.3492
,59,59,59,59,59,59,59,59,59,59,59,59,59,60,60,60,60,60,60,60,60,60,60,60,60,60,60,60,60,60,60,60,60,60,60,60,60,60,60,60,60,60,60,60,61,61,61,61,61,61,61,61,61,61,61,61,61,61,61,61,61,61,61,62,62,62,62,62,62,62,62,62,62,62,62
Fitness 176.8176, Gen ;0.697;0.5712;0.6102;0.4861;0.0705;0.4325;0.0653;0.0003;0.8189;0.2611;0.4147;0.5406;0.0543;0.6272;0.7137;0.646;0.1438;0.7374;0.6661;0.2718;0.3492
,68,68,68,68,68,68,68,68,68,68,68,68,68,68,68,68,68,68,68,68,69,69,69,69,69,69,69,69,69,69,69,69,69,69,69,69,69,69,69,69,69,69,69,69,69,69,70,70,70,70,70,70,70,70,70,70,70,70,70,70,70,70,70,70,70,71,71,71,71,71,71,71,71,71,71
Fitness 134.0368, Gen ;0.697;0.5712;0.6102;0.4861;0.0705;0.4325;0.0653;0.0003;0.8189;0.2611;0.4147;0.5406;0.0543;0.6272;0.7137;0.646;0.1438;0.7374;0.6661;0.2718;0.3492
,58,58,58,58,58,58,58,58,58,58,58,58,58,58,58,58,58,58,59,59,59,59,59,59,59,59,59,59,59,59,59,59,59,59,59,59,59,59,59,60,60,60,60,60,60,60,60,60,60,60,60,60,60,60,60,60,60,61,61,61,61,61,61,61,61,61,61,61,61,61,61,61,62,62,62
Fitness 176.4167, Gen ;0.697;0.5712;0.6102;0.4861;0.0705;0.4325;0.0653;0.0003;0.8189;0.2611;0.4147;0.5406;0.0543;0.6272;0.7137;0.646;0.1438;0.7374;0.6661;0.2718;0.3492
,70,70,70,70,70,70,71,71,71,71,71,71,71,71,71,71,71,71,71,71,71,71,71,71,71,71,71,71,71,71,71,71,71,72,72,72,72,72,72,72,72,72,72,72,72,72,72,72,72,72,72,72,72,72,72,72,72,72,72,72,72,72,72,72,73,73,73,73,73,73,73,73,73,73,73
Fitness 212.3566, Gen ;0.697;0.5712;0.6102;0.4861;0.0705;0.4325;0.0653;0.0003;0.8189;0.2611;0.4147;0.5406;0.0543;0.6272;0.7137;0.646;0.1438;0.7374;0.6661;0.2718;0.3492
,68,68,69,69,69,69,69,69,69,69,69,69,69,69,69,70,70,70,70,70,70,70,70,70,70,70,70,70,70,70,70,70,70,70,70,70,70,70,70,70,70,70,70,70,70,70,70,70,70,70,70,71,71,71,71,71,71,71,71,71,71,71,71,71,71,71,71,71,71,71,72,72,72,72,73
Fitness 211.8482, Gen ;0.697;0.5712;0.6102;0.4861;0.0705;0.4325;0.0653;0.0003;0.8189;0.2611;0.4147;0.5406;0.0543;0.6272;0.7137;0.646;0.1438;0.7374;0.6661;0.2718;0.3492
,56,56,56,56,56,56,56,56,56,56,56,56,56,56,56,56,56,56,56,56,57,57,57,57,57,57,57,57,57,57,57,57,57,57,57,57,57,57,57,57,57,57,57,58,58,58,58,58,58,58,58,58,58,58,58,58,58,58,58,58,58,58,58,58,58,58,58,58,58,58,58,58,58,58,58
Fitness 153.9403, Gen ;0.697;0.5712;0.6102;0.4861;0.0705;0.4325;0.0653;0.0003;0.8189;0.2611;0.4147;0.5406;0.0543;0.6272;0.7137;0.646;0.1438;0.7374;0.6661;0.2718;0.3492
,65,65,65,65,65,65,65,66,66,66,66,66,66,66,66,66,66,66,66,66,66,66,66,66,66,66,67,67,67,67,67,67,67,67,67,67,67,67,67,67,67,67,67,67,67,67,68,68,68,68,68,68,68,68,68,68,68,68,68,68,68,68,68,68,68,68,68,69,69,69,69,69,69,69,69
Fitness 214.2561, Gen ;0.697;0.5712;0.6102;0.4861;0.0705;0.4325;0.0653;0.0003;0.8189;0.2611;0.4147;0.5406;0.0543;0.6272;0.7137;0.646;0.1438;0.7374;0.6661;0.2718;0.3492
,67,67,67,67,67,67,68,68,68,68,68,68,68,68,68,68,68,68,68,68,68,68,68,68,68,68,68,68,68,68,68,68,68,68,68,68,68,68,68,68,69,69,69,69,69,69,69,69,69,69,69,69,69,69,69,69,69,69,69,69,69,70,70,70,70,70,70,70,70,70,70,70,70,70,71
