	25PopravljenStroembom ovc
	5 AI1 ovcarjev
Fitness 94.72044, Gen ;0.6625;0.9678;0.4977;0.9289;0.0474;0.219;0.0069;0.6545;0.5588;0.5603;0.3767;0.5205;0.1009;0.7768;0.0612;0.6077;0.8228;0.8553;0.6504;0.3823;0.6315
,47,47,48,48,48,48,48,48,48,48,48,49,49,49,49,49,49,49,49,49,49,52,52,53,53
Fitness 98.76218, Gen ;0.6625;0.9678;0.4977;0.9289;0.0474;0.219;0.0069;0.6545;0.5588;0.5603;0.3767;0.5205;0.1009;0.7768;0.0612;0.6077;0.8228;0.8553;0.6504;0.3823;0.6315
,47,47,47,47,47,48,48,48,48,48,48,48,48,48,49,49,49,49,50,50,50,50,51,51,51
Fitness 99.51749, Gen ;0.6625;0.9678;0.4977;0.9289;0.0474;0.219;0.0069;0.6545;0.5588;0.5603;0.3767;0.5205;0.1009;0.7768;0.0612;0.6077;0.8228;0.8553;0.6504;0.3823;0.6315
,55,55,55,55,55,56,56,56,56,56,56,56,56,56,56,56,56,56,56,56,57,57,57,61,61
Fitness 99.9267, Gen ;0.6625;0.9678;0.4977;0.9289;0.0474;0.219;0.0069;0.6545;0.5588;0.5603;0.3767;0.5205;0.1009;0.7768;0.0612;0.6077;0.8228;0.8553;0.6504;0.3823;0.6315
,49,49,50,50,50,50,50,50,50,50,50,50,50,50,51,51,51,51,51,51,51,51,51,52,67
Fitness 112.5044, Gen ;0.6625;0.9678;0.4977;0.9289;0.0474;0.219;0.0069;0.6545;0.5588;0.5603;0.3767;0.5205;0.1009;0.7768;0.0612;0.6077;0.8228;0.8553;0.6504;0.3823;0.6315
,51,51,51,51,52,52,52,52,52,52,52,52,52,52,52,52,52,53,53,53,55,55,56,56,56
Fitness 99.78181, Gen ;0.6625;0.9678;0.4977;0.9289;0.0474;0.219;0.0069;0.6545;0.5588;0.5603;0.3767;0.5205;0.1009;0.7768;0.0612;0.6077;0.8228;0.8553;0.6504;0.3823;0.6315
,44,44,44,44,44,44,44,44,44,45,45,45,45,45,45,45,45,45,45,45,45,45,45,45,46
Fitness 102.0258, Gen ;0.6625;0.9678;0.4977;0.9289;0.0474;0.219;0.0069;0.6545;0.5588;0.5603;0.3767;0.5205;0.1009;0.7768;0.0612;0.6077;0.8228;0.8553;0.6504;0.3823;0.6315
,46,46,46,47,47,47,47,47,47,47,47,48,48,48,48,48,48,48,48,48,48,48,48,57,57
Fitness 76.51812, Gen ;0.6625;0.9678;0.4977;0.9289;0.0474;0.219;0.0069;0.6545;0.5588;0.5603;0.3767;0.5205;0.1009;0.7768;0.0612;0.6077;0.8228;0.8553;0.6504;0.3823;0.6315
,55,55,55,55,55,55,55,56,56,56,56,56,56,56,56,56,56,57,57,57,57,57,57,58,59
Fitness 74.72807, Gen ;0.6625;0.9678;0.4977;0.9289;0.0474;0.219;0.0069;0.6545;0.5588;0.5603;0.3767;0.5205;0.1009;0.7768;0.0612;0.6077;0.8228;0.8553;0.6504;0.3823;0.6315
,55,55,55,55,55,56,56,56,56,56,56,56,56,56,56,57,57,57,57,57,57,57,62,72,72
Fitness 89.4677, Gen ;0.6625;0.9678;0.4977;0.9289;0.0474;0.219;0.0069;0.6545;0.5588;0.5603;0.3767;0.5205;0.1009;0.7768;0.0612;0.6077;0.8228;0.8553;0.6504;0.3823;0.6315
,47,47,47,48,48,48,48,48,48,48,48,48,49,49,49,49,49,49,49,49,49,49,49,50,51
Fitness 117.8179, Gen ;0.6625;0.9678;0.4977;0.9289;0.0474;0.219;0.0069;0.6545;0.5588;0.5603;0.3767;0.5205;0.1009;0.7768;0.0612;0.6077;0.8228;0.8553;0.6504;0.3823;0.6315
,52,53,53,53,53,53,53,53,54,54,54,54,54,54,54,54,54,54,54,54,54,55,55,55,55
Fitness 92.87029, Gen ;0.6625;0.9678;0.4977;0.9289;0.0474;0.219;0.0069;0.6545;0.5588;0.5603;0.3767;0.5205;0.1009;0.7768;0.0612;0.6077;0.8228;0.8553;0.6504;0.3823;0.6315
,47,47,47,48,48,48,48,48,48,48,48,48,48,49,49,49,49,49,49,50,50,52,53,53,60
Fitness 78.69518, Gen ;0.6625;0.9678;0.4977;0.9289;0.0474;0.219;0.0069;0.6545;0.5588;0.5603;0.3767;0.5205;0.1009;0.7768;0.0612;0.6077;0.8228;0.8553;0.6504;0.3823;0.6315
,45,46,46,46,46,46,46,46,46,46,47,47,47,47,47,47,47,47,47,47,47,48,48,49,52
Fitness 61.68771, Gen ;0.6625;0.9678;0.4977;0.9289;0.0474;0.219;0.0069;0.6545;0.5588;0.5603;0.3767;0.5205;0.1009;0.7768;0.0612;0.6077;0.8228;0.8553;0.6504;0.3823;0.6315
,51,51,51,51,51,51,51,51,51,51,51,51,51,52,52,52,52,52,54,54,55,55,62,62,62
Fitness 101.8022, Gen ;0.6625;0.9678;0.4977;0.9289;0.0474;0.219;0.0069;0.6545;0.5588;0.5603;0.3767;0.5205;0.1009;0.7768;0.0612;0.6077;0.8228;0.8553;0.6504;0.3823;0.6315
,46,46,47,47,47,47,47,47,47,47,47,48,48,48,48,48,48,48,48,48,48,49,49,50,52
Fitness 87.63663, Gen ;0.6625;0.9678;0.4977;0.9289;0.0474;0.219;0.0069;0.6545;0.5588;0.5603;0.3767;0.5205;0.1009;0.7768;0.0612;0.6077;0.8228;0.8553;0.6504;0.3823;0.6315
,53,53,53,53,53,53,53,53,54,54,54,54,54,54,54,54,54,54,54,59,59,60,60,60,60
Fitness 86.20632, Gen ;0.6625;0.9678;0.4977;0.9289;0.0474;0.219;0.0069;0.6545;0.5588;0.5603;0.3767;0.5205;0.1009;0.7768;0.0612;0.6077;0.8228;0.8553;0.6504;0.3823;0.6315
,46,46,46,46,47,47,47,47,47,47,47,47,48,48,48,48,48,48,48,48,49,49,49,49,50
Fitness 103.5687, Gen ;0.6625;0.9678;0.4977;0.9289;0.0474;0.219;0.0069;0.6545;0.5588;0.5603;0.3767;0.5205;0.1009;0.7768;0.0612;0.6077;0.8228;0.8553;0.6504;0.3823;0.6315
,52,52,52,52,52,53,53,53,53,53,53,53,53,53,53,53,53,54,54,54,54,54,54,58,58
Fitness 79.68491, Gen ;0.6625;0.9678;0.4977;0.9289;0.0474;0.219;0.0069;0.6545;0.5588;0.5603;0.3767;0.5205;0.1009;0.7768;0.0612;0.6077;0.8228;0.8553;0.6504;0.3823;0.6315
,51,51,51,51,51,51,52,52,52,52,52,52,52,52,52,52,52,53,53,53,53,53,53,53,54
Fitness 101.0854, Gen ;0.6625;0.9678;0.4977;0.9289;0.0474;0.219;0.0069;0.6545;0.5588;0.5603;0.3767;0.5205;0.1009;0.7768;0.0612;0.6077;0.8228;0.8553;0.6504;0.3823;0.6315
,46,46,46,46,46,46,46,46,46,47,47,47,47,47,47,48,48,48,48,49,49,50,50,50,50
Fitness 79.86607, Gen ;0.6625;0.9678;0.4977;0.9289;0.0474;0.219;0.0069;0.6545;0.5588;0.5603;0.3767;0.5205;0.1009;0.7768;0.0612;0.6077;0.8228;0.8553;0.6504;0.3823;0.6315
,49,49,49,49,49,50,50,50,50,50,50,50,50,51,51,51,51,51,51,51,51,51,52,52,52
Fitness 104.7126, Gen ;0.6625;0.9678;0.4977;0.9289;0.0474;0.219;0.0069;0.6545;0.5588;0.5603;0.3767;0.5205;0.1009;0.7768;0.0612;0.6077;0.8228;0.8553;0.6504;0.3823;0.6315
,44,45,45,45,45,45,45,45,45,45,45,46,46,46,46,46,46,46,46,46,46,47,47,47,47
Fitness 84.21311, Gen ;0.6625;0.9678;0.4977;0.9289;0.0474;0.219;0.0069;0.6545;0.5588;0.5603;0.3767;0.5205;0.1009;0.7768;0.0612;0.6077;0.8228;0.8553;0.6504;0.3823;0.6315
,56,56,56,58,58,58,58,58,58,58,58,58,59,59,59,59,59,59,59,59,59,60,60,60,111
Fitness 93.9775, Gen ;0.6625;0.9678;0.4977;0.9289;0.0474;0.219;0.0069;0.6545;0.5588;0.5603;0.3767;0.5205;0.1009;0.7768;0.0612;0.6077;0.8228;0.8553;0.6504;0.3823;0.6315
,53,53,53,53,54,54,54,54,54,54,54,54,54,54,54,55,55,55,55,55,56,56,56,56,56
Fitness 106.8576, Gen ;0.6625;0.9678;0.4977;0.9289;0.0474;0.219;0.0069;0.6545;0.5588;0.5603;0.3767;0.5205;0.1009;0.7768;0.0612;0.6077;0.8228;0.8553;0.6504;0.3823;0.6315
,47,47,47,47,47,47,47,47,48,48,48,48,48,48,48,48,48,48,49,49,49,49,50,50,51
Fitness 99.31639, Gen ;0.6625;0.9678;0.4977;0.9289;0.0474;0.219;0.0069;0.6545;0.5588;0.5603;0.3767;0.5205;0.1009;0.7768;0.0612;0.6077;0.8228;0.8553;0.6504;0.3823;0.6315
,46,46,46,46,47,47,47,47,47,47,47,47,47,47,47,47,47,48,48,48,48,48,48,53,53
Fitness 114.6883, Gen ;0.6625;0.9678;0.4977;0.9289;0.0474;0.219;0.0069;0.6545;0.5588;0.5603;0.3767;0.5205;0.1009;0.7768;0.0612;0.6077;0.8228;0.8553;0.6504;0.3823;0.6315
,54,54,54,54,54,54,54,54,55,55,55,55,55,55,55,55,55,55,56,56,56,61,62,62,62
Fitness 23.61826, Gen ;0.6625;0.9678;0.4977;0.9289;0.0474;0.219;0.0069;0.6545;0.5588;0.5603;0.3767;0.5205;0.1009;0.7768;0.0612;0.6077;0.8228;0.8553;0.6504;0.3823;0.6315
,42,42,42,42,43,43,43,43,43,43,43,43,43,43,44,44,44,44,44,45,45,45,46,47,47
Fitness 85.57853, Gen ;0.6625;0.9678;0.4977;0.9289;0.0474;0.219;0.0069;0.6545;0.5588;0.5603;0.3767;0.5205;0.1009;0.7768;0.0612;0.6077;0.8228;0.8553;0.6504;0.3823;0.6315
,50,50,50,50,50,50,50,50,51,51,51,51,51,51,51,51,51,51,51,52,52,52,53,54,54
Fitness 102.5276, Gen ;0.6625;0.9678;0.4977;0.9289;0.0474;0.219;0.0069;0.6545;0.5588;0.5603;0.3767;0.5205;0.1009;0.7768;0.0612;0.6077;0.8228;0.8553;0.6504;0.3823;0.6315
,48,48,48,48,48,48,48,49,49,49,49,49,49,49,49,49,50,50,50,51,51,51,52,52,62
Fitness 99.23705, Gen ;0.6625;0.9678;0.4977;0.9289;0.0474;0.219;0.0069;0.6545;0.5588;0.5603;0.3767;0.5205;0.1009;0.7768;0.0612;0.6077;0.8228;0.8553;0.6504;0.3823;0.6315
,48,49,49,49,49,49,49,49,50,50,50,50,50,50,50,50,50,50,50,51,51,51,52,52,53
Fitness 76.74174, Gen ;0.6625;0.9678;0.4977;0.9289;0.0474;0.219;0.0069;0.6545;0.5588;0.5603;0.3767;0.5205;0.1009;0.7768;0.0612;0.6077;0.8228;0.8553;0.6504;0.3823;0.6315
,45,46,46,46,46,46,46,46,46,46,46,46,46,47,47,47,47,47,47,47,49,57,57,57,57
Fitness 116.5111, Gen ;0.6625;0.9678;0.4977;0.9289;0.0474;0.219;0.0069;0.6545;0.5588;0.5603;0.3767;0.5205;0.1009;0.7768;0.0612;0.6077;0.8228;0.8553;0.6504;0.3823;0.6315
,44,44,44,44,45,45,45,45,45,45,45,45,45,45,45,45,45,46,46,46,46,46,46,46,46
Fitness 94.95733, Gen ;0.6625;0.9678;0.4977;0.9289;0.0474;0.219;0.0069;0.6545;0.5588;0.5603;0.3767;0.5205;0.1009;0.7768;0.0612;0.6077;0.8228;0.8553;0.6504;0.3823;0.6315
,47,47,48,48,48,48,48,48,48,48,48,48,48,48,48,49,49,49,49,49,49,49,49,50,50
Fitness 84.55488, Gen ;0.6625;0.9678;0.4977;0.9289;0.0474;0.219;0.0069;0.6545;0.5588;0.5603;0.3767;0.5205;0.1009;0.7768;0.0612;0.6077;0.8228;0.8553;0.6504;0.3823;0.6315
,51,52,52,52,52,52,52,52,52,52,52,52,53,53,53,53,53,53,53,53,53,53,53,54,54
Fitness 98.43565, Gen ;0.6625;0.9678;0.4977;0.9289;0.0474;0.219;0.0069;0.6545;0.5588;0.5603;0.3767;0.5205;0.1009;0.7768;0.0612;0.6077;0.8228;0.8553;0.6504;0.3823;0.6315
,52,52,52,52,52,52,52,53,53,53,53,53,53,53,53,53,53,53,53,53,54,54,54,54,55
Fitness 93.07606, Gen ;0.6625;0.9678;0.4977;0.9289;0.0474;0.219;0.0069;0.6545;0.5588;0.5603;0.3767;0.5205;0.1009;0.7768;0.0612;0.6077;0.8228;0.8553;0.6504;0.3823;0.6315
,51,51,51,52,52,52,52,52,52,52,52,52,52,52,53,53,53,53,53,53,53,53,53,55,55
Fitness 115.7584, Gen ;0.6625;0.9678;0.4977;0.9289;0.0474;0.219;0.0069;0.6545;0.5588;0.5603;0.3767;0.5205;0.1009;0.7768;0.0612;0.6077;0.8228;0.8553;0.6504;0.3823;0.6315
,54,55,55,55,55,55,55,55,55,55,55,55,55,55,56,56,56,56,56,56,56,57,57,58,61
Fitness 105.3857, Gen ;0.6625;0.9678;0.4977;0.9289;0.0474;0.219;0.0069;0.6545;0.5588;0.5603;0.3767;0.5205;0.1009;0.7768;0.0612;0.6077;0.8228;0.8553;0.6504;0.3823;0.6315
,50,51,51,51,51,51,52,52,52,52,52,52,52,52,52,53,53,53,53,53,53,53,53,55,56
Fitness 92.57491, Gen ;0.6625;0.9678;0.4977;0.9289;0.0474;0.219;0.0069;0.6545;0.5588;0.5603;0.3767;0.5205;0.1009;0.7768;0.0612;0.6077;0.8228;0.8553;0.6504;0.3823;0.6315
,49,49,49,49,49,49,50,50,50,50,50,50,50,50,50,50,50,51,51,51,51,51,53,53,61
