	75PopravljenStroembom ovc
	4 AI1 ovcarjev
Fitness 273.7074, Gen ;0.9738;0.711;0.6636;0.6052;0.1381;0.8866;0.2087;0.6617;0.943;0.2343;0.1023;0.4222;0.1913;0.5466;0.9157;0.5055;0.3789;0.8693;0.5226;0.394;0.9098
,53,53,53,53,53,53,53,53,53,53,53,53,53,53,53,53,53,53,53,53,53,53,53,53,53,53,53,53,53,53,53,54,54,54,54,54,54,54,54,54,54,54,54,54,54,54,54,54,54,54,54,54,54,55,55,55,55,55,55,55,55,55,55,55,55,55,55,55,55,55,55,55,61,62,62
Fitness 275.9736, Gen ;0.9738;0.711;0.6636;0.6052;0.1381;0.8866;0.2087;0.6617;0.943;0.2343;0.1023;0.4222;0.1913;0.5466;0.9157;0.5055;0.3789;0.8693;0.5226;0.394;0.9098
,53,54,54,54,54,54,54,54,54,54,54,54,54,54,54,54,54,54,54,54,54,54,54,54,54,54,54,54,54,54,54,54,54,54,54,54,54,54,54,54,54,54,54,54,54,54,54,54,54,54,54,54,54,54,54,55,55,55,55,55,55,55,55,55,55,55,55,55,55,55,56,56,56,56,56
Fitness 277.0091, Gen ;0.9738;0.711;0.6636;0.6052;0.1381;0.8866;0.2087;0.6617;0.943;0.2343;0.1023;0.4222;0.1913;0.5466;0.9157;0.5055;0.3789;0.8693;0.5226;0.394;0.9098
,59,59,59,59,59,59,59,59,59,59,59,59,59,59,59,59,59,59,59,59,59,60,60,60,60,60,60,60,60,60,60,60,60,60,60,60,60,60,60,60,60,60,60,60,60,60,60,60,60,60,60,60,60,60,60,60,61,61,61,61,61,61,61,61,61,61,61,61,61,61,61,61,61,61,61
Fitness 287.2256, Gen ;0.9738;0.711;0.6636;0.6052;0.1381;0.8866;0.2087;0.6617;0.943;0.2343;0.1023;0.4222;0.1913;0.5466;0.9157;0.5055;0.3789;0.8693;0.5226;0.394;0.9098
,48,48,48,48,48,48,49,49,49,49,49,49,49,49,49,49,49,49,49,49,49,49,49,49,49,49,49,49,49,49,49,49,49,49,49,49,49,49,49,49,50,50,50,50,50,50,50,50,50,50,50,50,50,50,50,50,50,50,50,50,50,50,50,50,50,50,50,50,51,51,51,51,51,51,51
Fitness 295.6707, Gen ;0.9738;0.711;0.6636;0.6052;0.1381;0.8866;0.2087;0.6617;0.943;0.2343;0.1023;0.4222;0.1913;0.5466;0.9157;0.5055;0.3789;0.8693;0.5226;0.394;0.9098
,49,49,50,50,50,50,50,50,50,50,50,50,50,50,50,50,50,50,50,50,50,50,50,50,50,50,50,50,50,50,50,50,51,51,51,51,51,51,51,51,51,51,51,51,51,51,51,51,51,51,51,51,51,51,51,51,51,51,51,51,51,51,51,51,51,51,51,51,52,52,52,52,52,52,52
Fitness 235.7707, Gen ;0.9738;0.711;0.6636;0.6052;0.1381;0.8866;0.2087;0.6617;0.943;0.2343;0.1023;0.4222;0.1913;0.5466;0.9157;0.5055;0.3789;0.8693;0.5226;0.394;0.9098
,49,50,50,50,50,50,50,50,50,50,50,50,50,50,50,50,50,50,50,50,50,50,50,50,50,50,50,50,50,50,50,50,50,50,50,51,51,51,51,51,51,51,51,51,51,51,51,51,51,51,51,51,51,51,51,51,51,51,51,51,51,51,51,51,51,51,51,51,51,52,52,52,52,52,52
Fitness 261.1372, Gen ;0.9738;0.711;0.6636;0.6052;0.1381;0.8866;0.2087;0.6617;0.943;0.2343;0.1023;0.4222;0.1913;0.5466;0.9157;0.5055;0.3789;0.8693;0.5226;0.394;0.9098
,49,49,49,49,49,49,49,49,49,49,49,49,50,50,50,50,50,50,50,50,50,50,50,50,50,50,50,50,50,50,50,50,50,50,50,50,50,50,50,50,50,50,50,50,50,50,50,50,50,50,50,51,51,51,51,51,51,51,51,51,51,51,51,51,51,51,51,51,51,51,51,51,51,51,51
Fitness 215.0806, Gen ;0.9738;0.711;0.6636;0.6052;0.1381;0.8866;0.2087;0.6617;0.943;0.2343;0.1023;0.4222;0.1913;0.5466;0.9157;0.5055;0.3789;0.8693;0.5226;0.394;0.9098
,52,52,52,52,52,52,52,52,52,52,53,53,53,53,53,53,53,53,53,53,53,53,53,53,53,53,53,53,53,53,53,53,53,53,53,53,53,53,53,53,53,53,53,53,53,53,53,53,53,53,53,53,53,53,53,53,53,53,53,53,53,53,54,54,54,54,54,54,54,54,54,54,54,55,55
Fitness 300.0753, Gen ;0.9738;0.711;0.6636;0.6052;0.1381;0.8866;0.2087;0.6617;0.943;0.2343;0.1023;0.4222;0.1913;0.5466;0.9157;0.5055;0.3789;0.8693;0.5226;0.394;0.9098
,50,51,51,51,51,51,51,51,51,51,51,51,51,51,51,51,51,51,51,51,51,51,51,51,51,51,51,51,51,51,51,51,51,51,51,51,51,51,51,52,52,52,52,52,52,52,52,52,52,52,52,52,52,52,52,52,52,52,52,52,52,52,52,52,52,52,52,52,52,52,53,53,53,53,53
Fitness 293.5515, Gen ;0.9738;0.711;0.6636;0.6052;0.1381;0.8866;0.2087;0.6617;0.943;0.2343;0.1023;0.4222;0.1913;0.5466;0.9157;0.5055;0.3789;0.8693;0.5226;0.394;0.9098
,48,48,48,48,48,48,48,48,48,48,48,48,48,48,48,48,48,48,48,48,49,49,49,49,49,49,49,49,49,49,49,49,49,49,49,49,49,49,49,49,49,49,49,49,49,49,49,49,49,49,49,49,49,49,49,50,50,50,50,50,50,50,50,50,50,50,50,50,50,50,50,50,51,51,51
Fitness 295.7494, Gen ;0.9738;0.711;0.6636;0.6052;0.1381;0.8866;0.2087;0.6617;0.943;0.2343;0.1023;0.4222;0.1913;0.5466;0.9157;0.5055;0.3789;0.8693;0.5226;0.394;0.9098
,54,54,54,54,54,54,54,54,54,54,54,54,54,54,54,54,54,54,55,55,55,55,55,55,55,55,55,55,55,55,55,55,55,55,55,55,55,55,55,55,55,55,55,55,55,55,55,55,55,55,55,55,55,55,55,55,56,56,56,56,56,56,56,56,56,56,56,56,56,56,56,56,56,56,57
Fitness 298.8802, Gen ;0.9738;0.711;0.6636;0.6052;0.1381;0.8866;0.2087;0.6617;0.943;0.2343;0.1023;0.4222;0.1913;0.5466;0.9157;0.5055;0.3789;0.8693;0.5226;0.394;0.9098
,54,54,54,54,54,54,54,54,54,54,54,54,54,54,54,54,54,54,54,54,54,54,54,54,54,54,54,54,54,54,54,54,54,54,54,54,54,55,55,55,55,55,55,55,55,55,55,55,55,55,55,55,55,55,55,55,55,55,55,55,55,55,55,55,55,55,55,56,56,56,56,56,56,56,56
Fitness 270.2685, Gen ;0.9738;0.711;0.6636;0.6052;0.1381;0.8866;0.2087;0.6617;0.943;0.2343;0.1023;0.4222;0.1913;0.5466;0.9157;0.5055;0.3789;0.8693;0.5226;0.394;0.9098
,54,54,54,54,54,54,54,54,54,54,54,54,54,54,54,54,54,54,54,54,54,54,54,54,54,54,54,54,54,54,54,55,55,55,55,55,55,55,55,55,55,55,55,55,55,55,55,55,55,55,55,55,55,55,55,55,55,55,55,55,55,55,55,55,55,55,55,55,56,56,56,56,56,56,56
Fitness 284.4697, Gen ;0.9738;0.711;0.6636;0.6052;0.1381;0.8866;0.2087;0.6617;0.943;0.2343;0.1023;0.4222;0.1913;0.5466;0.9157;0.5055;0.3789;0.8693;0.5226;0.394;0.9098
,50,50,50,50,50,50,50,50,50,50,50,50,50,50,50,50,51,51,51,51,51,51,51,51,51,51,51,51,51,51,51,51,51,51,51,51,51,51,51,51,51,51,51,51,51,51,51,51,51,51,51,51,51,51,51,51,52,52,52,52,52,52,52,52,52,52,52,52,52,52,52,52,52,52,60
Fitness 304.7558, Gen ;0.9738;0.711;0.6636;0.6052;0.1381;0.8866;0.2087;0.6617;0.943;0.2343;0.1023;0.4222;0.1913;0.5466;0.9157;0.5055;0.3789;0.8693;0.5226;0.394;0.9098
,60,60,60,60,60,60,60,60,61,61,61,61,61,61,61,61,61,61,61,61,61,61,61,61,61,61,61,61,61,61,61,61,61,61,61,61,61,61,61,61,61,61,61,61,61,61,61,61,61,61,61,61,61,61,61,61,61,62,62,62,62,62,62,62,62,62,62,62,62,62,65,65,66,66,72
Fitness 253.5853, Gen ;0.9738;0.711;0.6636;0.6052;0.1381;0.8866;0.2087;0.6617;0.943;0.2343;0.1023;0.4222;0.1913;0.5466;0.9157;0.5055;0.3789;0.8693;0.5226;0.394;0.9098
,48,48,48,48,48,48,48,48,48,48,48,48,48,48,48,48,48,48,48,48,48,48,48,48,48,48,48,48,48,48,48,48,48,49,49,49,49,49,49,49,49,49,49,49,49,49,49,49,49,49,49,49,49,49,49,49,49,49,49,49,49,49,49,49,49,50,50,50,50,50,50,50,51,51,51
Fitness 258.4206, Gen ;0.9738;0.711;0.6636;0.6052;0.1381;0.8866;0.2087;0.6617;0.943;0.2343;0.1023;0.4222;0.1913;0.5466;0.9157;0.5055;0.3789;0.8693;0.5226;0.394;0.9098
,50,50,50,50,50,50,50,50,50,50,50,50,50,50,50,50,50,50,50,50,51,51,51,51,51,51,51,51,51,51,51,51,51,51,51,51,51,51,51,51,51,51,51,51,51,51,51,51,51,51,51,51,51,51,51,51,51,51,51,51,51,52,52,52,52,52,52,52,52,52,52,52,53,54,55
Fitness 257.0116, Gen ;0.9738;0.711;0.6636;0.6052;0.1381;0.8866;0.2087;0.6617;0.943;0.2343;0.1023;0.4222;0.1913;0.5466;0.9157;0.5055;0.3789;0.8693;0.5226;0.394;0.9098
,53,53,53,53,53,53,53,53,53,53,53,53,53,53,53,53,53,54,54,54,54,54,54,54,54,54,54,54,54,54,54,54,54,54,54,54,54,54,54,54,54,54,54,54,54,54,54,54,54,55,55,55,55,55,55,55,55,55,55,55,55,55,55,55,55,55,55,55,55,55,55,55,55,56,56
Fitness 256.8732, Gen ;0.9738;0.711;0.6636;0.6052;0.1381;0.8866;0.2087;0.6617;0.943;0.2343;0.1023;0.4222;0.1913;0.5466;0.9157;0.5055;0.3789;0.8693;0.5226;0.394;0.9098
,53,53,53,53,53,53,54,54,54,54,54,54,54,54,54,54,54,54,54,54,54,54,54,54,54,54,54,54,54,54,54,54,54,54,54,54,54,54,54,54,54,54,54,54,54,54,54,54,54,54,54,55,55,55,55,55,55,55,55,55,55,55,55,55,55,55,55,55,55,57,58,58,58,58,58
Fitness 175.4586, Gen ;0.9738;0.711;0.6636;0.6052;0.1381;0.8866;0.2087;0.6617;0.943;0.2343;0.1023;0.4222;0.1913;0.5466;0.9157;0.5055;0.3789;0.8693;0.5226;0.394;0.9098
,51,51,51,51,51,51,51,51,51,51,51,51,51,51,51,51,51,51,51,51,51,51,51,51,51,51,51,52,52,52,52,52,52,52,52,52,52,52,52,52,52,52,52,52,52,52,52,52,52,52,52,52,52,52,52,52,52,52,52,52,52,52,52,52,52,52,53,53,53,55,55,56,56,56,56
Fitness 307.6964, Gen ;0.9738;0.711;0.6636;0.6052;0.1381;0.8866;0.2087;0.6617;0.943;0.2343;0.1023;0.4222;0.1913;0.5466;0.9157;0.5055;0.3789;0.8693;0.5226;0.394;0.9098
,46,46,46,46,46,46,47,47,47,47,47,47,47,47,47,47,47,47,47,47,47,47,47,47,47,47,47,47,47,47,48,48,48,48,48,48,48,48,48,48,48,48,48,48,48,48,48,48,48,48,48,48,48,48,48,48,48,48,48,48,48,48,48,48,48,48,48,48,48,48,49,49,49,49,49
Fitness 278.8442, Gen ;0.9738;0.711;0.6636;0.6052;0.1381;0.8866;0.2087;0.6617;0.943;0.2343;0.1023;0.4222;0.1913;0.5466;0.9157;0.5055;0.3789;0.8693;0.5226;0.394;0.9098
,53,53,53,53,53,53,53,53,53,53,53,53,53,53,53,53,53,53,53,54,54,54,54,54,54,54,54,54,54,54,54,54,54,54,54,54,54,54,54,54,54,54,54,54,54,54,54,54,54,54,54,54,54,54,54,54,54,54,54,54,55,55,55,55,55,55,55,55,55,55,55,58,58,58,58
Fitness 259.6421, Gen ;0.9738;0.711;0.6636;0.6052;0.1381;0.8866;0.2087;0.6617;0.943;0.2343;0.1023;0.4222;0.1913;0.5466;0.9157;0.5055;0.3789;0.8693;0.5226;0.394;0.9098
,57,57,57,57,57,57,57,57,57,57,57,57,57,57,57,57,57,57,57,57,57,57,57,57,57,57,57,57,57,57,57,57,57,57,57,57,57,57,57,57,57,57,57,57,57,57,58,58,58,58,58,58,58,58,58,58,58,58,58,58,58,58,58,58,58,58,58,58,59,59,59,59,59,59,63
Fitness 249.9304, Gen ;0.9738;0.711;0.6636;0.6052;0.1381;0.8866;0.2087;0.6617;0.943;0.2343;0.1023;0.4222;0.1913;0.5466;0.9157;0.5055;0.3789;0.8693;0.5226;0.394;0.9098
,49,49,49,49,49,49,49,49,49,49,49,49,49,49,49,49,49,49,49,50,50,50,50,50,50,50,50,50,50,50,50,50,50,50,50,50,50,50,50,50,50,50,50,51,51,51,51,51,51,51,51,51,51,51,51,51,51,51,51,51,51,51,51,51,51,51,51,51,51,51,51,51,51,51,51
Fitness 269.0082, Gen ;0.9738;0.711;0.6636;0.6052;0.1381;0.8866;0.2087;0.6617;0.943;0.2343;0.1023;0.4222;0.1913;0.5466;0.9157;0.5055;0.3789;0.8693;0.5226;0.394;0.9098
,55,55,55,55,55,55,55,55,55,55,55,55,55,55,55,55,55,55,55,55,55,55,55,55,55,55,55,55,55,55,55,55,55,55,55,55,55,55,56,56,56,56,56,56,56,56,56,56,56,56,56,56,56,56,56,56,56,56,56,56,56,56,56,56,56,56,56,56,56,56,56,57,57,57,60
Fitness 322.6197, Gen ;0.9738;0.711;0.6636;0.6052;0.1381;0.8866;0.2087;0.6617;0.943;0.2343;0.1023;0.4222;0.1913;0.5466;0.9157;0.5055;0.3789;0.8693;0.5226;0.394;0.9098
,49,49,49,49,49,49,49,49,49,49,49,49,50,50,50,50,50,50,50,50,50,50,50,50,50,50,50,50,50,50,50,50,50,50,50,50,50,50,50,50,50,50,50,50,50,50,50,50,50,50,50,50,50,50,50,50,50,50,50,50,50,50,50,50,50,51,51,51,51,51,51,51,51,51,52
Fitness 251.3805, Gen ;0.9738;0.711;0.6636;0.6052;0.1381;0.8866;0.2087;0.6617;0.943;0.2343;0.1023;0.4222;0.1913;0.5466;0.9157;0.5055;0.3789;0.8693;0.5226;0.394;0.9098
,60,60,60,60,60,60,60,60,60,60,60,60,60,60,60,60,60,60,60,60,60,60,60,60,60,60,60,60,60,60,60,60,60,60,60,60,60,60,60,60,60,60,60,60,60,60,61,61,61,61,61,61,61,61,61,61,61,61,61,61,61,61,61,61,61,61,61,61,61,62,62,63,63,63,63
Fitness 218.1197, Gen ;0.9738;0.711;0.6636;0.6052;0.1381;0.8866;0.2087;0.6617;0.943;0.2343;0.1023;0.4222;0.1913;0.5466;0.9157;0.5055;0.3789;0.8693;0.5226;0.394;0.9098
,54,54,54,54,54,54,54,54,54,54,54,54,54,54,54,55,55,55,55,55,55,55,55,55,55,55,55,55,55,55,55,55,55,55,55,55,55,55,55,55,55,55,55,55,55,55,55,55,55,55,55,55,55,55,55,56,56,56,56,56,56,56,56,56,56,56,56,57,57,57,57,57,57,57,57
Fitness 297.0936, Gen ;0.9738;0.711;0.6636;0.6052;0.1381;0.8866;0.2087;0.6617;0.943;0.2343;0.1023;0.4222;0.1913;0.5466;0.9157;0.5055;0.3789;0.8693;0.5226;0.394;0.9098
,51,51,51,51,51,51,51,51,51,51,51,51,51,51,51,51,51,51,51,51,51,51,51,51,51,51,51,51,51,51,51,51,51,51,51,51,51,51,51,51,51,51,51,52,52,52,52,52,52,52,52,52,52,52,52,52,52,52,52,52,52,52,52,52,52,52,52,52,52,52,53,53,53,54,54
Fitness 236.8474, Gen ;0.9738;0.711;0.6636;0.6052;0.1381;0.8866;0.2087;0.6617;0.943;0.2343;0.1023;0.4222;0.1913;0.5466;0.9157;0.5055;0.3789;0.8693;0.5226;0.394;0.9098
,53,53,53,53,53,53,53,53,53,53,53,53,53,53,53,53,53,53,53,53,53,53,53,53,53,53,53,53,53,53,53,53,53,53,53,53,53,53,53,54,54,54,54,54,54,54,54,54,54,54,54,54,54,54,54,54,54,54,54,54,54,54,54,54,54,54,54,54,54,54,54,54,54,55,55
Fitness 296.3169, Gen ;0.9738;0.711;0.6636;0.6052;0.1381;0.8866;0.2087;0.6617;0.943;0.2343;0.1023;0.4222;0.1913;0.5466;0.9157;0.5055;0.3789;0.8693;0.5226;0.394;0.9098
,51,51,51,52,52,52,52,52,52,52,52,52,52,52,52,52,52,52,52,52,52,52,52,52,52,52,52,52,52,52,52,52,52,52,52,52,53,53,53,53,53,53,53,53,53,53,53,53,53,53,53,53,53,53,53,53,53,53,53,53,53,53,53,53,53,53,54,54,54,54,54,54,54,54,54
Fitness 207.8307, Gen ;0.9738;0.711;0.6636;0.6052;0.1381;0.8866;0.2087;0.6617;0.943;0.2343;0.1023;0.4222;0.1913;0.5466;0.9157;0.5055;0.3789;0.8693;0.5226;0.394;0.9098
,51,51,51,51,51,52,52,52,52,52,52,52,52,52,52,52,52,52,52,52,52,52,52,52,52,52,52,52,52,52,52,52,52,52,52,52,52,52,52,52,52,52,52,52,52,53,53,53,53,53,53,53,53,53,53,53,53,53,53,53,53,53,53,53,53,53,53,53,53,56,56,56,56,56,56
Fitness 253.0209, Gen ;0.9738;0.711;0.6636;0.6052;0.1381;0.8866;0.2087;0.6617;0.943;0.2343;0.1023;0.4222;0.1913;0.5466;0.9157;0.5055;0.3789;0.8693;0.5226;0.394;0.9098
,50,50,50,50,50,50,50,50,50,50,50,50,51,51,51,51,51,51,51,51,51,51,51,51,51,51,51,51,51,51,51,51,51,51,51,51,51,51,51,51,51,51,51,51,51,51,51,51,51,51,52,52,52,52,52,52,52,52,52,52,52,52,52,52,52,52,52,52,52,52,52,52,52,52,52
Fitness 279.5533, Gen ;0.9738;0.711;0.6636;0.6052;0.1381;0.8866;0.2087;0.6617;0.943;0.2343;0.1023;0.4222;0.1913;0.5466;0.9157;0.5055;0.3789;0.8693;0.5226;0.394;0.9098
,51,51,51,51,51,51,51,51,51,51,51,51,51,51,51,51,51,51,51,51,51,51,51,52,52,52,52,52,52,52,52,52,52,52,52,52,52,52,52,52,52,52,52,52,52,52,52,52,52,52,52,53,53,53,53,53,53,53,53,53,53,53,53,53,53,53,53,53,53,53,53,53,53,53,53
Fitness 267.5817, Gen ;0.9738;0.711;0.6636;0.6052;0.1381;0.8866;0.2087;0.6617;0.943;0.2343;0.1023;0.4222;0.1913;0.5466;0.9157;0.5055;0.3789;0.8693;0.5226;0.394;0.9098
,52,52,52,52,52,52,52,52,52,52,52,52,52,52,52,52,52,52,52,52,52,53,53,53,53,53,53,53,53,53,53,53,53,53,53,53,53,53,53,53,53,53,53,53,53,53,53,53,53,53,53,53,53,53,53,53,53,53,54,54,54,54,54,54,54,54,54,54,54,54,54,54,54,57,60
Fitness 276.2202, Gen ;0.9738;0.711;0.6636;0.6052;0.1381;0.8866;0.2087;0.6617;0.943;0.2343;0.1023;0.4222;0.1913;0.5466;0.9157;0.5055;0.3789;0.8693;0.5226;0.394;0.9098
,50,50,50,50,50,50,50,50,50,50,50,50,50,50,50,50,50,50,50,50,50,50,50,50,50,50,50,50,50,50,50,50,50,50,50,50,50,51,51,51,51,51,51,51,51,51,51,51,51,51,51,51,51,51,51,51,51,51,51,51,51,52,52,52,52,52,52,52,52,52,52,52,52,52,56
Fitness 265.7086, Gen ;0.9738;0.711;0.6636;0.6052;0.1381;0.8866;0.2087;0.6617;0.943;0.2343;0.1023;0.4222;0.1913;0.5466;0.9157;0.5055;0.3789;0.8693;0.5226;0.394;0.9098
,54,54,54,54,54,55,55,55,55,55,55,55,55,55,55,55,55,55,55,55,55,55,55,55,55,55,55,55,55,55,55,55,55,55,55,55,55,55,55,55,55,55,55,55,56,56,56,56,56,56,56,56,56,56,56,56,56,56,56,56,56,56,56,56,56,56,56,56,56,56,56,56,56,56,57
Fitness 290.1809, Gen ;0.9738;0.711;0.6636;0.6052;0.1381;0.8866;0.2087;0.6617;0.943;0.2343;0.1023;0.4222;0.1913;0.5466;0.9157;0.5055;0.3789;0.8693;0.5226;0.394;0.9098
,50,50,50,50,50,51,51,51,51,51,51,51,51,51,51,51,51,51,51,51,51,51,51,51,51,51,51,51,51,51,51,51,51,51,51,51,52,52,52,52,52,52,52,52,52,52,52,52,52,52,52,52,52,52,52,52,52,52,52,52,52,52,52,52,52,52,52,52,52,53,53,53,53,53,53
Fitness 280.1053, Gen ;0.9738;0.711;0.6636;0.6052;0.1381;0.8866;0.2087;0.6617;0.943;0.2343;0.1023;0.4222;0.1913;0.5466;0.9157;0.5055;0.3789;0.8693;0.5226;0.394;0.9098
,50,50,50,50,50,50,50,50,50,50,50,50,50,50,51,51,51,51,51,51,51,51,51,51,51,51,51,51,51,51,51,51,51,51,51,51,51,51,51,51,51,52,52,52,52,52,52,52,52,52,52,52,52,52,52,52,52,52,52,52,52,52,52,52,52,52,52,52,52,52,52,52,52,52,52
Fitness 246.1485, Gen ;0.9738;0.711;0.6636;0.6052;0.1381;0.8866;0.2087;0.6617;0.943;0.2343;0.1023;0.4222;0.1913;0.5466;0.9157;0.5055;0.3789;0.8693;0.5226;0.394;0.9098
,60,61,61,61,61,61,61,61,61,61,61,61,61,61,61,61,61,61,61,61,61,61,61,61,61,61,61,61,61,61,61,61,61,61,62,62,62,62,62,62,62,62,62,62,62,62,62,62,62,62,62,62,62,62,62,62,62,62,62,62,62,62,62,62,62,62,62,62,62,62,63,63,63,63,63
