	5PopravljenStroembom ovc
	3 AI1 ovcarjev
Fitness 22.79189, Gen ;0.763;0.7669;0.5348;0.284;0.1637;0.7152;0.1265;0.4269;0.0888;0.5866;0.3991;0.6985;0.1251;0.4683;0.372;0.8274;0.5507;0.2139;0.9975;0.0456;0.3845
,75,76,76,76,76
Fitness 22.92944, Gen ;0.763;0.7669;0.5348;0.284;0.1637;0.7152;0.1265;0.4269;0.0888;0.5866;0.3991;0.6985;0.1251;0.4683;0.372;0.8274;0.5507;0.2139;0.9975;0.0456;0.3845
,64,65,65,65,66
Fitness 23.56329, Gen ;0.763;0.7669;0.5348;0.284;0.1637;0.7152;0.1265;0.4269;0.0888;0.5866;0.3991;0.6985;0.1251;0.4683;0.372;0.8274;0.5507;0.2139;0.9975;0.0456;0.3845
,52,53,53,53,53
Fitness 24.10711, Gen ;0.763;0.7669;0.5348;0.284;0.1637;0.7152;0.1265;0.4269;0.0888;0.5866;0.3991;0.6985;0.1251;0.4683;0.372;0.8274;0.5507;0.2139;0.9975;0.0456;0.3845
,44,44,44,44,44
Fitness 24.40462, Gen ;0.763;0.7669;0.5348;0.284;0.1637;0.7152;0.1265;0.4269;0.0888;0.5866;0.3991;0.6985;0.1251;0.4683;0.372;0.8274;0.5507;0.2139;0.9975;0.0456;0.3845
,60,60,60,60,61
Fitness 8.450819, Gen ;0.763;0.7669;0.5348;0.284;0.1637;0.7152;0.1265;0.4269;0.0888;0.5866;0.3991;0.6985;0.1251;0.4683;0.372;0.8274;0.5507;0.2139;0.9975;0.0456;0.3845
,50,50,50,50,51
Fitness 12.42809, Gen ;0.763;0.7669;0.5348;0.284;0.1637;0.7152;0.1265;0.4269;0.0888;0.5866;0.3991;0.6985;0.1251;0.4683;0.372;0.8274;0.5507;0.2139;0.9975;0.0456;0.3845
,45,45,45,46,53
Fitness 18.96928, Gen ;0.763;0.7669;0.5348;0.284;0.1637;0.7152;0.1265;0.4269;0.0888;0.5866;0.3991;0.6985;0.1251;0.4683;0.372;0.8274;0.5507;0.2139;0.9975;0.0456;0.3845
,50,50,50,50,51
Fitness 24.94337, Gen ;0.763;0.7669;0.5348;0.284;0.1637;0.7152;0.1265;0.4269;0.0888;0.5866;0.3991;0.6985;0.1251;0.4683;0.372;0.8274;0.5507;0.2139;0.9975;0.0456;0.3845
,72,72,72,73,73
Fitness 14.72752, Gen ;0.763;0.7669;0.5348;0.284;0.1637;0.7152;0.1265;0.4269;0.0888;0.5866;0.3991;0.6985;0.1251;0.4683;0.372;0.8274;0.5507;0.2139;0.9975;0.0456;0.3845
,42,42,42,42,42
Fitness 20.39424, Gen ;0.763;0.7669;0.5348;0.284;0.1637;0.7152;0.1265;0.4269;0.0888;0.5866;0.3991;0.6985;0.1251;0.4683;0.372;0.8274;0.5507;0.2139;0.9975;0.0456;0.3845
,44,44,44,44,45
Fitness 20.81131, Gen ;0.763;0.7669;0.5348;0.284;0.1637;0.7152;0.1265;0.4269;0.0888;0.5866;0.3991;0.6985;0.1251;0.4683;0.372;0.8274;0.5507;0.2139;0.9975;0.0456;0.3845
,48,48,48,49,57
Fitness 19.77841, Gen ;0.763;0.7669;0.5348;0.284;0.1637;0.7152;0.1265;0.4269;0.0888;0.5866;0.3991;0.6985;0.1251;0.4683;0.372;0.8274;0.5507;0.2139;0.9975;0.0456;0.3845
,58,65,66,66,67
Fitness 9.553337, Gen ;0.763;0.7669;0.5348;0.284;0.1637;0.7152;0.1265;0.4269;0.0888;0.5866;0.3991;0.6985;0.1251;0.4683;0.372;0.8274;0.5507;0.2139;0.9975;0.0456;0.3845
,46,46,46,46,47
Fitness 26.46, Gen ;0.763;0.7669;0.5348;0.284;0.1637;0.7152;0.1265;0.4269;0.0888;0.5866;0.3991;0.6985;0.1251;0.4683;0.372;0.8274;0.5507;0.2139;0.9975;0.0456;0.3845
,54,54,54,54,55
Fitness 24.49788, Gen ;0.763;0.7669;0.5348;0.284;0.1637;0.7152;0.1265;0.4269;0.0888;0.5866;0.3991;0.6985;0.1251;0.4683;0.372;0.8274;0.5507;0.2139;0.9975;0.0456;0.3845
,54,54,54,54,55
Fitness 18.56956, Gen ;0.763;0.7669;0.5348;0.284;0.1637;0.7152;0.1265;0.4269;0.0888;0.5866;0.3991;0.6985;0.1251;0.4683;0.372;0.8274;0.5507;0.2139;0.9975;0.0456;0.3845
,44,44,44,45,45
Fitness 12.34237, Gen ;0.763;0.7669;0.5348;0.284;0.1637;0.7152;0.1265;0.4269;0.0888;0.5866;0.3991;0.6985;0.1251;0.4683;0.372;0.8274;0.5507;0.2139;0.9975;0.0456;0.3845
,51,51,51,52,52
Fitness 23.067, Gen ;0.763;0.7669;0.5348;0.284;0.1637;0.7152;0.1265;0.4269;0.0888;0.5866;0.3991;0.6985;0.1251;0.4683;0.372;0.8274;0.5507;0.2139;0.9975;0.0456;0.3845
,48,48,48,49,49
Fitness 17.96086, Gen ;0.763;0.7669;0.5348;0.284;0.1637;0.7152;0.1265;0.4269;0.0888;0.5866;0.3991;0.6985;0.1251;0.4683;0.372;0.8274;0.5507;0.2139;0.9975;0.0456;0.3845
,67,67,67,67,68
Fitness 17.96086, Gen ;0.763;0.7669;0.5348;0.284;0.1637;0.7152;0.1265;0.4269;0.0888;0.5866;0.3991;0.6985;0.1251;0.4683;0.372;0.8274;0.5507;0.2139;0.9975;0.0456;0.3845
,44,45,45,45,45
Fitness 24.42591, Gen ;0.763;0.7669;0.5348;0.284;0.1637;0.7152;0.1265;0.4269;0.0888;0.5866;0.3991;0.6985;0.1251;0.4683;0.372;0.8274;0.5507;0.2139;0.9975;0.0456;0.3845
,39,39,39,39,39
Fitness 19.70283, Gen ;0.763;0.7669;0.5348;0.284;0.1637;0.7152;0.1265;0.4269;0.0888;0.5866;0.3991;0.6985;0.1251;0.4683;0.372;0.8274;0.5507;0.2139;0.9975;0.0456;0.3845
,119,120,124,124,124
Fitness 21.63408, Gen ;0.763;0.7669;0.5348;0.284;0.1637;0.7152;0.1265;0.4269;0.0888;0.5866;0.3991;0.6985;0.1251;0.4683;0.372;0.8274;0.5507;0.2139;0.9975;0.0456;0.3845
,47,47,48,54,54
Fitness 11.53064, Gen ;0.763;0.7669;0.5348;0.284;0.1637;0.7152;0.1265;0.4269;0.0888;0.5866;0.3991;0.6985;0.1251;0.4683;0.372;0.8274;0.5507;0.2139;0.9975;0.0456;0.3845
,61,62,62,62,62
Fitness 24.28197, Gen ;0.763;0.7669;0.5348;0.284;0.1637;0.7152;0.1265;0.4269;0.0888;0.5866;0.3991;0.6985;0.1251;0.4683;0.372;0.8274;0.5507;0.2139;0.9975;0.0456;0.3845
,49,49,49,49,49
Fitness 28.86336, Gen ;0.763;0.7669;0.5348;0.284;0.1637;0.7152;0.1265;0.4269;0.0888;0.5866;0.3991;0.6985;0.1251;0.4683;0.372;0.8274;0.5507;0.2139;0.9975;0.0456;0.3845
,59,59,60,60,60
Fitness 0.7262287, Gen ;0.763;0.7669;0.5348;0.284;0.1637;0.7152;0.1265;0.4269;0.0888;0.5866;0.3991;0.6985;0.1251;0.4683;0.372;0.8274;0.5507;0.2139;0.9975;0.0456;0.3845
,69,71,71,72,72
Fitness 19.50729, Gen ;0.763;0.7669;0.5348;0.284;0.1637;0.7152;0.1265;0.4269;0.0888;0.5866;0.3991;0.6985;0.1251;0.4683;0.372;0.8274;0.5507;0.2139;0.9975;0.0456;0.3845
,46,46,47,47,47
Fitness 14.09107, Gen ;0.763;0.7669;0.5348;0.284;0.1637;0.7152;0.1265;0.4269;0.0888;0.5866;0.3991;0.6985;0.1251;0.4683;0.372;0.8274;0.5507;0.2139;0.9975;0.0456;0.3845
,52,52,52,52,52
Fitness 21.43706, Gen ;0.763;0.7669;0.5348;0.284;0.1637;0.7152;0.1265;0.4269;0.0888;0.5866;0.3991;0.6985;0.1251;0.4683;0.372;0.8274;0.5507;0.2139;0.9975;0.0456;0.3845
,56,57,57,58,58
Fitness 15.13279, Gen ;0.763;0.7669;0.5348;0.284;0.1637;0.7152;0.1265;0.4269;0.0888;0.5866;0.3991;0.6985;0.1251;0.4683;0.372;0.8274;0.5507;0.2139;0.9975;0.0456;0.3845
,54,54,55,55,55
Fitness 9.99333, Gen ;0.763;0.7669;0.5348;0.284;0.1637;0.7152;0.1265;0.4269;0.0888;0.5866;0.3991;0.6985;0.1251;0.4683;0.372;0.8274;0.5507;0.2139;0.9975;0.0456;0.3845
,55,55,55,56,65
Fitness 22.92944, Gen ;0.763;0.7669;0.5348;0.284;0.1637;0.7152;0.1265;0.4269;0.0888;0.5866;0.3991;0.6985;0.1251;0.4683;0.372;0.8274;0.5507;0.2139;0.9975;0.0456;0.3845
,65,65,65,65,66
Fitness 19.51922, Gen ;0.763;0.7669;0.5348;0.284;0.1637;0.7152;0.1265;0.4269;0.0888;0.5866;0.3991;0.6985;0.1251;0.4683;0.372;0.8274;0.5507;0.2139;0.9975;0.0456;0.3845
,53,54,54,54,54
Fitness 16.28447, Gen ;0.763;0.7669;0.5348;0.284;0.1637;0.7152;0.1265;0.4269;0.0888;0.5866;0.3991;0.6985;0.1251;0.4683;0.372;0.8274;0.5507;0.2139;0.9975;0.0456;0.3845
,53,53,53,53,59
Fitness 17.84698, Gen ;0.763;0.7669;0.5348;0.284;0.1637;0.7152;0.1265;0.4269;0.0888;0.5866;0.3991;0.6985;0.1251;0.4683;0.372;0.8274;0.5507;0.2139;0.9975;0.0456;0.3845
,51,51,52,52,53
Fitness 14.44028, Gen ;0.763;0.7669;0.5348;0.284;0.1637;0.7152;0.1265;0.4269;0.0888;0.5866;0.3991;0.6985;0.1251;0.4683;0.372;0.8274;0.5507;0.2139;0.9975;0.0456;0.3845
,49,50,50,50,51
Fitness 12.38471, Gen ;0.763;0.7669;0.5348;0.284;0.1637;0.7152;0.1265;0.4269;0.0888;0.5866;0.3991;0.6985;0.1251;0.4683;0.372;0.8274;0.5507;0.2139;0.9975;0.0456;0.3845
,48,48,48,48,48
Fitness 18.37256, Gen ;0.763;0.7669;0.5348;0.284;0.1637;0.7152;0.1265;0.4269;0.0888;0.5866;0.3991;0.6985;0.1251;0.4683;0.372;0.8274;0.5507;0.2139;0.9975;0.0456;0.3845
,58,59,59,59,59
