	50PopravljenStroembom ovc
	4 AI1 ovcarjev
Fitness 166.9327, Gen ;0.824;0.8837;0.9534;0.5635;0.3522;0.8758;0.0914;0.0015;0.1209;0.1445;0.1198;0.2854;0.0858;0.28;0.218;0.7643;0.0426;0.3145;0.05;0.2313;0.8071
,51,51,52,52,52,52,52,52,52,52,52,52,52,52,52,52,52,53,53,53,53,53,53,53,53,53,53,53,53,53,53,53,53,53,53,53,54,54,54,54,54,54,54,54,54,54,54,55,55,56
Fitness 187.8067, Gen ;0.824;0.8837;0.9534;0.5635;0.3522;0.8758;0.0914;0.0015;0.1209;0.1445;0.1198;0.2854;0.0858;0.28;0.218;0.7643;0.0426;0.3145;0.05;0.2313;0.8071
,56,56,56,56,56,56,56,56,56,56,56,56,56,57,57,57,57,57,57,57,57,57,57,57,57,57,57,57,57,57,57,57,57,57,57,57,57,57,57,57,57,57,57,57,57,58,59,60,60,60
Fitness 194.3463, Gen ;0.824;0.8837;0.9534;0.5635;0.3522;0.8758;0.0914;0.0015;0.1209;0.1445;0.1198;0.2854;0.0858;0.28;0.218;0.7643;0.0426;0.3145;0.05;0.2313;0.8071
,49,49,49,49,49,49,49,49,50,50,50,50,50,50,50,50,50,50,50,50,50,50,50,50,50,50,50,50,50,50,50,50,50,50,50,51,51,51,51,51,51,51,51,51,51,52,52,53,53,53
Fitness 195.7756, Gen ;0.824;0.8837;0.9534;0.5635;0.3522;0.8758;0.0914;0.0015;0.1209;0.1445;0.1198;0.2854;0.0858;0.28;0.218;0.7643;0.0426;0.3145;0.05;0.2313;0.8071
,63,63,63,63,63,63,63,63,63,63,63,63,63,63,63,63,63,63,64,64,64,64,64,64,64,64,64,64,64,64,64,64,64,64,64,64,64,64,64,64,64,64,64,64,64,64,65,65,78,78
Fitness 207.5168, Gen ;0.824;0.8837;0.9534;0.5635;0.3522;0.8758;0.0914;0.0015;0.1209;0.1445;0.1198;0.2854;0.0858;0.28;0.218;0.7643;0.0426;0.3145;0.05;0.2313;0.8071
,52,52,52,52,52,52,52,52,52,52,52,52,52,52,52,52,52,52,52,52,52,52,52,52,53,53,53,53,53,53,53,53,53,53,53,53,53,53,53,53,53,53,53,53,53,53,53,53,53,54
Fitness 177.7758, Gen ;0.824;0.8837;0.9534;0.5635;0.3522;0.8758;0.0914;0.0015;0.1209;0.1445;0.1198;0.2854;0.0858;0.28;0.218;0.7643;0.0426;0.3145;0.05;0.2313;0.8071
,52,52,52,52,52,52,52,52,52,52,52,53,53,53,53,53,53,53,53,53,53,53,53,53,53,53,53,53,53,53,53,53,53,53,53,53,53,53,53,53,53,53,54,54,54,55,55,56,56,56
Fitness 153.7261, Gen ;0.824;0.8837;0.9534;0.5635;0.3522;0.8758;0.0914;0.0015;0.1209;0.1445;0.1198;0.2854;0.0858;0.28;0.218;0.7643;0.0426;0.3145;0.05;0.2313;0.8071
,51,51,51,51,51,51,51,51,51,51,51,51,51,51,51,51,51,51,51,51,51,51,51,52,52,52,52,52,52,52,52,52,52,52,52,53,53,53,53,53,53,53,53,53,53,53,53,53,53,53
Fitness 192.709, Gen ;0.824;0.8837;0.9534;0.5635;0.3522;0.8758;0.0914;0.0015;0.1209;0.1445;0.1198;0.2854;0.0858;0.28;0.218;0.7643;0.0426;0.3145;0.05;0.2313;0.8071
,48,48,48,48,48,49,49,49,49,49,49,49,49,49,49,49,49,49,49,49,49,49,49,49,49,49,49,49,49,49,49,49,49,49,50,50,50,50,50,50,50,50,50,50,50,50,50,50,51,51
Fitness 98.99936, Gen ;0.824;0.8837;0.9534;0.5635;0.3522;0.8758;0.0914;0.0015;0.1209;0.1445;0.1198;0.2854;0.0858;0.28;0.218;0.7643;0.0426;0.3145;0.05;0.2313;0.8071
,51,51,51,51,51,51,51,51,51,51,51,51,51,51,51,51,51,51,51,51,51,51,51,51,51,51,52,52,52,52,52,52,52,52,52,52,52,52,52,52,52,52,52,52,52,53,53,53,53,62
Fitness 184.5043, Gen ;0.824;0.8837;0.9534;0.5635;0.3522;0.8758;0.0914;0.0015;0.1209;0.1445;0.1198;0.2854;0.0858;0.28;0.218;0.7643;0.0426;0.3145;0.05;0.2313;0.8071
,62,62,62,62,62,62,62,62,62,62,62,62,62,62,62,62,62,62,62,62,62,62,62,63,63,63,63,63,63,63,63,63,63,63,63,63,63,63,63,63,63,63,63,63,63,64,64,74,74,74
Fitness 176.8014, Gen ;0.824;0.8837;0.9534;0.5635;0.3522;0.8758;0.0914;0.0015;0.1209;0.1445;0.1198;0.2854;0.0858;0.28;0.218;0.7643;0.0426;0.3145;0.05;0.2313;0.8071
,51,51,51,51,51,51,51,51,51,52,52,52,52,52,52,52,52,52,52,52,52,52,52,52,52,52,52,52,52,52,53,53,53,53,53,53,53,53,53,53,53,53,53,53,53,53,53,53,54,54
Fitness 187.7338, Gen ;0.824;0.8837;0.9534;0.5635;0.3522;0.8758;0.0914;0.0015;0.1209;0.1445;0.1198;0.2854;0.0858;0.28;0.218;0.7643;0.0426;0.3145;0.05;0.2313;0.8071
,61,61,61,61,61,61,61,61,61,61,61,61,61,61,61,62,62,62,62,62,62,62,62,62,62,62,62,62,62,62,62,62,63,63,63,63,63,63,63,63,63,63,63,63,63,63,63,63,63,63
Fitness 202.0866, Gen ;0.824;0.8837;0.9534;0.5635;0.3522;0.8758;0.0914;0.0015;0.1209;0.1445;0.1198;0.2854;0.0858;0.28;0.218;0.7643;0.0426;0.3145;0.05;0.2313;0.8071
,49,49,49,49,49,49,50,50,50,50,50,50,50,50,50,50,50,50,50,50,50,50,50,50,50,51,51,51,51,51,51,51,51,51,51,51,51,51,51,51,51,51,51,51,51,51,51,51,51,52
Fitness 162.0354, Gen ;0.824;0.8837;0.9534;0.5635;0.3522;0.8758;0.0914;0.0015;0.1209;0.1445;0.1198;0.2854;0.0858;0.28;0.218;0.7643;0.0426;0.3145;0.05;0.2313;0.8071
,51,51,51,51,51,51,51,51,51,51,51,51,51,51,51,52,52,52,52,52,52,52,52,52,52,52,52,52,52,52,52,52,53,53,53,53,53,53,53,53,53,54,54,54,54,54,54,57,57,96
Fitness 107.8045, Gen ;0.824;0.8837;0.9534;0.5635;0.3522;0.8758;0.0914;0.0015;0.1209;0.1445;0.1198;0.2854;0.0858;0.28;0.218;0.7643;0.0426;0.3145;0.05;0.2313;0.8071
,50,50,50,50,50,50,50,50,51,51,51,51,51,51,51,51,51,51,51,51,51,51,51,51,51,51,51,51,51,51,51,51,51,51,51,51,51,51,51,51,51,51,51,52,52,52,52,52,52,52
Fitness 185.8219, Gen ;0.824;0.8837;0.9534;0.5635;0.3522;0.8758;0.0914;0.0015;0.1209;0.1445;0.1198;0.2854;0.0858;0.28;0.218;0.7643;0.0426;0.3145;0.05;0.2313;0.8071
,50,50,50,50,50,50,50,50,50,50,50,50,50,50,51,51,51,51,51,51,51,51,51,51,51,51,51,51,51,51,51,51,51,52,52,52,52,52,52,52,52,52,52,52,52,52,52,52,52,52
Fitness 134.6483, Gen ;0.824;0.8837;0.9534;0.5635;0.3522;0.8758;0.0914;0.0015;0.1209;0.1445;0.1198;0.2854;0.0858;0.28;0.218;0.7643;0.0426;0.3145;0.05;0.2313;0.8071
,55,55,55,55,55,55,55,55,55,55,55,55,55,55,56,56,56,56,56,56,56,56,56,56,56,56,56,56,56,56,56,56,56,57,57,57,57,57,57,57,57,57,57,57,57,58,58,58,59,59
Fitness 197.0193, Gen ;0.824;0.8837;0.9534;0.5635;0.3522;0.8758;0.0914;0.0015;0.1209;0.1445;0.1198;0.2854;0.0858;0.28;0.218;0.7643;0.0426;0.3145;0.05;0.2313;0.8071
,50,50,50,50,50,50,51,51,51,51,51,51,51,51,51,51,51,51,51,51,51,51,51,51,51,51,51,51,51,51,51,51,51,51,51,51,51,52,52,52,52,52,52,52,52,52,53,56,56,57
Fitness 78.27628, Gen ;0.824;0.8837;0.9534;0.5635;0.3522;0.8758;0.0914;0.0015;0.1209;0.1445;0.1198;0.2854;0.0858;0.28;0.218;0.7643;0.0426;0.3145;0.05;0.2313;0.8071
,50,50,50,50,50,50,50,50,50,50,50,50,50,50,50,51,51,51,51,51,51,51,51,51,51,51,51,51,51,51,51,51,51,51,51,51,51,51,51,51,51,51,51,51,51,51,52,52,52,52
Fitness 193.6095, Gen ;0.824;0.8837;0.9534;0.5635;0.3522;0.8758;0.0914;0.0015;0.1209;0.1445;0.1198;0.2854;0.0858;0.28;0.218;0.7643;0.0426;0.3145;0.05;0.2313;0.8071
,57,57,57,57,58,58,58,58,58,58,58,58,58,58,58,58,58,58,58,58,58,58,58,58,58,59,59,59,59,59,59,59,59,59,59,60,60,60,60,60,60,60,60,60,60,60,60,61,61,61
Fitness 193.2649, Gen ;0.824;0.8837;0.9534;0.5635;0.3522;0.8758;0.0914;0.0015;0.1209;0.1445;0.1198;0.2854;0.0858;0.28;0.218;0.7643;0.0426;0.3145;0.05;0.2313;0.8071
,50,50,50,50,50,51,51,51,51,51,51,51,51,51,51,51,51,51,51,51,51,51,52,52,52,52,52,52,52,52,52,52,52,52,52,52,52,52,52,52,52,52,52,52,52,52,53,53,53,55
Fitness 158.9238, Gen ;0.824;0.8837;0.9534;0.5635;0.3522;0.8758;0.0914;0.0015;0.1209;0.1445;0.1198;0.2854;0.0858;0.28;0.218;0.7643;0.0426;0.3145;0.05;0.2313;0.8071
,50,50,50,50,50,50,50,50,50,50,50,51,51,51,51,51,51,51,51,51,51,51,51,51,51,51,51,51,52,52,52,52,52,52,52,52,52,52,52,52,52,52,52,52,53,53,53,53,53,54
Fitness 179.4732, Gen ;0.824;0.8837;0.9534;0.5635;0.3522;0.8758;0.0914;0.0015;0.1209;0.1445;0.1198;0.2854;0.0858;0.28;0.218;0.7643;0.0426;0.3145;0.05;0.2313;0.8071
,61,61,61,61,61,61,61,61,61,61,61,61,61,61,61,61,61,61,61,61,61,61,61,61,61,61,61,61,61,61,61,61,61,61,61,62,62,62,62,62,62,62,62,62,65,65,65,65,65,65
Fitness 194.4469, Gen ;0.824;0.8837;0.9534;0.5635;0.3522;0.8758;0.0914;0.0015;0.1209;0.1445;0.1198;0.2854;0.0858;0.28;0.218;0.7643;0.0426;0.3145;0.05;0.2313;0.8071
,52,52,52,52,52,52,52,53,53,53,53,53,53,53,53,53,53,53,53,53,53,53,53,53,53,53,53,53,53,53,53,53,53,54,54,54,54,54,54,54,54,54,54,54,54,54,54,55,55,59
Fitness 147.8236, Gen ;0.824;0.8837;0.9534;0.5635;0.3522;0.8758;0.0914;0.0015;0.1209;0.1445;0.1198;0.2854;0.0858;0.28;0.218;0.7643;0.0426;0.3145;0.05;0.2313;0.8071
,48,48,48,48,48,48,48,48,48,48,48,48,48,48,48,48,48,48,48,48,49,49,49,49,49,49,49,49,49,49,49,49,49,49,49,49,49,49,49,49,49,49,49,49,49,50,50,50,50,52
Fitness 183.3329, Gen ;0.824;0.8837;0.9534;0.5635;0.3522;0.8758;0.0914;0.0015;0.1209;0.1445;0.1198;0.2854;0.0858;0.28;0.218;0.7643;0.0426;0.3145;0.05;0.2313;0.8071
,57,57,57,57,57,57,57,57,57,57,57,57,58,58,58,58,58,58,58,58,58,58,58,58,58,58,58,58,58,58,58,58,58,58,58,58,58,58,58,59,59,59,59,59,59,59,59,59,59,60
Fitness 187.2488, Gen ;0.824;0.8837;0.9534;0.5635;0.3522;0.8758;0.0914;0.0015;0.1209;0.1445;0.1198;0.2854;0.0858;0.28;0.218;0.7643;0.0426;0.3145;0.05;0.2313;0.8071
,51,51,52,52,52,52,52,52,52,52,52,52,52,52,53,53,53,53,53,53,53,53,53,53,53,53,53,53,53,53,53,53,53,53,53,53,53,53,53,53,53,54,54,54,54,54,54,54,54,54
Fitness 130.572, Gen ;0.824;0.8837;0.9534;0.5635;0.3522;0.8758;0.0914;0.0015;0.1209;0.1445;0.1198;0.2854;0.0858;0.28;0.218;0.7643;0.0426;0.3145;0.05;0.2313;0.8071
,54,54,54,54,54,54,54,54,54,54,54,54,54,54,55,55,55,55,55,55,55,55,55,55,55,55,55,55,55,55,55,55,56,56,56,56,56,56,56,56,56,56,56,56,56,56,56,56,57,58
Fitness 168.0326, Gen ;0.824;0.8837;0.9534;0.5635;0.3522;0.8758;0.0914;0.0015;0.1209;0.1445;0.1198;0.2854;0.0858;0.28;0.218;0.7643;0.0426;0.3145;0.05;0.2313;0.8071
,56,57,57,57,57,57,57,57,57,57,57,57,57,57,57,57,57,57,57,57,57,57,57,57,57,57,57,57,57,57,57,57,57,57,57,57,57,57,57,57,58,58,58,58,58,58,58,58,62,74
Fitness 201.6279, Gen ;0.824;0.8837;0.9534;0.5635;0.3522;0.8758;0.0914;0.0015;0.1209;0.1445;0.1198;0.2854;0.0858;0.28;0.218;0.7643;0.0426;0.3145;0.05;0.2313;0.8071
,49,49,49,50,50,50,50,50,50,50,50,50,50,50,50,50,50,50,50,50,51,51,51,51,51,51,51,51,51,51,51,51,51,51,51,51,51,51,51,51,51,52,52,52,52,52,52,53,53,53
Fitness 154.1366, Gen ;0.824;0.8837;0.9534;0.5635;0.3522;0.8758;0.0914;0.0015;0.1209;0.1445;0.1198;0.2854;0.0858;0.28;0.218;0.7643;0.0426;0.3145;0.05;0.2313;0.8071
,58,58,58,58,58,58,58,58,58,58,58,58,58,58,58,58,58,58,59,59,59,59,59,59,59,59,59,59,59,59,59,59,59,59,59,59,59,59,59,59,59,59,59,59,59,60,60,60,61,61
Fitness 183.6833, Gen ;0.824;0.8837;0.9534;0.5635;0.3522;0.8758;0.0914;0.0015;0.1209;0.1445;0.1198;0.2854;0.0858;0.28;0.218;0.7643;0.0426;0.3145;0.05;0.2313;0.8071
,53,53,53,53,53,53,54,54,54,54,54,54,54,54,54,54,54,54,54,54,54,54,54,54,54,54,54,54,54,54,55,55,55,55,55,55,55,55,55,55,55,55,55,55,55,55,56,58,58,58
Fitness 164.5441, Gen ;0.824;0.8837;0.9534;0.5635;0.3522;0.8758;0.0914;0.0015;0.1209;0.1445;0.1198;0.2854;0.0858;0.28;0.218;0.7643;0.0426;0.3145;0.05;0.2313;0.8071
,66,67,67,67,67,67,67,67,67,67,67,67,67,67,67,67,67,67,67,67,67,67,67,67,67,67,67,67,67,68,68,68,68,68,68,68,68,68,68,68,68,68,68,68,68,69,74,74,75,75
Fitness 119.343, Gen ;0.824;0.8837;0.9534;0.5635;0.3522;0.8758;0.0914;0.0015;0.1209;0.1445;0.1198;0.2854;0.0858;0.28;0.218;0.7643;0.0426;0.3145;0.05;0.2313;0.8071
,48,48,48,48,48,48,48,48,48,48,48,49,49,49,49,49,49,49,49,49,49,49,49,49,49,49,49,49,49,49,49,49,50,50,50,50,50,50,50,50,50,50,50,50,50,50,50,50,51,55
Fitness 192.3179, Gen ;0.824;0.8837;0.9534;0.5635;0.3522;0.8758;0.0914;0.0015;0.1209;0.1445;0.1198;0.2854;0.0858;0.28;0.218;0.7643;0.0426;0.3145;0.05;0.2313;0.8071
,58,58,58,58,58,58,58,58,58,58,58,58,58,58,58,58,58,59,59,59,59,59,59,59,59,59,59,59,59,59,59,59,59,59,59,59,59,59,59,59,59,60,60,60,60,60,60,60,89,89
Fitness 148.7043, Gen ;0.824;0.8837;0.9534;0.5635;0.3522;0.8758;0.0914;0.0015;0.1209;0.1445;0.1198;0.2854;0.0858;0.28;0.218;0.7643;0.0426;0.3145;0.05;0.2313;0.8071
,57,57,57,57,57,57,57,57,57,57,57,57,57,58,58,58,58,58,58,58,58,58,58,58,58,58,58,58,58,58,58,58,58,58,58,59,59,59,59,59,59,59,59,59,59,59,59,59,59,60
Fitness 167.1374, Gen ;0.824;0.8837;0.9534;0.5635;0.3522;0.8758;0.0914;0.0015;0.1209;0.1445;0.1198;0.2854;0.0858;0.28;0.218;0.7643;0.0426;0.3145;0.05;0.2313;0.8071
,55,55,55,55,55,55,55,55,55,55,55,55,55,55,55,55,55,55,55,55,55,55,55,55,55,56,56,56,56,56,56,56,56,56,56,56,56,56,56,56,56,56,56,56,56,56,57,58,59,59
Fitness 99.08331, Gen ;0.824;0.8837;0.9534;0.5635;0.3522;0.8758;0.0914;0.0015;0.1209;0.1445;0.1198;0.2854;0.0858;0.28;0.218;0.7643;0.0426;0.3145;0.05;0.2313;0.8071
,51,51,51,51,51,51,51,51,52,52,52,52,52,52,52,52,52,52,52,52,52,52,52,52,52,52,52,52,52,52,53,53,53,53,53,53,53,53,53,53,53,53,53,53,53,53,53,53,53,53
Fitness 189.9287, Gen ;0.824;0.8837;0.9534;0.5635;0.3522;0.8758;0.0914;0.0015;0.1209;0.1445;0.1198;0.2854;0.0858;0.28;0.218;0.7643;0.0426;0.3145;0.05;0.2313;0.8071
,57,57,57,57,57,57,57,57,57,57,58,58,58,58,58,58,58,58,58,58,58,58,58,58,58,58,58,58,59,59,59,59,59,59,59,59,59,59,59,59,59,59,59,59,59,59,59,60,60,60
Fitness 82.64377, Gen ;0.824;0.8837;0.9534;0.5635;0.3522;0.8758;0.0914;0.0015;0.1209;0.1445;0.1198;0.2854;0.0858;0.28;0.218;0.7643;0.0426;0.3145;0.05;0.2313;0.8071
,52,52,52,52,52,52,52,52,52,52,52,52,52,52,52,52,52,52,52,52,52,52,52,52,52,52,52,53,53,53,53,53,53,53,53,53,53,53,53,53,54,54,54,54,54,54,54,54,54,54
