	5PopravljenStroembom ovc
	5 AI1 ovcarjev
Fitness 22.85365, Gen ;0.2714;0.9349;0.9292;0.986;0.1941;0.1594;0.2306;0.0125;0.8692;0.2017;0.342;0.4437;0.1069;0.4798;0.4186;0.334;0.5025;0.0957;0.2832;0.1124;0.885
,50,50,50,51,51
Fitness 24.21, Gen ;0.2714;0.9349;0.9292;0.986;0.1941;0.1594;0.2306;0.0125;0.8692;0.2017;0.342;0.4437;0.1069;0.4798;0.4186;0.334;0.5025;0.0957;0.2832;0.1124;0.885
,49,51,51,54,54
Fitness 24.34352, Gen ;0.2714;0.9349;0.9292;0.986;0.1941;0.1594;0.2306;0.0125;0.8692;0.2017;0.342;0.4437;0.1069;0.4798;0.4186;0.334;0.5025;0.0957;0.2832;0.1124;0.885
,52,52,53,53,54
Fitness 25.45967, Gen ;0.2714;0.9349;0.9292;0.986;0.1941;0.1594;0.2306;0.0125;0.8692;0.2017;0.342;0.4437;0.1069;0.4798;0.4186;0.334;0.5025;0.0957;0.2832;0.1124;0.885
,45,45,45,45,92
Fitness 26.76778, Gen ;0.2714;0.9349;0.9292;0.986;0.1941;0.1594;0.2306;0.0125;0.8692;0.2017;0.342;0.4437;0.1069;0.4798;0.4186;0.334;0.5025;0.0957;0.2832;0.1124;0.885
,40,41,41,45,47
Fitness 20.33157, Gen ;0.2714;0.9349;0.9292;0.986;0.1941;0.1594;0.2306;0.0125;0.8692;0.2017;0.342;0.4437;0.1069;0.4798;0.4186;0.334;0.5025;0.0957;0.2832;0.1124;0.885
,51,51,51,92,95
Fitness 18.96333, Gen ;0.2714;0.9349;0.9292;0.986;0.1941;0.1594;0.2306;0.0125;0.8692;0.2017;0.342;0.4437;0.1069;0.4798;0.4186;0.334;0.5025;0.0957;0.2832;0.1124;0.885
,47,47,48,49,60
Fitness 18.66518, Gen ;0.2714;0.9349;0.9292;0.986;0.1941;0.1594;0.2306;0.0125;0.8692;0.2017;0.342;0.4437;0.1069;0.4798;0.4186;0.334;0.5025;0.0957;0.2832;0.1124;0.885
,42,42,42,46,81
Fitness 8.89055, Gen ;0.2714;0.9349;0.9292;0.986;0.1941;0.1594;0.2306;0.0125;0.8692;0.2017;0.342;0.4437;0.1069;0.4798;0.4186;0.334;0.5025;0.0957;0.2832;0.1124;0.885
,44,44,44,44,47
Fitness 24.26295, Gen ;0.2714;0.9349;0.9292;0.986;0.1941;0.1594;0.2306;0.0125;0.8692;0.2017;0.342;0.4437;0.1069;0.4798;0.4186;0.334;0.5025;0.0957;0.2832;0.1124;0.885
,37,37,38,38,39
Fitness 6.660416, Gen ;0.2714;0.9349;0.9292;0.986;0.1941;0.1594;0.2306;0.0125;0.8692;0.2017;0.342;0.4437;0.1069;0.4798;0.4186;0.334;0.5025;0.0957;0.2832;0.1124;0.885
,46,46,46,95,96
Fitness 17.61166, Gen ;0.2714;0.9349;0.9292;0.986;0.1941;0.1594;0.2306;0.0125;0.8692;0.2017;0.342;0.4437;0.1069;0.4798;0.4186;0.334;0.5025;0.0957;0.2832;0.1124;0.885
,42,46,46,46,46
Fitness 11.93405, Gen ;0.2714;0.9349;0.9292;0.986;0.1941;0.1594;0.2306;0.0125;0.8692;0.2017;0.342;0.4437;0.1069;0.4798;0.4186;0.334;0.5025;0.0957;0.2832;0.1124;0.885
,41,79,80,80,81
Fitness 23.62337, Gen ;0.2714;0.9349;0.9292;0.986;0.1941;0.1594;0.2306;0.0125;0.8692;0.2017;0.342;0.4437;0.1069;0.4798;0.4186;0.334;0.5025;0.0957;0.2832;0.1124;0.885
,38,38,39,39,48
Fitness 29.35738, Gen ;0.2714;0.9349;0.9292;0.986;0.1941;0.1594;0.2306;0.0125;0.8692;0.2017;0.342;0.4437;0.1069;0.4798;0.4186;0.334;0.5025;0.0957;0.2832;0.1124;0.885
,51,52,53,60,61
Fitness 6.824899, Gen ;0.2714;0.9349;0.9292;0.986;0.1941;0.1594;0.2306;0.0125;0.8692;0.2017;0.342;0.4437;0.1069;0.4798;0.4186;0.334;0.5025;0.0957;0.2832;0.1124;0.885
,59,61,86,86,87
Fitness 23.7775, Gen ;0.2714;0.9349;0.9292;0.986;0.1941;0.1594;0.2306;0.0125;0.8692;0.2017;0.342;0.4437;0.1069;0.4798;0.4186;0.334;0.5025;0.0957;0.2832;0.1124;0.885
,44,45,45,45,52
Fitness 8.34289, Gen ;0.2714;0.9349;0.9292;0.986;0.1941;0.1594;0.2306;0.0125;0.8692;0.2017;0.342;0.4437;0.1069;0.4798;0.4186;0.334;0.5025;0.0957;0.2832;0.1124;0.885
,47,47,47,57,57
Fitness 24.74297, Gen ;0.2714;0.9349;0.9292;0.986;0.1941;0.1594;0.2306;0.0125;0.8692;0.2017;0.342;0.4437;0.1069;0.4798;0.4186;0.334;0.5025;0.0957;0.2832;0.1124;0.885
,39,40,40,42,87
Fitness 15.94862, Gen ;0.2714;0.9349;0.9292;0.986;0.1941;0.1594;0.2306;0.0125;0.8692;0.2017;0.342;0.4437;0.1069;0.4798;0.4186;0.334;0.5025;0.0957;0.2832;0.1124;0.885
,60,60,60,60,61
Fitness 6.815309, Gen ;0.2714;0.9349;0.9292;0.986;0.1941;0.1594;0.2306;0.0125;0.8692;0.2017;0.342;0.4437;0.1069;0.4798;0.4186;0.334;0.5025;0.0957;0.2832;0.1124;0.885
,42,45,45,45,53
Fitness 21.33749, Gen ;0.2714;0.9349;0.9292;0.986;0.1941;0.1594;0.2306;0.0125;0.8692;0.2017;0.342;0.4437;0.1069;0.4798;0.4186;0.334;0.5025;0.0957;0.2832;0.1124;0.885
,40,43,47,48,49
Fitness 18.29807, Gen ;0.2714;0.9349;0.9292;0.986;0.1941;0.1594;0.2306;0.0125;0.8692;0.2017;0.342;0.4437;0.1069;0.4798;0.4186;0.334;0.5025;0.0957;0.2832;0.1124;0.885
,51,54,55,55,55
Fitness 10.72284, Gen ;0.2714;0.9349;0.9292;0.986;0.1941;0.1594;0.2306;0.0125;0.8692;0.2017;0.342;0.4437;0.1069;0.4798;0.4186;0.334;0.5025;0.0957;0.2832;0.1124;0.885
,48,49,49,49,49
Fitness 14.72752, Gen ;0.2714;0.9349;0.9292;0.986;0.1941;0.1594;0.2306;0.0125;0.8692;0.2017;0.342;0.4437;0.1069;0.4798;0.4186;0.334;0.5025;0.0957;0.2832;0.1124;0.885
,44,44,47,52,53
Fitness 21.06628, Gen ;0.2714;0.9349;0.9292;0.986;0.1941;0.1594;0.2306;0.0125;0.8692;0.2017;0.342;0.4437;0.1069;0.4798;0.4186;0.334;0.5025;0.0957;0.2832;0.1124;0.885
,43,44,44,48,49
Fitness 22.64519, Gen ;0.2714;0.9349;0.9292;0.986;0.1941;0.1594;0.2306;0.0125;0.8692;0.2017;0.342;0.4437;0.1069;0.4798;0.4186;0.334;0.5025;0.0957;0.2832;0.1124;0.885
,47,48,48,56,90
Fitness 18.02052, Gen ;0.2714;0.9349;0.9292;0.986;0.1941;0.1594;0.2306;0.0125;0.8692;0.2017;0.342;0.4437;0.1069;0.4798;0.4186;0.334;0.5025;0.0957;0.2832;0.1124;0.885
,51,53,53,53,62
Fitness 21.50273, Gen ;0.2714;0.9349;0.9292;0.986;0.1941;0.1594;0.2306;0.0125;0.8692;0.2017;0.342;0.4437;0.1069;0.4798;0.4186;0.334;0.5025;0.0957;0.2832;0.1124;0.885
,45,50,51,51,58
Fitness 20.44431, Gen ;0.2714;0.9349;0.9292;0.986;0.1941;0.1594;0.2306;0.0125;0.8692;0.2017;0.342;0.4437;0.1069;0.4798;0.4186;0.334;0.5025;0.0957;0.2832;0.1124;0.885
,47,48,56,92,92
Fitness 22.57102, Gen ;0.2714;0.9349;0.9292;0.986;0.1941;0.1594;0.2306;0.0125;0.8692;0.2017;0.342;0.4437;0.1069;0.4798;0.4186;0.334;0.5025;0.0957;0.2832;0.1124;0.885
,55,55,55,55,55
Fitness 8.779126, Gen ;0.2714;0.9349;0.9292;0.986;0.1941;0.1594;0.2306;0.0125;0.8692;0.2017;0.342;0.4437;0.1069;0.4798;0.4186;0.334;0.5025;0.0957;0.2832;0.1124;0.885
,46,46,46,46,47
Fitness 15.92435, Gen ;0.2714;0.9349;0.9292;0.986;0.1941;0.1594;0.2306;0.0125;0.8692;0.2017;0.342;0.4437;0.1069;0.4798;0.4186;0.334;0.5025;0.0957;0.2832;0.1124;0.885
,37,37,40,43,48
Fitness 17.9872, Gen ;0.2714;0.9349;0.9292;0.986;0.1941;0.1594;0.2306;0.0125;0.8692;0.2017;0.342;0.4437;0.1069;0.4798;0.4186;0.334;0.5025;0.0957;0.2832;0.1124;0.885
,49,50,50,53,54
Fitness 7.275414, Gen ;0.2714;0.9349;0.9292;0.986;0.1941;0.1594;0.2306;0.0125;0.8692;0.2017;0.342;0.4437;0.1069;0.4798;0.4186;0.334;0.5025;0.0957;0.2832;0.1124;0.885
,81,92,93,95,95
Fitness 17.7331, Gen ;0.2714;0.9349;0.9292;0.986;0.1941;0.1594;0.2306;0.0125;0.8692;0.2017;0.342;0.4437;0.1069;0.4798;0.4186;0.334;0.5025;0.0957;0.2832;0.1124;0.885
,32,32,34,36,36
Fitness 23.067, Gen ;0.2714;0.9349;0.9292;0.986;0.1941;0.1594;0.2306;0.0125;0.8692;0.2017;0.342;0.4437;0.1069;0.4798;0.4186;0.334;0.5025;0.0957;0.2832;0.1124;0.885
,36,37,37,42,59
Fitness 24.53423, Gen ;0.2714;0.9349;0.9292;0.986;0.1941;0.1594;0.2306;0.0125;0.8692;0.2017;0.342;0.4437;0.1069;0.4798;0.4186;0.334;0.5025;0.0957;0.2832;0.1124;0.885
,42,42,42,42,43
Fitness 19.14112, Gen ;0.2714;0.9349;0.9292;0.986;0.1941;0.1594;0.2306;0.0125;0.8692;0.2017;0.342;0.4437;0.1069;0.4798;0.4186;0.334;0.5025;0.0957;0.2832;0.1124;0.885
,43,47,47,48,49
Fitness 4.064692, Gen ;0.2714;0.9349;0.9292;0.986;0.1941;0.1594;0.2306;0.0125;0.8692;0.2017;0.342;0.4437;0.1069;0.4798;0.4186;0.334;0.5025;0.0957;0.2832;0.1124;0.885
,48,48,49,49,49
