	25Stroembom ovc
	1 AI1 ovcarjev
Fitness 1.479082, Gen ;0.3001;0.3941;0.8893;0.4463;0.0982;0.3901;0.7523;0.1502;0.646;0.4722;0.6556;0.4051;0.1444;0.8684;0.5721;0.6164;0.4577;0.8203;0.6522;0.5467;0.3449
,109,109,109,110,110,110,110,110,110,110,110,110,110,111,111,111,111,111,111,111,111,111,112,112,112
Fitness 1.916947, Gen ;0.3001;0.3941;0.8893;0.4463;0.0982;0.3901;0.7523;0.1502;0.646;0.4722;0.6556;0.4051;0.1444;0.8684;0.5721;0.6164;0.4577;0.8203;0.6522;0.5467;0.3449
,110,111,112,112,112,112,113,113,113,113,113,113,113,113,113,113,113,113,114,114,114,114,114,114,114
Fitness 4.126395, Gen ;0.3001;0.3941;0.8893;0.4463;0.0982;0.3901;0.7523;0.1502;0.646;0.4722;0.6556;0.4051;0.1444;0.8684;0.5721;0.6164;0.4577;0.8203;0.6522;0.5467;0.3449
,137,138,138,138,138,138,138,138,139,139,139,139,139,139,139,139,139,139,139,139,139,140,140,140,140
Fitness 11.36174, Gen ;0.3001;0.3941;0.8893;0.4463;0.0982;0.3901;0.7523;0.1502;0.646;0.4722;0.6556;0.4051;0.1444;0.8684;0.5721;0.6164;0.4577;0.8203;0.6522;0.5467;0.3449
,172,172,172,172,172,172,173,173,173,173,173,173,173,173,173,173,173,173,174,174,174,174,174,174,174
Fitness 11.76934, Gen ;0.3001;0.3941;0.8893;0.4463;0.0982;0.3901;0.7523;0.1502;0.646;0.4722;0.6556;0.4051;0.1444;0.8684;0.5721;0.6164;0.4577;0.8203;0.6522;0.5467;0.3449
,152,156,156,156,156,157,157,157,157,157,158,158,158,158,158,159,159,159,159,159,160,160,160,160,160
Fitness 7.76827, Gen ;0.3001;0.3941;0.8893;0.4463;0.0982;0.3901;0.7523;0.1502;0.646;0.4722;0.6556;0.4051;0.1444;0.8684;0.5721;0.6164;0.4577;0.8203;0.6522;0.5467;0.3449
,85,86,86,86,86,86,86,87,87,87,87,87,87,87,87,87,87,87,87,87,87,88,88,88,88
Fitness 6.66632, Gen ;0.3001;0.3941;0.8893;0.4463;0.0982;0.3901;0.7523;0.1502;0.646;0.4722;0.6556;0.4051;0.1444;0.8684;0.5721;0.6164;0.4577;0.8203;0.6522;0.5467;0.3449
,168,169,169,169,169,169,169,169,170,170,170,170,170,170,170,170,170,170,170,170,170,171,171,171,171
Fitness 0.8254893, Gen ;0.3001;0.3941;0.8893;0.4463;0.0982;0.3901;0.7523;0.1502;0.646;0.4722;0.6556;0.4051;0.1444;0.8684;0.5721;0.6164;0.4577;0.8203;0.6522;0.5467;0.3449
,111,112,112,112,113,113,113,113,113,113,113,113,113,114,114,114,114,114,114,114,114,114,114,114,114
Fitness 0.01006316, Gen ;0.3001;0.3941;0.8893;0.4463;0.0982;0.3901;0.7523;0.1502;0.646;0.4722;0.6556;0.4051;0.1444;0.8684;0.5721;0.6164;0.4577;0.8203;0.6522;0.5467;0.3449
,106,107,107,107,107,107,108,108,108,108,108,108,108,108,108,108,108,108,108,109,109,109,109,109,109
Fitness 0.05590039, Gen ;0.3001;0.3941;0.8893;0.4463;0.0982;0.3901;0.7523;0.1502;0.646;0.4722;0.6556;0.4051;0.1444;0.8684;0.5721;0.6164;0.4577;0.8203;0.6522;0.5467;0.3449
,96,96,96,96,96,96,96,97,97,97,97,97,97,97,97,97,97,97,97,98,98,98,98,98,98
Fitness 25.34867, Gen ;0.3001;0.3941;0.8893;0.4463;0.0982;0.3901;0.7523;0.1502;0.646;0.4722;0.6556;0.4051;0.1444;0.8684;0.5721;0.6164;0.4577;0.8203;0.6522;0.5467;0.3449
,115,115,116,116,116,116,116,116,116,116,117,117,117,117,117,117,117,117,117,117,117,117,117,117,118
Fitness 0.01085801, Gen ;0.3001;0.3941;0.8893;0.4463;0.0982;0.3901;0.7523;0.1502;0.646;0.4722;0.6556;0.4051;0.1444;0.8684;0.5721;0.6164;0.4577;0.8203;0.6522;0.5467;0.3449
,129,129,129,130,130,130,130,130,130,130,130,130,130,130,131,131,131,131,131,131,131,131,131,131,131
Fitness 6.493118, Gen ;0.3001;0.3941;0.8893;0.4463;0.0982;0.3901;0.7523;0.1502;0.646;0.4722;0.6556;0.4051;0.1444;0.8684;0.5721;0.6164;0.4577;0.8203;0.6522;0.5467;0.3449
,141,141,141,141,141,141,141,141,141,141,142,142,142,142,142,142,142,142,142,142,142,142,143,143,143
Fitness 9.018816, Gen ;0.3001;0.3941;0.8893;0.4463;0.0982;0.3901;0.7523;0.1502;0.646;0.4722;0.6556;0.4051;0.1444;0.8684;0.5721;0.6164;0.4577;0.8203;0.6522;0.5467;0.3449

Fitness 16.20645, Gen ;0.3001;0.3941;0.8893;0.4463;0.0982;0.3901;0.7523;0.1502;0.646;0.4722;0.6556;0.4051;0.1444;0.8684;0.5721;0.6164;0.4577;0.8203;0.6522;0.5467;0.3449
,119,119,120,120,120,120,120,120,121,121,121,121,121,121,121,121,121,121,121,121,122,122,122,122,122
Fitness 5.132765, Gen ;0.3001;0.3941;0.8893;0.4463;0.0982;0.3901;0.7523;0.1502;0.646;0.4722;0.6556;0.4051;0.1444;0.8684;0.5721;0.6164;0.4577;0.8203;0.6522;0.5467;0.3449
,111,111,111,111,111,112,112,112,112,112,112,112,112,112,112,112,113,113,113,113,113,113,113,113,113
Fitness 1.923123, Gen ;0.3001;0.3941;0.8893;0.4463;0.0982;0.3901;0.7523;0.1502;0.646;0.4722;0.6556;0.4051;0.1444;0.8684;0.5721;0.6164;0.4577;0.8203;0.6522;0.5467;0.3449
,138,139,139,139,139,139,139,140,140,140,140,140,140,140,140,140,140,140,140,140,140,140,140,140,141
Fitness 0.605377, Gen ;0.3001;0.3941;0.8893;0.4463;0.0982;0.3901;0.7523;0.1502;0.646;0.4722;0.6556;0.4051;0.1444;0.8684;0.5721;0.6164;0.4577;0.8203;0.6522;0.5467;0.3449
,139,168,169,169,169,169,170,170,170,170,170,170,170,170,170,170,171,171,171,171,171,171,171,171,171
Fitness 0.007168644, Gen ;0.3001;0.3941;0.8893;0.4463;0.0982;0.3901;0.7523;0.1502;0.646;0.4722;0.6556;0.4051;0.1444;0.8684;0.5721;0.6164;0.4577;0.8203;0.6522;0.5467;0.3449
,143,144,144,144,144,144,144,144,144,145,145,145,145,145,145,145,145,145,145,145,145,145,146,146,146
Fitness 3.883621, Gen ;0.3001;0.3941;0.8893;0.4463;0.0982;0.3901;0.7523;0.1502;0.646;0.4722;0.6556;0.4051;0.1444;0.8684;0.5721;0.6164;0.4577;0.8203;0.6522;0.5467;0.3449
,139,139,139,139,139,139,139,140,140,140,140,140,140,140,140,140,140,140,140,141,141,141,141,141,141
Fitness 7.093212, Gen ;0.3001;0.3941;0.8893;0.4463;0.0982;0.3901;0.7523;0.1502;0.646;0.4722;0.6556;0.4051;0.1444;0.8684;0.5721;0.6164;0.4577;0.8203;0.6522;0.5467;0.3449
,115,116,116,116,116,116,116,116,116,116,116,117,117,117,117,117,117,117,117,117,117,118,118,118,118
Fitness 0.7821188, Gen ;0.3001;0.3941;0.8893;0.4463;0.0982;0.3901;0.7523;0.1502;0.646;0.4722;0.6556;0.4051;0.1444;0.8684;0.5721;0.6164;0.4577;0.8203;0.6522;0.5467;0.3449
,103,104,104,104,105,105,105,105,105,105,105,105,105,105,106,106,106,106,106,106,106,106,106,106,106
Fitness 0.01143359, Gen ;0.3001;0.3941;0.8893;0.4463;0.0982;0.3901;0.7523;0.1502;0.646;0.4722;0.6556;0.4051;0.1444;0.8684;0.5721;0.6164;0.4577;0.8203;0.6522;0.5467;0.3449
,137,138,138,138,138,138,139,139,139,139,139,139,139,139,139,139,140,140,140,140,140,140,140,140,140
Fitness 0.4284328, Gen ;0.3001;0.3941;0.8893;0.4463;0.0982;0.3901;0.7523;0.1502;0.646;0.4722;0.6556;0.4051;0.1444;0.8684;0.5721;0.6164;0.4577;0.8203;0.6522;0.5467;0.3449
,104,104,105,105,105,105,105,105,105,105,105,105,106,106,106,106,106,106,106,107,107,107,107,107,107
Fitness 0.7743297, Gen ;0.3001;0.3941;0.8893;0.4463;0.0982;0.3901;0.7523;0.1502;0.646;0.4722;0.6556;0.4051;0.1444;0.8684;0.5721;0.6164;0.4577;0.8203;0.6522;0.5467;0.3449
,45,121,122,122,122,122,122,122,122,122,123,123,123,123,123,123,123,123,123,123,123,124,124,124,124
Fitness 5.17921, Gen ;0.3001;0.3941;0.8893;0.4463;0.0982;0.3901;0.7523;0.1502;0.646;0.4722;0.6556;0.4051;0.1444;0.8684;0.5721;0.6164;0.4577;0.8203;0.6522;0.5467;0.3449

Fitness 10.05704, Gen ;0.3001;0.3941;0.8893;0.4463;0.0982;0.3901;0.7523;0.1502;0.646;0.4722;0.6556;0.4051;0.1444;0.8684;0.5721;0.6164;0.4577;0.8203;0.6522;0.5467;0.3449
,109,109,109,109,109,109,110,110,110,110,110,110,110,110,110,110,110,111,111,111,111,111,111,111,111
Fitness 0.8603023, Gen ;0.3001;0.3941;0.8893;0.4463;0.0982;0.3901;0.7523;0.1502;0.646;0.4722;0.6556;0.4051;0.1444;0.8684;0.5721;0.6164;0.4577;0.8203;0.6522;0.5467;0.3449
,26,104,104,104,104,105,105,105,105,105,105,105,105,105,105,106,106,106,106,106,106,106,106,106,106
Fitness 9.939507, Gen ;0.3001;0.3941;0.8893;0.4463;0.0982;0.3901;0.7523;0.1502;0.646;0.4722;0.6556;0.4051;0.1444;0.8684;0.5721;0.6164;0.4577;0.8203;0.6522;0.5467;0.3449
,87,87,87,88,88,88,88,88,88,88,88,88,88,88,89,89,89,89,89,89,89,89,89,89,89
Fitness 4.093936, Gen ;0.3001;0.3941;0.8893;0.4463;0.0982;0.3901;0.7523;0.1502;0.646;0.4722;0.6556;0.4051;0.1444;0.8684;0.5721;0.6164;0.4577;0.8203;0.6522;0.5467;0.3449
,139,139,140,140,140,140,140,140,140,140,140,141,141,141,141,141,141,141,141,141,141,141,141,141,142
Fitness 0.006751351, Gen ;0.3001;0.3941;0.8893;0.4463;0.0982;0.3901;0.7523;0.1502;0.646;0.4722;0.6556;0.4051;0.1444;0.8684;0.5721;0.6164;0.4577;0.8203;0.6522;0.5467;0.3449
,89,89,90,90,90,90,90,90,90,91,91,91,91,91,91,91,91,91,91,91,91,91,91,91,92
Fitness 7.770119, Gen ;0.3001;0.3941;0.8893;0.4463;0.0982;0.3901;0.7523;0.1502;0.646;0.4722;0.6556;0.4051;0.1444;0.8684;0.5721;0.6164;0.4577;0.8203;0.6522;0.5467;0.3449
,171,171,171,171,171,172,172,172,172,172,172,172,172,172,172,173,173,173,173,173,173,173,173,173,173
Fitness 11.73072, Gen ;0.3001;0.3941;0.8893;0.4463;0.0982;0.3901;0.7523;0.1502;0.646;0.4722;0.6556;0.4051;0.1444;0.8684;0.5721;0.6164;0.4577;0.8203;0.6522;0.5467;0.3449
,121,122,122,122,122,122,122,123,123,123,123,123,123,123,123,124,124,124,124,124,124,124,124,124,124
Fitness 24.09556, Gen ;0.3001;0.3941;0.8893;0.4463;0.0982;0.3901;0.7523;0.1502;0.646;0.4722;0.6556;0.4051;0.1444;0.8684;0.5721;0.6164;0.4577;0.8203;0.6522;0.5467;0.3449
,120,121,121,121,121,121,121,121,121,122,122,122,122,122,122,122,122,122,122,122,122,123,123,123,123
Fitness 0.7138156, Gen ;0.3001;0.3941;0.8893;0.4463;0.0982;0.3901;0.7523;0.1502;0.646;0.4722;0.6556;0.4051;0.1444;0.8684;0.5721;0.6164;0.4577;0.8203;0.6522;0.5467;0.3449
,167,167,167,167,168,168,168,168,168,168,168,168,168,169,169,169,169,169,169,169,169,169,169,170,170
Fitness 22.11608, Gen ;0.3001;0.3941;0.8893;0.4463;0.0982;0.3901;0.7523;0.1502;0.646;0.4722;0.6556;0.4051;0.1444;0.8684;0.5721;0.6164;0.4577;0.8203;0.6522;0.5467;0.3449

Fitness 0.01017198, Gen ;0.3001;0.3941;0.8893;0.4463;0.0982;0.3901;0.7523;0.1502;0.646;0.4722;0.6556;0.4051;0.1444;0.8684;0.5721;0.6164;0.4577;0.8203;0.6522;0.5467;0.3449
,150,151,151,151,151,151,151,151,151,152,152,152,152,152,152,152,152,152,153,153,153,153,153,153,153
Fitness 3.290659, Gen ;0.3001;0.3941;0.8893;0.4463;0.0982;0.3901;0.7523;0.1502;0.646;0.4722;0.6556;0.4051;0.1444;0.8684;0.5721;0.6164;0.4577;0.8203;0.6522;0.5467;0.3449
,149,149,149,149,150,150,150,150,150,150,150,150,150,150,150,151,151,151,151,151,151,151,151,151,151
Fitness 3.630103, Gen ;0.3001;0.3941;0.8893;0.4463;0.0982;0.3901;0.7523;0.1502;0.646;0.4722;0.6556;0.4051;0.1444;0.8684;0.5721;0.6164;0.4577;0.8203;0.6522;0.5467;0.3449
,124,124,124,124,125,125,125,125,125,125,125,125,125,125,125,126,126,126,126,126,126,126,126,126,126
Fitness 0.01228525, Gen ;0.3001;0.3941;0.8893;0.4463;0.0982;0.3901;0.7523;0.1502;0.646;0.4722;0.6556;0.4051;0.1444;0.8684;0.5721;0.6164;0.4577;0.8203;0.6522;0.5467;0.3449
,116,127,127,127,127,127,128,128,128,128,128,129,129,129,129,129,129,129,129,129,130,130,130,130,130
