	75Stroembom ovc
	3 AI1 ovcarjev
Fitness 160.4074, Gen ;0.8161;0.5401;0.777;0.0154;0.2278;0.4399;0.3553;0.9548;0.8627;0.1223;0.4515;0.4092;0.1034;0.6225;0.6474;0.8076;0.6972;0.0613;0.4955;0.337;0.3579
,68,68,68,68,68,69,69,69,69,69,69,69,69,69,69,70,70,70,70,70,70,70,70,70,70,70,70,70,70,70,70,70,70,71,71,71,71,71,71,71,71,71,71,71,71,71,71,71,71,72,72,72,72,72,72,72,72,72,72,72,72,72,72,72,72,72,72,72,73,73,73,73,73,73,73
Fitness 171.1398, Gen ;0.8161;0.5401;0.777;0.0154;0.2278;0.4399;0.3553;0.9548;0.8627;0.1223;0.4515;0.4092;0.1034;0.6225;0.6474;0.8076;0.6972;0.0613;0.4955;0.337;0.3579
,64,64,64,64,64,64,65,65,65,65,65,65,65,65,65,65,65,65,65,65,66,66,66,66,66,66,66,66,66,66,66,66,66,66,66,66,66,66,66,67,67,67,67,67,67,67,67,67,67,67,67,67,67,67,67,67,67,67,68,68,68,68,68,68,68,68,68,68,68,68,68,68,68,69,69
Fitness 172.2248, Gen ;0.8161;0.5401;0.777;0.0154;0.2278;0.4399;0.3553;0.9548;0.8627;0.1223;0.4515;0.4092;0.1034;0.6225;0.6474;0.8076;0.6972;0.0613;0.4955;0.337;0.3579
,71,72,72,72,72,72,72,72,72,73,73,73,73,73,73,73,73,73,73,73,73,73,74,74,74,74,74,74,74,74,74,74,74,74,74,74,74,74,74,74,74,74,74,74,74,74,75,75,75,75,75,75,75,75,75,75,75,75,75,75,75,75,76,76,76,76,76,76,76,76,76,76,76,76,76
Fitness 172.6381, Gen ;0.8161;0.5401;0.777;0.0154;0.2278;0.4399;0.3553;0.9548;0.8627;0.1223;0.4515;0.4092;0.1034;0.6225;0.6474;0.8076;0.6972;0.0613;0.4955;0.337;0.3579
,64,64,64,64,64,64,64,64,65,65,65,65,65,65,65,65,65,65,66,66,66,66,66,66,66,66,66,66,66,66,66,66,66,66,66,66,66,66,67,67,67,67,67,67,67,67,67,67,67,67,67,67,67,67,67,67,67,67,67,68,68,68,68,68,68,68,68,68,68,68,68,68,68,68,68
Fitness 172.7425, Gen ;0.8161;0.5401;0.777;0.0154;0.2278;0.4399;0.3553;0.9548;0.8627;0.1223;0.4515;0.4092;0.1034;0.6225;0.6474;0.8076;0.6972;0.0613;0.4955;0.337;0.3579
,63,63,63,64,64,64,64,64,64,64,64,65,65,65,65,65,65,65,65,65,65,65,65,65,65,65,65,65,65,65,65,65,65,65,66,66,66,66,66,66,66,66,66,66,66,66,66,66,66,66,67,67,67,67,67,67,67,67,67,67,67,67,67,67,67,68,68,68,68,68,68,68,68,68,68
Fitness 144.9798, Gen ;0.8161;0.5401;0.777;0.0154;0.2278;0.4399;0.3553;0.9548;0.8627;0.1223;0.4515;0.4092;0.1034;0.6225;0.6474;0.8076;0.6972;0.0613;0.4955;0.337;0.3579
,70,70,70,71,71,71,71,71,71,71,71,71,71,71,71,71,71,72,72,72,72,72,72,72,72,72,72,72,72,72,72,72,72,72,72,72,72,73,73,73,73,73,73,73,73,73,73,73,73,73,73,73,73,73,73,73,73,73,73,73,73,74,74,74,74,74,74,74,74,74,74,74,74,74,74
Fitness 169.8429, Gen ;0.8161;0.5401;0.777;0.0154;0.2278;0.4399;0.3553;0.9548;0.8627;0.1223;0.4515;0.4092;0.1034;0.6225;0.6474;0.8076;0.6972;0.0613;0.4955;0.337;0.3579
,66,67,67,67,67,67,67,67,67,67,68,68,68,68,68,68,68,68,68,68,68,68,68,68,68,69,69,69,69,69,69,69,69,69,69,69,69,69,69,69,69,69,69,69,70,70,70,70,70,70,70,70,70,70,70,70,70,70,70,70,70,70,70,70,71,71,71,71,71,71,71,71,71,71,71
Fitness 127.2607, Gen ;0.8161;0.5401;0.777;0.0154;0.2278;0.4399;0.3553;0.9548;0.8627;0.1223;0.4515;0.4092;0.1034;0.6225;0.6474;0.8076;0.6972;0.0613;0.4955;0.337;0.3579
,70,70,70,70,70,70,70,70,70,70,71,71,71,71,71,71,71,71,71,71,71,71,71,71,71,72,72,72,72,72,72,72,72,72,72,72,72,72,72,72,72,72,72,72,72,72,72,72,72,72,72,73,73,73,73,73,73,73,73,73,73,73,73,73,73,73,73,73,74,74,74,74,74,74,74
Fitness 170.7804, Gen ;0.8161;0.5401;0.777;0.0154;0.2278;0.4399;0.3553;0.9548;0.8627;0.1223;0.4515;0.4092;0.1034;0.6225;0.6474;0.8076;0.6972;0.0613;0.4955;0.337;0.3579
,66,67,67,67,67,67,67,68,68,68,68,68,68,68,68,68,68,68,68,68,68,68,68,68,68,68,68,69,69,69,69,69,69,69,69,69,69,69,69,69,69,69,70,70,70,70,70,70,70,70,70,70,70,70,70,70,70,70,70,70,70,70,70,71,71,71,71,71,71,71,71,71,71,71,71
Fitness 172.7986, Gen ;0.8161;0.5401;0.777;0.0154;0.2278;0.4399;0.3553;0.9548;0.8627;0.1223;0.4515;0.4092;0.1034;0.6225;0.6474;0.8076;0.6972;0.0613;0.4955;0.337;0.3579
,64,64,65,65,65,65,65,65,65,65,65,65,65,66,66,66,66,66,66,66,66,66,66,66,66,66,66,66,66,66,66,66,66,67,67,67,67,67,67,67,67,67,67,67,67,67,67,67,67,67,67,67,68,68,68,68,68,68,68,68,68,68,68,68,68,68,68,68,68,68,68,68,69,69,73
Fitness 136.4539, Gen ;0.8161;0.5401;0.777;0.0154;0.2278;0.4399;0.3553;0.9548;0.8627;0.1223;0.4515;0.4092;0.1034;0.6225;0.6474;0.8076;0.6972;0.0613;0.4955;0.337;0.3579
,67,67,67,67,67,67,68,68,68,68,68,68,68,68,68,68,68,68,68,68,68,68,68,68,69,69,69,69,69,69,69,69,69,69,69,69,69,69,69,69,69,70,70,70,70,70,70,70,70,70,70,70,70,70,70,70,70,70,70,71,71,71,71,71,71,71,71,71,71,71,71,71,71,71,71
Fitness 154.4791, Gen ;0.8161;0.5401;0.777;0.0154;0.2278;0.4399;0.3553;0.9548;0.8627;0.1223;0.4515;0.4092;0.1034;0.6225;0.6474;0.8076;0.6972;0.0613;0.4955;0.337;0.3579
,66,66,66,66,67,67,67,67,67,67,67,67,67,67,67,67,67,68,68,68,68,68,68,68,68,68,68,68,68,68,68,68,68,68,68,68,68,68,68,68,69,69,69,69,69,69,69,69,69,69,69,69,69,69,69,69,69,69,69,69,69,70,70,70,70,70,70,70,70,70,70,70,70,70,70
Fitness 138.5103, Gen ;0.8161;0.5401;0.777;0.0154;0.2278;0.4399;0.3553;0.9548;0.8627;0.1223;0.4515;0.4092;0.1034;0.6225;0.6474;0.8076;0.6972;0.0613;0.4955;0.337;0.3579
,63,63,63,64,64,64,64,64,64,65,65,65,65,65,65,65,65,65,65,65,65,65,65,65,65,65,65,66,66,66,66,66,66,66,66,66,66,66,66,66,66,66,66,66,66,66,66,66,67,67,67,67,67,67,67,67,67,67,67,67,67,67,67,67,67,67,68,68,68,68,68,68,68,68,68
Fitness 154.2416, Gen ;0.8161;0.5401;0.777;0.0154;0.2278;0.4399;0.3553;0.9548;0.8627;0.1223;0.4515;0.4092;0.1034;0.6225;0.6474;0.8076;0.6972;0.0613;0.4955;0.337;0.3579
,72,73,73,73,73,73,73,73,74,74,74,74,74,74,74,74,74,74,74,74,74,74,74,75,75,75,75,75,75,75,75,75,75,75,75,75,75,75,75,75,75,75,75,75,75,76,76,76,76,76,76,76,76,76,76,76,76,76,76,76,76,76,76,76,76,77,77,77,77,77,77,77,77,83,84
Fitness 155.7019, Gen ;0.8161;0.5401;0.777;0.0154;0.2278;0.4399;0.3553;0.9548;0.8627;0.1223;0.4515;0.4092;0.1034;0.6225;0.6474;0.8076;0.6972;0.0613;0.4955;0.337;0.3579
,67,67,67,68,68,68,68,68,68,68,68,69,69,69,69,69,69,69,69,69,69,69,69,69,69,69,69,69,70,70,70,70,70,70,70,70,70,70,70,70,70,70,70,70,70,70,70,70,71,71,71,71,71,71,71,71,71,71,71,71,71,71,71,71,71,71,71,71,72,72,72,72,72,72,72
Fitness 153.0216, Gen ;0.8161;0.5401;0.777;0.0154;0.2278;0.4399;0.3553;0.9548;0.8627;0.1223;0.4515;0.4092;0.1034;0.6225;0.6474;0.8076;0.6972;0.0613;0.4955;0.337;0.3579
,69,69,70,70,70,70,70,70,70,70,70,71,71,71,71,71,71,71,71,71,71,71,71,71,71,71,72,72,72,72,72,72,72,72,72,72,72,72,72,72,72,72,72,72,72,72,73,73,73,73,73,73,73,73,73,73,73,73,73,73,73,73,73,73,73,74,74,74,74,74,74,74,74,74,74
Fitness 158.464, Gen ;0.8161;0.5401;0.777;0.0154;0.2278;0.4399;0.3553;0.9548;0.8627;0.1223;0.4515;0.4092;0.1034;0.6225;0.6474;0.8076;0.6972;0.0613;0.4955;0.337;0.3579
,67,68,68,68,68,68,68,68,68,69,69,69,69,69,69,69,69,69,69,69,69,69,69,69,69,69,69,69,70,70,70,70,70,70,70,70,70,70,70,70,70,70,70,70,70,70,71,71,71,71,71,71,71,71,71,71,71,71,71,71,71,71,71,71,71,71,71,71,71,72,72,72,72,72,72
Fitness 172.6781, Gen ;0.8161;0.5401;0.777;0.0154;0.2278;0.4399;0.3553;0.9548;0.8627;0.1223;0.4515;0.4092;0.1034;0.6225;0.6474;0.8076;0.6972;0.0613;0.4955;0.337;0.3579
,65,65,65,65,65,65,65,66,66,66,66,66,66,66,66,66,66,66,66,66,67,67,67,67,67,67,67,67,67,67,67,67,67,67,67,67,68,68,68,68,68,68,68,68,68,68,68,68,68,68,68,68,68,68,68,68,68,68,69,69,69,69,69,69,69,69,69,69,69,69,69,69,69,69,70
Fitness 105.5146, Gen ;0.8161;0.5401;0.777;0.0154;0.2278;0.4399;0.3553;0.9548;0.8627;0.1223;0.4515;0.4092;0.1034;0.6225;0.6474;0.8076;0.6972;0.0613;0.4955;0.337;0.3579
,67,68,68,68,68,68,69,69,69,69,69,69,69,69,69,69,69,69,69,69,69,69,69,69,69,69,69,69,69,70,70,70,70,70,70,70,70,70,71,71,71,71,71,71,71,71,71,71,71,71,71,71,71,71,71,71,71,71,71,71,71,71,71,71,71,71,71,72,72,72,72,72,72,72,72
Fitness 149.5127, Gen ;0.8161;0.5401;0.777;0.0154;0.2278;0.4399;0.3553;0.9548;0.8627;0.1223;0.4515;0.4092;0.1034;0.6225;0.6474;0.8076;0.6972;0.0613;0.4955;0.337;0.3579
,71,72,72,72,72,72,72,73,73,73,73,73,73,73,73,73,73,73,73,73,73,73,73,73,73,74,74,74,74,74,74,74,74,74,74,74,74,74,74,74,74,74,74,74,74,74,74,74,75,75,75,75,75,75,75,75,75,75,75,75,75,75,75,76,76,76,76,76,76,76,76,76,76,76,76
Fitness 138.2336, Gen ;0.8161;0.5401;0.777;0.0154;0.2278;0.4399;0.3553;0.9548;0.8627;0.1223;0.4515;0.4092;0.1034;0.6225;0.6474;0.8076;0.6972;0.0613;0.4955;0.337;0.3579
,67,67,67,67,67,67,68,68,68,68,68,68,68,68,68,69,69,69,69,69,69,69,69,69,69,69,69,69,69,69,69,69,69,69,70,70,70,70,70,70,70,70,70,70,70,70,70,70,70,70,70,70,70,70,71,71,71,71,71,71,71,71,71,71,71,71,71,71,71,71,71,71,71,71,72
Fitness 148.441, Gen ;0.8161;0.5401;0.777;0.0154;0.2278;0.4399;0.3553;0.9548;0.8627;0.1223;0.4515;0.4092;0.1034;0.6225;0.6474;0.8076;0.6972;0.0613;0.4955;0.337;0.3579
,64,65,65,65,65,65,65,65,66,66,66,66,66,66,66,66,66,66,66,66,66,66,66,66,67,67,67,67,67,67,67,67,67,67,67,67,67,67,67,67,67,67,67,67,68,68,68,68,68,68,68,68,68,68,68,68,68,68,68,68,68,68,68,68,68,69,69,69,69,69,69,69,69,69,69
Fitness 163.969, Gen ;0.8161;0.5401;0.777;0.0154;0.2278;0.4399;0.3553;0.9548;0.8627;0.1223;0.4515;0.4092;0.1034;0.6225;0.6474;0.8076;0.6972;0.0613;0.4955;0.337;0.3579
,72,72,72,72,73,73,73,73,73,73,73,73,73,73,73,73,74,74,74,74,74,74,74,74,74,74,74,74,74,74,74,74,74,74,75,75,75,75,75,75,75,75,75,75,75,75,75,75,75,75,75,75,75,76,76,76,76,76,76,76,76,76,76,76,76,76,76,76,76,76,77,77,77,77,77
Fitness 148.0715, Gen ;0.8161;0.5401;0.777;0.0154;0.2278;0.4399;0.3553;0.9548;0.8627;0.1223;0.4515;0.4092;0.1034;0.6225;0.6474;0.8076;0.6972;0.0613;0.4955;0.337;0.3579
,55,64,64,65,65,65,65,65,65,65,65,65,65,65,65,66,66,66,66,66,66,66,66,66,66,66,66,66,66,66,66,66,66,66,67,67,67,67,67,67,67,67,67,67,67,67,67,67,67,67,67,67,67,67,67,67,68,68,68,68,68,68,68,68,68,68,68,68,68,68,69,69,69,69,69
Fitness 127.0713, Gen ;0.8161;0.5401;0.777;0.0154;0.2278;0.4399;0.3553;0.9548;0.8627;0.1223;0.4515;0.4092;0.1034;0.6225;0.6474;0.8076;0.6972;0.0613;0.4955;0.337;0.3579
,86,86,87,87,87,87,87,87,87,87,87,87,88,88,88,88,88,88,88,88,88,88,88,88,88,88,88,88,88,89,89,89,89,89,89,89,89,89,89,89,89,89,89,89,89,89,89,89,89,89,90,90,90,90,90,90,90,90,90,90,90,90,90,90,90,90,90,90,90,91,91,91,91,91,91
Fitness 151.3067, Gen ;0.8161;0.5401;0.777;0.0154;0.2278;0.4399;0.3553;0.9548;0.8627;0.1223;0.4515;0.4092;0.1034;0.6225;0.6474;0.8076;0.6972;0.0613;0.4955;0.337;0.3579
,70,70,70,70,70,70,70,70,71,71,71,71,71,71,71,71,71,71,71,71,71,71,72,72,72,72,72,72,72,72,72,72,72,72,72,72,72,72,72,72,72,72,73,73,73,73,73,73,73,73,73,73,73,73,73,73,73,73,73,73,73,73,74,74,74,74,74,74,74,74,74,74,74,75,75
Fitness 166.056, Gen ;0.8161;0.5401;0.777;0.0154;0.2278;0.4399;0.3553;0.9548;0.8627;0.1223;0.4515;0.4092;0.1034;0.6225;0.6474;0.8076;0.6972;0.0613;0.4955;0.337;0.3579
,68,69,69,69,69,69,69,69,69,69,69,70,70,70,70,70,70,70,70,70,70,70,70,70,70,70,71,71,71,71,71,71,71,71,71,71,71,71,71,71,71,71,71,71,71,71,71,71,72,72,72,72,72,72,72,72,72,72,72,72,72,72,72,72,72,72,72,73,73,73,73,73,73,73,73
Fitness 125.3522, Gen ;0.8161;0.5401;0.777;0.0154;0.2278;0.4399;0.3553;0.9548;0.8627;0.1223;0.4515;0.4092;0.1034;0.6225;0.6474;0.8076;0.6972;0.0613;0.4955;0.337;0.3579
,72,72,72,73,73,73,73,73,73,73,73,73,73,74,74,74,74,74,74,74,74,74,74,74,74,74,74,74,74,74,74,74,74,75,75,75,75,75,75,75,75,75,75,75,75,75,75,75,75,75,75,75,75,75,75,75,75,75,75,76,76,76,76,76,76,76,84,84,84,85,85,85,85,85,85
Fitness 169.8337, Gen ;0.8161;0.5401;0.777;0.0154;0.2278;0.4399;0.3553;0.9548;0.8627;0.1223;0.4515;0.4092;0.1034;0.6225;0.6474;0.8076;0.6972;0.0613;0.4955;0.337;0.3579
,70,70,70,70,70,71,71,71,71,71,71,71,71,71,71,71,71,71,71,71,71,71,72,72,72,72,72,72,72,72,72,72,72,72,72,72,73,73,73,73,73,73,73,73,73,73,73,73,73,73,73,73,73,73,73,73,73,73,73,73,73,73,73,73,73,73,74,74,74,74,74,74,74,74,74
Fitness 68.54778, Gen ;0.8161;0.5401;0.777;0.0154;0.2278;0.4399;0.3553;0.9548;0.8627;0.1223;0.4515;0.4092;0.1034;0.6225;0.6474;0.8076;0.6972;0.0613;0.4955;0.337;0.3579
,64,64,64,64,64,65,65,65,65,65,65,65,65,65,65,65,65,66,66,66,66,66,66,66,66,66,66,66,66,66,66,66,66,66,66,66,66,66,67,67,67,67,67,67,67,67,67,67,67,67,67,67,67,67,67,68,68,68,68,68,68,68,68,68,68,68,68,68,68,68,68,68,69,69,69
Fitness 137.3372, Gen ;0.8161;0.5401;0.777;0.0154;0.2278;0.4399;0.3553;0.9548;0.8627;0.1223;0.4515;0.4092;0.1034;0.6225;0.6474;0.8076;0.6972;0.0613;0.4955;0.337;0.3579
,31,66,66,67,67,67,67,67,67,67,67,67,67,68,68,68,68,68,68,68,68,68,68,68,68,68,68,68,68,68,68,69,69,69,69,69,69,69,69,69,69,69,69,69,69,69,69,69,69,69,70,70,70,70,70,70,70,70,70,70,70,70,70,70,70,70,70,70,70,70,71,71,71,71,71
Fitness 143.8763, Gen ;0.8161;0.5401;0.777;0.0154;0.2278;0.4399;0.3553;0.9548;0.8627;0.1223;0.4515;0.4092;0.1034;0.6225;0.6474;0.8076;0.6972;0.0613;0.4955;0.337;0.3579
,64,64,65,65,65,65,65,65,65,65,66,66,66,66,66,66,66,66,66,66,66,66,66,66,66,66,67,67,67,67,67,67,67,67,67,67,67,67,67,67,67,67,67,67,67,67,67,67,67,67,68,68,68,68,68,68,68,68,68,68,68,68,68,68,68,68,68,68,69,69,69,69,69,69,69
Fitness 102.5555, Gen ;0.8161;0.5401;0.777;0.0154;0.2278;0.4399;0.3553;0.9548;0.8627;0.1223;0.4515;0.4092;0.1034;0.6225;0.6474;0.8076;0.6972;0.0613;0.4955;0.337;0.3579
,72,72,72,72,73,73,73,73,73,73,73,73,73,73,73,73,73,73,73,73,73,74,74,74,74,74,74,74,74,74,74,74,74,74,74,74,74,74,74,74,75,75,75,75,75,75,75,75,75,75,75,75,75,75,75,75,75,75,75,76,76,76,76,76,76,76,76,76,76,76,76,76,76,76,76
Fitness 136.3429, Gen ;0.8161;0.5401;0.777;0.0154;0.2278;0.4399;0.3553;0.9548;0.8627;0.1223;0.4515;0.4092;0.1034;0.6225;0.6474;0.8076;0.6972;0.0613;0.4955;0.337;0.3579
,68,68,68,68,69,69,69,69,69,69,69,69,69,69,70,70,70,70,70,70,70,70,70,70,70,70,70,70,70,70,70,70,70,70,71,71,71,71,71,71,71,71,71,71,71,71,71,71,71,71,71,71,71,71,71,72,72,72,72,72,72,72,72,72,72,72,72,72,72,72,72,72,73,73,73
Fitness 169.337, Gen ;0.8161;0.5401;0.777;0.0154;0.2278;0.4399;0.3553;0.9548;0.8627;0.1223;0.4515;0.4092;0.1034;0.6225;0.6474;0.8076;0.6972;0.0613;0.4955;0.337;0.3579
,61,61,61,61,61,61,62,62,62,62,62,62,62,62,62,62,62,62,62,62,62,62,62,63,63,63,63,63,63,63,63,63,63,63,63,63,63,63,63,63,63,63,63,64,64,64,64,64,64,64,64,64,64,64,64,64,64,64,64,64,64,64,64,64,64,65,65,65,65,65,65,65,65,65,65
Fitness 157.486, Gen ;0.8161;0.5401;0.777;0.0154;0.2278;0.4399;0.3553;0.9548;0.8627;0.1223;0.4515;0.4092;0.1034;0.6225;0.6474;0.8076;0.6972;0.0613;0.4955;0.337;0.3579
,64,65,65,65,65,65,65,65,66,66,66,66,66,66,66,66,66,66,66,66,66,66,66,66,66,67,67,67,67,67,67,67,67,67,67,67,67,67,67,67,67,67,67,67,67,67,67,68,68,68,68,68,68,68,68,68,68,68,68,68,68,68,69,69,69,69,69,69,69,69,69,69,69,69,69
Fitness 167.3235, Gen ;0.8161;0.5401;0.777;0.0154;0.2278;0.4399;0.3553;0.9548;0.8627;0.1223;0.4515;0.4092;0.1034;0.6225;0.6474;0.8076;0.6972;0.0613;0.4955;0.337;0.3579
,69,69,69,69,69,70,70,70,70,70,70,70,70,70,70,70,70,70,70,71,71,71,71,71,71,71,71,71,71,71,71,71,71,71,71,71,71,71,71,71,71,71,72,72,72,72,72,72,72,72,72,72,72,72,72,72,72,72,73,73,73,73,73,73,73,73,73,73,73,73,73,73,73,73,73
Fitness 126.3054, Gen ;0.8161;0.5401;0.777;0.0154;0.2278;0.4399;0.3553;0.9548;0.8627;0.1223;0.4515;0.4092;0.1034;0.6225;0.6474;0.8076;0.6972;0.0613;0.4955;0.337;0.3579
,71,71,71,71,71,71,71,71,72,72,72,72,72,72,72,72,72,72,72,72,72,72,72,72,72,72,72,72,73,73,73,73,73,73,73,73,73,73,73,73,73,73,73,73,73,73,74,74,74,74,74,74,74,74,74,74,74,74,74,74,74,74,74,74,74,74,74,74,75,75,75,75,75,75,75
Fitness 145.8732, Gen ;0.8161;0.5401;0.777;0.0154;0.2278;0.4399;0.3553;0.9548;0.8627;0.1223;0.4515;0.4092;0.1034;0.6225;0.6474;0.8076;0.6972;0.0613;0.4955;0.337;0.3579
,68,69,69,69,69,69,69,69,69,69,69,70,70,70,70,70,70,70,70,70,70,70,70,70,70,71,71,71,71,71,71,71,71,71,71,71,71,71,71,71,71,71,71,71,71,71,71,71,71,71,72,72,72,72,72,72,72,72,72,72,72,72,72,72,72,72,72,72,72,73,73,73,73,73,73
Fitness 192.0545, Gen ;0.8161;0.5401;0.777;0.0154;0.2278;0.4399;0.3553;0.9548;0.8627;0.1223;0.4515;0.4092;0.1034;0.6225;0.6474;0.8076;0.6972;0.0613;0.4955;0.337;0.3579
,29,70,70,71,71,71,71,71,71,71,71,71,71,71,71,71,72,72,72,72,72,72,72,72,72,72,72,72,73,73,73,73,73,73,73,73,73,73,73,73,73,73,73,73,73,73,73,73,73,73,73,73,74,74,74,74,74,74,74,74,74,74,74,74,74,74,75,75,75,75,75,75,75,75,75
