	100Stroembom ovc
	2 AI1 ovcarjev
Fitness 138.2938, Gen ;0.4565;0.2944;0.6662;0.515;0.0652;0.7767;0.094;0.0017;0.372;0.0974;0.411;0.571;0.0442;0.2938;0.9333;0.676;0.3035;0.4422;0.453;0.3382;0.8496
,78,78,79,79,79,79,79,79,79,79,80,80,80,80,80,80,80,80,80,80,80,80,80,80,80,81,81,81,81,81,81,81,81,81,81,81,81,81,81,81,81,81,81,81,81,81,82,82,82,82,82,82,82,82,82,82,82,82,82,82,82,82,82,82,82,82,82,82,82,82,82,82,83,83,83,83,83,83,83,83,83,83,83,83,83,83,83,83,83,83,83,84,84,84,84,84,84,84,84,84
Fitness 140.9345, Gen ;0.4565;0.2944;0.6662;0.515;0.0652;0.7767;0.094;0.0017;0.372;0.0974;0.411;0.571;0.0442;0.2938;0.9333;0.676;0.3035;0.4422;0.453;0.3382;0.8496
,73,74,74,74,74,74,74,74,74,75,75,75,75,75,75,75,75,75,75,75,75,75,76,76,76,76,76,76,76,76,76,76,76,76,76,76,76,76,76,76,76,76,76,76,76,76,76,76,76,77,77,77,77,77,77,77,77,77,77,77,77,77,77,77,77,77,77,77,77,77,77,77,77,78,78,78,78,78,78,78,78,78,78,78,78,78,78,78,78,78,78,78,78,78,79,79,79,79,79,79
Fitness 143.0341, Gen ;0.4565;0.2944;0.6662;0.515;0.0652;0.7767;0.094;0.0017;0.372;0.0974;0.411;0.571;0.0442;0.2938;0.9333;0.676;0.3035;0.4422;0.453;0.3382;0.8496
,89,90,90,90,90,90,91,91,91,91,91,91,91,91,91,91,91,91,91,91,92,92,92,92,92,92,92,92,92,92,92,92,92,92,92,92,92,92,93,93,93,93,93,93,93,93,93,93,93,93,93,93,93,93,93,93,93,93,93,93,93,93,93,93,93,93,93,93,94,94,94,94,94,94,94,94,94,94,94,94,94,94,94,94,94,94,94,95,95,95,95,95,95,95,95,95,95,95,95,95
Fitness 153.1333, Gen ;0.4565;0.2944;0.6662;0.515;0.0652;0.7767;0.094;0.0017;0.372;0.0974;0.411;0.571;0.0442;0.2938;0.9333;0.676;0.3035;0.4422;0.453;0.3382;0.8496
,124,124,125,125,125,125,125,125,126,126,126,126,126,126,126,126,126,126,127,127,127,127,127,127,131,131,132,132,132,132,132,132,133,133,133,133,133,133,133,133,133,133,134,134,134,134,134,134,134,134,134,134,134,134,134,134,134,134,134,134,134,134,134,135,135,135,135,135,135,135,135,135,135,135,135,135,135,135,135,135,135,135,135,135,135,136,136,136,136,136,136,136,136,136,136,136,136,136,136,136
Fitness 162.7178, Gen ;0.4565;0.2944;0.6662;0.515;0.0652;0.7767;0.094;0.0017;0.372;0.0974;0.411;0.571;0.0442;0.2938;0.9333;0.676;0.3035;0.4422;0.453;0.3382;0.8496
,129,132,132,132,132,132,132,132,132,132,133,133,133,133,133,133,133,133,133,134,134,134,134,134,134,134,134,135,135,142,142,143,143,143,143,143,143,143,143,144,144,144,144,144,144,144,144,144,144,144,144,144,144,144,145,145,145,145,145,145,145,145,145,145,145,145,145,145,145,145,145,145,145,145,146,146,146,146,146,146,146,146,146,146,146,146,146,146,146,146,146,146,146,147,147,147,147,147,147,147
Fitness 125.2805, Gen ;0.4565;0.2944;0.6662;0.515;0.0652;0.7767;0.094;0.0017;0.372;0.0974;0.411;0.571;0.0442;0.2938;0.9333;0.676;0.3035;0.4422;0.453;0.3382;0.8496
,73,74,74,74,74,74,74,74,74,74,74,74,75,75,75,75,75,75,75,75,75,75,75,75,75,75,75,75,76,76,76,76,76,76,76,76,76,76,76,76,76,76,76,76,76,76,76,76,76,76,76,76,76,76,76,77,77,77,77,77,77,77,77,77,77,77,77,77,77,77,77,77,77,77,77,77,77,77,77,78,78,78,78,78,78,78,78,78,78,78,78,78,78,78,78,78,78,78,79,79
Fitness 153.996, Gen ;0.4565;0.2944;0.6662;0.515;0.0652;0.7767;0.094;0.0017;0.372;0.0974;0.411;0.571;0.0442;0.2938;0.9333;0.676;0.3035;0.4422;0.453;0.3382;0.8496
,69,70,70,70,70,70,70,70,70,71,71,71,71,71,71,71,71,71,71,71,71,71,71,71,72,72,72,72,72,72,72,72,72,72,72,72,72,72,72,72,72,72,72,72,72,73,73,73,73,73,73,73,73,73,73,73,73,73,73,73,73,73,73,73,73,73,73,73,73,74,74,74,74,74,74,74,74,74,74,74,74,74,74,74,74,74,74,74,74,74,75,75,75,75,75,75,75,75,75,75
Fitness 75.54221, Gen ;0.4565;0.2944;0.6662;0.515;0.0652;0.7767;0.094;0.0017;0.372;0.0974;0.411;0.571;0.0442;0.2938;0.9333;0.676;0.3035;0.4422;0.453;0.3382;0.8496
,85,86,86,86,86,86,86,86,86,87,87,87,87,87,87,87,87,87,87,87,87,87,87,87,88,88,88,88,88,88,88,88,88,88,88,88,88,88,88,88,88,88,88,88,88,88,88,89,89,89,89,89,89,89,89,89,89,89,89,89,89,89,89,89,89,89,89,89,89,89,89,89,89,89,90,90,90,90,90,90,90,90,90,90,90,90,90,90,90,90,90,90,90,90,91,91,91,91,91,91
Fitness 5.501071, Gen ;0.4565;0.2944;0.6662;0.515;0.0652;0.7767;0.094;0.0017;0.372;0.0974;0.411;0.571;0.0442;0.2938;0.9333;0.676;0.3035;0.4422;0.453;0.3382;0.8496
,77,77,78,78,78,78,78,78,78,78,78,79,79,79,79,79,79,79,79,79,79,79,79,79,79,79,79,79,79,79,79,80,80,80,80,80,80,80,80,80,80,80,80,80,80,80,80,80,80,80,80,80,80,80,80,81,81,81,81,81,81,81,81,81,81,81,81,81,81,81,81,81,81,81,81,81,82,82,82,82,82,82,82,82,82,82,82,82,82,82,82,82,82,82,82,82,82,83,83,83
Fitness 1.961749, Gen ;0.4565;0.2944;0.6662;0.515;0.0652;0.7767;0.094;0.0017;0.372;0.0974;0.411;0.571;0.0442;0.2938;0.9333;0.676;0.3035;0.4422;0.453;0.3382;0.8496
,76,77,77,77,77,77,77,78,78,78,78,78,78,78,78,78,78,78,78,78,78,78,78,79,79,79,79,79,79,79,79,79,79,79,79,79,79,79,79,79,79,79,79,79,79,80,80,80,80,80,80,80,80,80,80,80,80,80,80,80,80,80,80,80,80,80,80,80,80,80,80,81,81,81,81,81,81,81,81,81,81,81,81,81,81,81,81,81,81,81,81,82,82,82,82,82,82,82,82,82
Fitness 155.8144, Gen ;0.4565;0.2944;0.6662;0.515;0.0652;0.7767;0.094;0.0017;0.372;0.0974;0.411;0.571;0.0442;0.2938;0.9333;0.676;0.3035;0.4422;0.453;0.3382;0.8496
,119,119,119,120,123,123,123,124,124,124,125,125,125,125,125,125,125,126,127,128,128,128,128,128,128,128,129,129,129,129,129,129,129,129,129,129,130,130,130,130,130,130,130,130,130,130,130,130,130,130,130,130,130,130,130,131,131,131,131,131,131,131,131,131,131,131,131,131,131,131,131,131,131,131,131,132,132,132,132,132,132,132,132,132,132,132,132,132,132,132,132,132,132,132,133,133,133,133,133,133
Fitness 179.6579, Gen ;0.4565;0.2944;0.6662;0.515;0.0652;0.7767;0.094;0.0017;0.372;0.0974;0.411;0.571;0.0442;0.2938;0.9333;0.676;0.3035;0.4422;0.453;0.3382;0.8496
,110,111,111,111,111,111,111,111,111,112,112,112,112,112,112,112,112,112,112,112,112,112,112,112,112,112,113,113,113,113,113,113,113,113,113,113,113,113,113,113,113,113,113,113,113,113,114,114,114,114,114,114,114,114,114,114,114,114,114,114,114,114,114,114,114,114,114,114,114,114,114,114,114,114,115,115,115,115,115,115,115,115,115,115,115,115,115,115,115,115,115,115,116,116,116,116,116,116,116,116
Fitness 92.74403, Gen ;0.4565;0.2944;0.6662;0.515;0.0652;0.7767;0.094;0.0017;0.372;0.0974;0.411;0.571;0.0442;0.2938;0.9333;0.676;0.3035;0.4422;0.453;0.3382;0.8496
,84,84,84,84,85,85,85,85,85,85,85,85,85,85,85,85,86,86,86,86,86,86,86,86,86,86,86,86,86,86,86,86,86,86,86,87,87,87,87,87,87,87,87,87,87,87,87,87,87,87,87,87,87,87,87,87,87,87,87,87,88,88,88,88,88,88,88,88,88,88,88,88,88,88,88,88,88,88,88,88,88,88,88,89,89,89,89,89,89,89,89,89,89,89,89,89,89,89,89,90
Fitness 131.394, Gen ;0.4565;0.2944;0.6662;0.515;0.0652;0.7767;0.094;0.0017;0.372;0.0974;0.411;0.571;0.0442;0.2938;0.9333;0.676;0.3035;0.4422;0.453;0.3382;0.8496
,80,80,80,80,81,81,81,81,81,81,81,81,81,81,81,82,82,82,82,82,82,82,82,82,82,82,82,82,82,82,82,82,83,83,83,83,83,83,83,83,83,83,83,83,83,83,83,83,83,83,83,83,83,83,83,83,83,84,84,84,84,84,84,84,84,84,84,84,84,84,84,84,84,84,84,84,84,84,85,85,85,85,85,85,85,85,85,85,85,85,85,85,85,85,85,85,85,85,85,85
Fitness 134.9626, Gen ;0.4565;0.2944;0.6662;0.515;0.0652;0.7767;0.094;0.0017;0.372;0.0974;0.411;0.571;0.0442;0.2938;0.9333;0.676;0.3035;0.4422;0.453;0.3382;0.8496
,92,92,93,93,93,93,93,93,93,93,93,94,94,94,94,94,94,94,94,94,94,94,94,94,94,94,95,95,95,95,95,95,95,95,95,95,95,95,95,95,95,95,95,95,95,95,95,95,95,95,96,96,96,96,96,96,96,96,96,96,96,96,96,96,96,96,96,96,96,96,96,96,96,97,97,97,97,97,97,97,97,97,97,97,97,97,97,97,97,97,97,97,97,97,98,98,98,98,98,98
Fitness 7.329782, Gen ;0.4565;0.2944;0.6662;0.515;0.0652;0.7767;0.094;0.0017;0.372;0.0974;0.411;0.571;0.0442;0.2938;0.9333;0.676;0.3035;0.4422;0.453;0.3382;0.8496
,85,86,86,86,86,86,86,86,86,87,87,87,87,87,87,87,87,87,87,87,87,87,87,87,87,88,88,88,88,88,88,88,88,88,88,88,88,88,88,88,88,88,88,88,88,88,89,89,89,89,89,89,89,89,89,89,89,89,89,89,89,89,89,89,89,89,89,89,89,89,89,90,90,90,90,90,90,90,90,90,90,90,90,90,90,90,90,90,90,90,90,91,91,91,91,91,91,91,91,91
Fitness 24.24133, Gen ;0.4565;0.2944;0.6662;0.515;0.0652;0.7767;0.094;0.0017;0.372;0.0974;0.411;0.571;0.0442;0.2938;0.9333;0.676;0.3035;0.4422;0.453;0.3382;0.8496
,73,73,73,73,73,73,73,74,74,74,74,74,74,74,74,74,74,74,74,75,75,75,75,75,75,75,75,75,75,75,75,75,75,75,75,75,75,75,75,75,75,75,76,76,76,76,76,76,76,76,76,76,76,76,76,76,76,76,76,76,76,76,76,76,76,76,76,77,77,77,77,77,77,77,77,77,77,77,77,77,77,77,77,77,77,77,77,78,78,78,78,78,78,78,78,78,78,78,78,78
Fitness 97.99312, Gen ;0.4565;0.2944;0.6662;0.515;0.0652;0.7767;0.094;0.0017;0.372;0.0974;0.411;0.571;0.0442;0.2938;0.9333;0.676;0.3035;0.4422;0.453;0.3382;0.8496
,83,83,83,84,84,84,84,84,84,84,84,84,84,84,85,85,85,85,85,85,85,85,85,85,85,85,85,85,85,85,86,86,86,86,86,86,86,86,86,86,86,86,86,86,86,86,86,86,86,86,86,86,86,86,86,86,86,86,87,87,87,87,87,87,87,87,87,87,87,87,87,87,87,87,87,87,87,87,87,87,87,87,88,88,88,88,88,88,88,88,88,88,88,88,88,88,88,89,89,89
Fitness 117.4628, Gen ;0.4565;0.2944;0.6662;0.515;0.0652;0.7767;0.094;0.0017;0.372;0.0974;0.411;0.571;0.0442;0.2938;0.9333;0.676;0.3035;0.4422;0.453;0.3382;0.8496
,83,83,83,83,83,83,84,84,84,84,84,84,84,84,84,84,84,85,85,85,85,85,85,85,85,85,85,85,85,85,85,85,85,85,85,85,86,86,86,86,86,86,86,86,86,86,86,86,86,86,86,86,86,86,86,86,86,86,86,86,86,86,86,87,87,87,87,87,87,87,87,87,87,87,87,87,87,87,87,87,87,87,87,87,87,88,88,88,88,88,88,88,88,88,88,88,88,88,88,88
Fitness 66.50943, Gen ;0.4565;0.2944;0.6662;0.515;0.0652;0.7767;0.094;0.0017;0.372;0.0974;0.411;0.571;0.0442;0.2938;0.9333;0.676;0.3035;0.4422;0.453;0.3382;0.8496
,83,84,84,84,84,84,84,84,84,85,85,85,85,85,85,85,85,85,85,85,85,85,85,86,86,86,86,86,86,86,86,86,86,86,86,86,86,86,86,86,86,86,86,86,86,87,87,87,87,87,87,87,87,87,87,87,87,87,87,87,87,87,87,87,87,87,87,88,88,88,88,88,88,88,88,88,88,88,88,88,88,88,88,88,88,88,88,89,89,89,89,89,89,89,89,89,89,89,89,89
Fitness 91.69319, Gen ;0.4565;0.2944;0.6662;0.515;0.0652;0.7767;0.094;0.0017;0.372;0.0974;0.411;0.571;0.0442;0.2938;0.9333;0.676;0.3035;0.4422;0.453;0.3382;0.8496
,77,78,78,78,78,78,78,78,78,78,79,79,79,79,79,79,79,79,79,79,79,79,79,79,80,80,80,80,80,80,80,80,80,80,80,80,80,80,80,80,80,80,80,80,80,80,80,80,81,81,81,81,81,81,81,81,81,81,81,81,81,81,81,81,81,81,81,81,81,81,81,81,82,82,82,82,82,82,82,82,82,82,82,82,82,82,82,82,82,82,82,82,82,82,82,82,83,83,83,83
Fitness 157.7846, Gen ;0.4565;0.2944;0.6662;0.515;0.0652;0.7767;0.094;0.0017;0.372;0.0974;0.411;0.571;0.0442;0.2938;0.9333;0.676;0.3035;0.4422;0.453;0.3382;0.8496
,76,77,77,77,77,77,77,77,77,78,78,78,78,78,78,78,78,78,78,78,78,78,78,78,79,79,79,79,79,79,79,79,79,79,79,79,79,79,79,79,79,79,79,79,79,79,80,80,80,80,80,80,80,80,80,80,80,80,80,80,80,80,80,80,80,80,80,80,80,80,81,81,81,81,81,81,81,81,81,81,81,81,81,81,81,81,81,81,81,81,81,82,82,82,82,82,82,82,82,82
Fitness 102.3983, Gen ;0.4565;0.2944;0.6662;0.515;0.0652;0.7767;0.094;0.0017;0.372;0.0974;0.411;0.571;0.0442;0.2938;0.9333;0.676;0.3035;0.4422;0.453;0.3382;0.8496
,77,77,78,78,78,78,78,78,78,79,79,79,79,79,79,79,79,79,79,79,79,79,79,79,79,80,80,80,80,80,80,80,80,80,80,80,80,80,80,80,80,80,80,80,80,80,80,81,81,81,81,81,81,81,81,81,81,81,81,81,81,81,81,81,81,81,81,81,81,81,81,81,81,82,82,82,82,82,82,82,82,82,82,82,82,82,82,82,82,82,82,82,82,83,83,83,83,83,83,83
Fitness 103.4099, Gen ;0.4565;0.2944;0.6662;0.515;0.0652;0.7767;0.094;0.0017;0.372;0.0974;0.411;0.571;0.0442;0.2938;0.9333;0.676;0.3035;0.4422;0.453;0.3382;0.8496
,78,79,79,79,79,80,80,80,80,80,80,80,80,80,80,80,80,81,81,81,81,81,81,81,81,81,81,81,81,81,81,81,81,81,81,81,81,82,82,82,82,82,82,82,82,82,82,82,82,82,82,82,82,82,82,82,82,82,82,82,83,83,83,83,83,83,83,83,83,83,83,83,83,83,83,83,83,83,83,83,83,83,83,83,83,83,84,84,84,84,84,84,84,84,84,84,84,84,84,84
Fitness 99.73992, Gen ;0.4565;0.2944;0.6662;0.515;0.0652;0.7767;0.094;0.0017;0.372;0.0974;0.411;0.571;0.0442;0.2938;0.9333;0.676;0.3035;0.4422;0.453;0.3382;0.8496
,82,82,83,83,83,83,83,83,83,84,84,84,84,84,84,84,84,84,84,84,84,84,84,84,85,85,85,85,85,85,85,85,85,85,85,85,85,85,85,85,85,85,85,85,85,85,86,86,86,86,86,86,86,86,86,86,86,86,86,86,86,86,86,86,86,86,86,86,86,86,86,87,87,87,87,87,87,87,87,87,87,87,87,87,87,87,87,87,87,87,87,88,88,88,88,88,88,88,88,88
Fitness 130.5114, Gen ;0.4565;0.2944;0.6662;0.515;0.0652;0.7767;0.094;0.0017;0.372;0.0974;0.411;0.571;0.0442;0.2938;0.9333;0.676;0.3035;0.4422;0.453;0.3382;0.8496
,71,71,72,72,72,72,72,72,72,72,72,72,73,73,73,73,73,73,73,73,73,73,73,73,73,73,74,74,74,74,74,74,74,74,74,74,74,74,74,74,74,74,74,74,74,74,74,74,75,75,75,75,75,75,75,75,75,75,75,75,75,75,75,75,75,75,75,75,75,75,75,75,75,75,76,76,76,76,76,76,76,76,76,76,76,76,76,76,76,76,76,76,76,76,76,76,77,77,77,77
Fitness 134.9486, Gen ;0.4565;0.2944;0.6662;0.515;0.0652;0.7767;0.094;0.0017;0.372;0.0974;0.411;0.571;0.0442;0.2938;0.9333;0.676;0.3035;0.4422;0.453;0.3382;0.8496
,80,80,81,81,81,81,81,81,81,81,81,81,81,82,82,82,82,82,82,82,82,82,82,82,82,82,82,82,82,82,83,83,83,83,83,83,83,83,83,83,83,83,83,83,83,83,83,83,83,83,83,83,84,84,84,84,84,84,84,84,84,84,84,84,84,84,84,84,84,84,84,84,84,84,84,84,84,84,85,85,85,85,85,85,85,85,85,85,85,85,85,85,85,85,85,85,86,86,86,86
Fitness 130.7132, Gen ;0.4565;0.2944;0.6662;0.515;0.0652;0.7767;0.094;0.0017;0.372;0.0974;0.411;0.571;0.0442;0.2938;0.9333;0.676;0.3035;0.4422;0.453;0.3382;0.8496
,76,76,76,76,76,77,77,77,77,77,77,77,77,77,77,77,77,77,77,78,78,78,78,78,78,78,78,78,78,78,78,78,78,78,78,78,78,78,78,78,78,79,79,79,79,79,79,79,79,79,79,79,79,79,79,79,79,79,79,79,79,79,79,79,79,79,80,80,80,80,80,80,80,80,80,80,80,80,80,80,80,80,80,80,80,80,80,81,81,81,81,81,81,81,81,81,81,81,81,81
Fitness 122.7456, Gen ;0.4565;0.2944;0.6662;0.515;0.0652;0.7767;0.094;0.0017;0.372;0.0974;0.411;0.571;0.0442;0.2938;0.9333;0.676;0.3035;0.4422;0.453;0.3382;0.8496
,76,76,76,77,77,77,77,77,77,78,78,78,78,78,78,78,78,78,78,78,78,78,78,78,79,79,79,79,79,79,79,79,79,79,79,79,79,79,79,79,79,79,79,79,79,79,79,79,80,80,80,80,80,80,80,80,80,80,80,80,80,80,80,80,80,80,80,80,80,81,81,81,81,81,81,81,81,81,81,81,81,81,81,81,81,81,81,81,81,81,81,82,82,82,82,82,82,82,82,82
Fitness 105.0115, Gen ;0.4565;0.2944;0.6662;0.515;0.0652;0.7767;0.094;0.0017;0.372;0.0974;0.411;0.571;0.0442;0.2938;0.9333;0.676;0.3035;0.4422;0.453;0.3382;0.8496
,82,83,83,83,83,83,83,83,83,83,83,84,84,84,84,84,84,84,84,84,84,84,84,84,84,84,84,85,85,85,85,85,85,85,85,85,85,85,85,85,85,85,85,85,85,85,85,85,85,85,86,86,86,86,86,86,86,86,86,86,86,86,86,86,86,86,86,86,86,86,86,86,86,86,86,86,86,86,86,86,86,87,87,87,87,87,87,87,87,87,87,87,87,87,87,87,87,87,88,88
Fitness 166.3702, Gen ;0.4565;0.2944;0.6662;0.515;0.0652;0.7767;0.094;0.0017;0.372;0.0974;0.411;0.571;0.0442;0.2938;0.9333;0.676;0.3035;0.4422;0.453;0.3382;0.8496
,83,84,84,84,84,84,84,85,85,85,85,85,85,85,85,85,85,85,85,85,85,85,85,86,86,86,86,86,86,86,86,86,86,86,86,86,86,86,86,86,86,86,87,87,87,87,87,87,87,87,87,87,87,87,87,87,87,87,87,87,87,87,87,87,87,87,88,88,88,88,88,88,88,88,88,88,88,88,88,88,88,88,88,88,88,88,88,88,88,88,88,89,89,89,89,89,89,89,89,89
Fitness 115.7883, Gen ;0.4565;0.2944;0.6662;0.515;0.0652;0.7767;0.094;0.0017;0.372;0.0974;0.411;0.571;0.0442;0.2938;0.9333;0.676;0.3035;0.4422;0.453;0.3382;0.8496
,83,83,83,83,83,84,84,84,84,84,84,84,84,84,84,84,84,84,85,85,85,85,85,85,85,85,85,85,85,85,85,85,85,85,85,85,85,86,86,86,86,86,86,86,86,86,86,86,86,86,86,86,86,86,86,86,86,86,86,86,86,86,86,86,86,87,87,87,87,87,87,87,87,87,87,87,87,87,87,87,87,88,88,88,88,88,88,88,88,88,88,88,88,88,88,88,88,88,88,88
Fitness 139.4288, Gen ;0.4565;0.2944;0.6662;0.515;0.0652;0.7767;0.094;0.0017;0.372;0.0974;0.411;0.571;0.0442;0.2938;0.9333;0.676;0.3035;0.4422;0.453;0.3382;0.8496
,84,85,85,85,85,85,85,85,86,86,86,86,86,86,86,86,86,86,86,86,86,87,87,87,87,87,87,87,87,87,87,87,87,87,87,87,87,87,87,87,87,87,87,87,88,88,88,88,88,88,88,88,88,88,88,88,88,88,88,88,88,88,88,88,88,88,88,89,89,89,89,89,89,89,89,89,89,89,89,89,89,89,89,89,89,89,89,89,90,90,90,90,90,90,90,90,90,90,90,90
Fitness 135.8052, Gen ;0.4565;0.2944;0.6662;0.515;0.0652;0.7767;0.094;0.0017;0.372;0.0974;0.411;0.571;0.0442;0.2938;0.9333;0.676;0.3035;0.4422;0.453;0.3382;0.8496
,71,71,72,72,72,72,72,72,72,73,73,73,73,73,73,73,73,73,73,73,73,73,73,73,73,74,74,74,74,74,74,74,74,74,74,74,74,74,74,74,74,74,74,74,74,74,74,74,74,74,74,75,75,75,75,75,75,75,75,75,75,75,75,75,75,75,75,75,75,75,75,75,76,76,76,76,76,76,76,76,76,76,76,76,76,76,76,76,76,76,76,77,77,77,77,77,77,77,77,77
Fitness 106.3386, Gen ;0.4565;0.2944;0.6662;0.515;0.0652;0.7767;0.094;0.0017;0.372;0.0974;0.411;0.571;0.0442;0.2938;0.9333;0.676;0.3035;0.4422;0.453;0.3382;0.8496
,78,78,78,79,79,79,79,79,79,79,79,79,79,79,79,79,80,80,80,80,80,80,80,80,80,80,80,80,80,80,80,80,80,80,80,80,81,81,81,81,81,81,81,81,81,81,81,81,81,81,81,81,81,81,81,81,81,81,81,81,81,81,81,82,82,82,82,82,82,82,82,82,82,82,82,82,82,82,82,82,82,82,82,82,82,83,83,83,83,83,83,83,83,83,83,83,83,83,83,83
Fitness 99.78259, Gen ;0.4565;0.2944;0.6662;0.515;0.0652;0.7767;0.094;0.0017;0.372;0.0974;0.411;0.571;0.0442;0.2938;0.9333;0.676;0.3035;0.4422;0.453;0.3382;0.8496
,79,80,80,80,81,81,81,81,81,81,81,81,81,81,81,81,82,82,82,82,82,82,82,82,82,82,82,82,82,82,82,82,82,83,83,83,83,83,83,83,83,83,83,83,83,83,83,83,83,83,83,83,83,83,83,83,83,83,84,84,84,84,84,84,84,84,84,84,84,84,84,84,84,84,84,84,84,84,84,84,84,84,85,85,85,85,85,85,85,85,85,85,85,85,85,85,85,85,85,86
Fitness 103.3191, Gen ;0.4565;0.2944;0.6662;0.515;0.0652;0.7767;0.094;0.0017;0.372;0.0974;0.411;0.571;0.0442;0.2938;0.9333;0.676;0.3035;0.4422;0.453;0.3382;0.8496
,75,75,75,76,76,76,76,76,76,76,76,77,77,77,77,77,77,77,77,77,77,77,77,77,77,77,77,78,78,78,78,78,78,78,78,78,78,78,78,78,78,78,78,78,78,78,78,78,78,78,78,78,79,79,79,79,79,79,79,79,79,79,79,79,79,79,79,79,79,79,79,79,79,79,80,80,80,80,80,80,80,80,80,80,80,80,80,80,80,80,80,80,80,80,81,81,81,81,81,81
Fitness 95.57178, Gen ;0.4565;0.2944;0.6662;0.515;0.0652;0.7767;0.094;0.0017;0.372;0.0974;0.411;0.571;0.0442;0.2938;0.9333;0.676;0.3035;0.4422;0.453;0.3382;0.8496
,75,76,76,76,77,77,77,77,77,77,77,77,77,77,77,77,78,78,78,78,78,78,78,78,78,78,78,78,78,78,78,78,78,78,78,78,79,79,79,79,79,79,79,79,79,79,79,79,79,79,79,79,79,79,79,79,79,79,79,79,79,79,80,80,80,80,80,80,80,80,80,80,80,80,80,80,80,80,80,80,80,80,80,80,80,80,80,80,80,80,80,80,81,81,81,81,81,81,81,81
Fitness 165.955, Gen ;0.4565;0.2944;0.6662;0.515;0.0652;0.7767;0.094;0.0017;0.372;0.0974;0.411;0.571;0.0442;0.2938;0.9333;0.676;0.3035;0.4422;0.453;0.3382;0.8496
,78,79,79,79,79,79,80,80,80,80,80,80,80,80,80,80,80,80,80,80,80,81,81,81,81,81,81,81,81,81,81,81,81,81,81,81,81,81,81,81,81,81,82,82,82,82,82,82,82,82,82,82,82,82,82,82,82,82,82,82,82,82,82,82,83,83,83,83,83,83,83,83,83,83,83,83,83,83,83,83,83,83,83,83,83,83,83,83,84,84,84,84,84,84,84,84,84,84,84,84
Fitness 128.1231, Gen ;0.4565;0.2944;0.6662;0.515;0.0652;0.7767;0.094;0.0017;0.372;0.0974;0.411;0.571;0.0442;0.2938;0.9333;0.676;0.3035;0.4422;0.453;0.3382;0.8496
,73,74,74,74,75,75,75,75,75,75,75,75,75,75,75,75,76,76,76,76,76,76,76,76,76,76,76,76,76,76,76,76,76,76,76,77,77,77,77,77,77,77,77,77,77,77,77,77,77,77,77,77,77,77,77,77,77,77,77,78,78,78,78,78,78,78,78,78,78,78,78,78,78,78,78,78,78,78,78,79,79,79,79,79,79,79,79,79,79,79,79,79,79,79,79,79,79,79,80,80
