	10Stroembom ovc
	5 AI1 ovcarjev
Fitness 37.87128, Gen ;0.3352;0.7616;0.4466;0.4293;0.4016;0.525;0.2544;0.1747;0.786;0.895;0.3442;0.7664;0.1076;0.57;0.7862;0.9794;0.8215;0.0207;0.9312;0.4623;0.417
,45,48,48,53,53,53,54,54,54,54
Fitness 42.53059, Gen ;0.3352;0.7616;0.4466;0.4293;0.4016;0.525;0.2544;0.1747;0.786;0.895;0.3442;0.7664;0.1076;0.57;0.7862;0.9794;0.8215;0.0207;0.9312;0.4623;0.417
,45,45,45,45,46,46,46,48,59,59
Fitness 45.15318, Gen ;0.3352;0.7616;0.4466;0.4293;0.4016;0.525;0.2544;0.1747;0.786;0.895;0.3442;0.7664;0.1076;0.57;0.7862;0.9794;0.8215;0.0207;0.9312;0.4623;0.417
,37,37,41,41,41,42,42,42,42,45
Fitness 37.45444, Gen ;0.3352;0.7616;0.4466;0.4293;0.4016;0.525;0.2544;0.1747;0.786;0.895;0.3442;0.7664;0.1076;0.57;0.7862;0.9794;0.8215;0.0207;0.9312;0.4623;0.417
,54,55,55,55,55,55,55,55,55,58
Fitness 36.40593, Gen ;0.3352;0.7616;0.4466;0.4293;0.4016;0.525;0.2544;0.1747;0.786;0.895;0.3442;0.7664;0.1076;0.57;0.7862;0.9794;0.8215;0.0207;0.9312;0.4623;0.417
,57,57,57,57,58,58,58,58,58,58
Fitness 50.69052, Gen ;0.3352;0.7616;0.4466;0.4293;0.4016;0.525;0.2544;0.1747;0.786;0.895;0.3442;0.7664;0.1076;0.57;0.7862;0.9794;0.8215;0.0207;0.9312;0.4623;0.417
,42,42,47,47,47,48,48,48,48,48
Fitness 33.12553, Gen ;0.3352;0.7616;0.4466;0.4293;0.4016;0.525;0.2544;0.1747;0.786;0.895;0.3442;0.7664;0.1076;0.57;0.7862;0.9794;0.8215;0.0207;0.9312;0.4623;0.417
,51,51,51,51,52,52,52,52,52,52
Fitness 31.81396, Gen ;0.3352;0.7616;0.4466;0.4293;0.4016;0.525;0.2544;0.1747;0.786;0.895;0.3442;0.7664;0.1076;0.57;0.7862;0.9794;0.8215;0.0207;0.9312;0.4623;0.417
,52,52,52,53,53,53,53,53,53,62
Fitness 44.54161, Gen ;0.3352;0.7616;0.4466;0.4293;0.4016;0.525;0.2544;0.1747;0.786;0.895;0.3442;0.7664;0.1076;0.57;0.7862;0.9794;0.8215;0.0207;0.9312;0.4623;0.417
,38,38,38,39,39,39,39,39,47,48
Fitness 38.65703, Gen ;0.3352;0.7616;0.4466;0.4293;0.4016;0.525;0.2544;0.1747;0.786;0.895;0.3442;0.7664;0.1076;0.57;0.7862;0.9794;0.8215;0.0207;0.9312;0.4623;0.417
,50,50,50,51,51,51,51,51,67,67
Fitness 31.6993, Gen ;0.3352;0.7616;0.4466;0.4293;0.4016;0.525;0.2544;0.1747;0.786;0.895;0.3442;0.7664;0.1076;0.57;0.7862;0.9794;0.8215;0.0207;0.9312;0.4623;0.417
,46,49,49,49,50,50,50,50,62,62
Fitness 48.74024, Gen ;0.3352;0.7616;0.4466;0.4293;0.4016;0.525;0.2544;0.1747;0.786;0.895;0.3442;0.7664;0.1076;0.57;0.7862;0.9794;0.8215;0.0207;0.9312;0.4623;0.417
,44,46,46,46,46,47,47,48,55,55
Fitness 28.93875, Gen ;0.3352;0.7616;0.4466;0.4293;0.4016;0.525;0.2544;0.1747;0.786;0.895;0.3442;0.7664;0.1076;0.57;0.7862;0.9794;0.8215;0.0207;0.9312;0.4623;0.417
,49,50,50,50,50,50,50,50,51,51
Fitness 32.74567, Gen ;0.3352;0.7616;0.4466;0.4293;0.4016;0.525;0.2544;0.1747;0.786;0.895;0.3442;0.7664;0.1076;0.57;0.7862;0.9794;0.8215;0.0207;0.9312;0.4623;0.417
,29,48,48,48,49,49,49,49,49,49
Fitness 38.94726, Gen ;0.3352;0.7616;0.4466;0.4293;0.4016;0.525;0.2544;0.1747;0.786;0.895;0.3442;0.7664;0.1076;0.57;0.7862;0.9794;0.8215;0.0207;0.9312;0.4623;0.417
,48,48,49,49,49,49,54,54,54,63
Fitness 40.44559, Gen ;0.3352;0.7616;0.4466;0.4293;0.4016;0.525;0.2544;0.1747;0.786;0.895;0.3442;0.7664;0.1076;0.57;0.7862;0.9794;0.8215;0.0207;0.9312;0.4623;0.417
,34,51,52,52,52,52,52,52,53,53
Fitness 43.83611, Gen ;0.3352;0.7616;0.4466;0.4293;0.4016;0.525;0.2544;0.1747;0.786;0.895;0.3442;0.7664;0.1076;0.57;0.7862;0.9794;0.8215;0.0207;0.9312;0.4623;0.417
,46,46,47,47,47,47,47,54,55,55
Fitness 32.47252, Gen ;0.3352;0.7616;0.4466;0.4293;0.4016;0.525;0.2544;0.1747;0.786;0.895;0.3442;0.7664;0.1076;0.57;0.7862;0.9794;0.8215;0.0207;0.9312;0.4623;0.417
,36,36,36,36,41,41,41,42,42,44
Fitness 39.28298, Gen ;0.3352;0.7616;0.4466;0.4293;0.4016;0.525;0.2544;0.1747;0.786;0.895;0.3442;0.7664;0.1076;0.57;0.7862;0.9794;0.8215;0.0207;0.9312;0.4623;0.417
,58,59,59,59,59,59,59,59,60,60
Fitness 38.30709, Gen ;0.3352;0.7616;0.4466;0.4293;0.4016;0.525;0.2544;0.1747;0.786;0.895;0.3442;0.7664;0.1076;0.57;0.7862;0.9794;0.8215;0.0207;0.9312;0.4623;0.417
,56,57,57,57,58,58,58,58,58,58
Fitness 52.88988, Gen ;0.3352;0.7616;0.4466;0.4293;0.4016;0.525;0.2544;0.1747;0.786;0.895;0.3442;0.7664;0.1076;0.57;0.7862;0.9794;0.8215;0.0207;0.9312;0.4623;0.417
,51,51,52,52,52,52,52,52,52,55
Fitness 30.07946, Gen ;0.3352;0.7616;0.4466;0.4293;0.4016;0.525;0.2544;0.1747;0.786;0.895;0.3442;0.7664;0.1076;0.57;0.7862;0.9794;0.8215;0.0207;0.9312;0.4623;0.417
,52,52,52,52,52,53,53,53,53,53
Fitness 31.9659, Gen ;0.3352;0.7616;0.4466;0.4293;0.4016;0.525;0.2544;0.1747;0.786;0.895;0.3442;0.7664;0.1076;0.57;0.7862;0.9794;0.8215;0.0207;0.9312;0.4623;0.417
,41,41,41,42,46,46,46,46,47,47
Fitness 36.7023, Gen ;0.3352;0.7616;0.4466;0.4293;0.4016;0.525;0.2544;0.1747;0.786;0.895;0.3442;0.7664;0.1076;0.57;0.7862;0.9794;0.8215;0.0207;0.9312;0.4623;0.417
,49,52,52,52,52,52,53,53,55,55
Fitness 37.5054, Gen ;0.3352;0.7616;0.4466;0.4293;0.4016;0.525;0.2544;0.1747;0.786;0.895;0.3442;0.7664;0.1076;0.57;0.7862;0.9794;0.8215;0.0207;0.9312;0.4623;0.417
,46,47,47,47,47,47,47,47,47,48
Fitness 46.74854, Gen ;0.3352;0.7616;0.4466;0.4293;0.4016;0.525;0.2544;0.1747;0.786;0.895;0.3442;0.7664;0.1076;0.57;0.7862;0.9794;0.8215;0.0207;0.9312;0.4623;0.417
,40,41,41,41,41,41,42,42,53,53
Fitness 36.30621, Gen ;0.3352;0.7616;0.4466;0.4293;0.4016;0.525;0.2544;0.1747;0.786;0.895;0.3442;0.7664;0.1076;0.57;0.7862;0.9794;0.8215;0.0207;0.9312;0.4623;0.417
,51,51,52,52,52,52,52,52,52,53
Fitness 44.81434, Gen ;0.3352;0.7616;0.4466;0.4293;0.4016;0.525;0.2544;0.1747;0.786;0.895;0.3442;0.7664;0.1076;0.57;0.7862;0.9794;0.8215;0.0207;0.9312;0.4623;0.417
,47,48,48,48,48,48,48,48,48,49
Fitness 43.18196, Gen ;0.3352;0.7616;0.4466;0.4293;0.4016;0.525;0.2544;0.1747;0.786;0.895;0.3442;0.7664;0.1076;0.57;0.7862;0.9794;0.8215;0.0207;0.9312;0.4623;0.417
,48,48,52,52,53,53,53,53,53,53
Fitness 38.2359, Gen ;0.3352;0.7616;0.4466;0.4293;0.4016;0.525;0.2544;0.1747;0.786;0.895;0.3442;0.7664;0.1076;0.57;0.7862;0.9794;0.8215;0.0207;0.9312;0.4623;0.417
,50,50,50,50,50,51,51,51,51,51
Fitness 42.85566, Gen ;0.3352;0.7616;0.4466;0.4293;0.4016;0.525;0.2544;0.1747;0.786;0.895;0.3442;0.7664;0.1076;0.57;0.7862;0.9794;0.8215;0.0207;0.9312;0.4623;0.417
,53,53,53,53,54,54,54,54,54,54
Fitness 37.3296, Gen ;0.3352;0.7616;0.4466;0.4293;0.4016;0.525;0.2544;0.1747;0.786;0.895;0.3442;0.7664;0.1076;0.57;0.7862;0.9794;0.8215;0.0207;0.9312;0.4623;0.417
,47,47,47,47,48,48,48,54,54,54
Fitness 40.16096, Gen ;0.3352;0.7616;0.4466;0.4293;0.4016;0.525;0.2544;0.1747;0.786;0.895;0.3442;0.7664;0.1076;0.57;0.7862;0.9794;0.8215;0.0207;0.9312;0.4623;0.417
,45,45,46,46,46,46,46,46,47,47
Fitness 36.4489, Gen ;0.3352;0.7616;0.4466;0.4293;0.4016;0.525;0.2544;0.1747;0.786;0.895;0.3442;0.7664;0.1076;0.57;0.7862;0.9794;0.8215;0.0207;0.9312;0.4623;0.417
,49,50,50,50,50,50,50,50,51,51
Fitness 38.82008, Gen ;0.3352;0.7616;0.4466;0.4293;0.4016;0.525;0.2544;0.1747;0.786;0.895;0.3442;0.7664;0.1076;0.57;0.7862;0.9794;0.8215;0.0207;0.9312;0.4623;0.417
,52,57,57,57,57,58,58,58,58,58
Fitness 45.5656, Gen ;0.3352;0.7616;0.4466;0.4293;0.4016;0.525;0.2544;0.1747;0.786;0.895;0.3442;0.7664;0.1076;0.57;0.7862;0.9794;0.8215;0.0207;0.9312;0.4623;0.417
,62,63,63,63,63,64,64,64,64,64
Fitness 40.2359, Gen ;0.3352;0.7616;0.4466;0.4293;0.4016;0.525;0.2544;0.1747;0.786;0.895;0.3442;0.7664;0.1076;0.57;0.7862;0.9794;0.8215;0.0207;0.9312;0.4623;0.417
,49,50,50,50,50,51,51,56,56,56
Fitness 31.73763, Gen ;0.3352;0.7616;0.4466;0.4293;0.4016;0.525;0.2544;0.1747;0.786;0.895;0.3442;0.7664;0.1076;0.57;0.7862;0.9794;0.8215;0.0207;0.9312;0.4623;0.417
,45,46,50,51,51,51,51,51,51,52
Fitness 26.15896, Gen ;0.3352;0.7616;0.4466;0.4293;0.4016;0.525;0.2544;0.1747;0.786;0.895;0.3442;0.7664;0.1076;0.57;0.7862;0.9794;0.8215;0.0207;0.9312;0.4623;0.417
,55,55,55,55,55,55,55,56,56,56
Fitness 36.05999, Gen ;0.3352;0.7616;0.4466;0.4293;0.4016;0.525;0.2544;0.1747;0.786;0.895;0.3442;0.7664;0.1076;0.57;0.7862;0.9794;0.8215;0.0207;0.9312;0.4623;0.417
,55,56,56,56,56,56,56,57,57,63
