	10Stroembom ovc
	1 AI1 ovcarjev
Fitness 5.502123, Gen ;0.8709;0.5468;0.7486;0.3398;0.3559;0.3024;0.184;0.3836;0.2992;0.2832;0.7336;0.2673;0.0587;0.4105;0.5105;0.562;0.0303;0.6609;0.9649;0.7463;0.9061
,118,118,118,118,118,118,118,119,119,119
Fitness 11.21377, Gen ;0.8709;0.5468;0.7486;0.3398;0.3559;0.3024;0.184;0.3836;0.2992;0.2832;0.7336;0.2673;0.0587;0.4105;0.5105;0.562;0.0303;0.6609;0.9649;0.7463;0.9061
,85,85,86,86,86,86,86,86,86,86
Fitness 12.10277, Gen ;0.8709;0.5468;0.7486;0.3398;0.3559;0.3024;0.184;0.3836;0.2992;0.2832;0.7336;0.2673;0.0587;0.4105;0.5105;0.562;0.0303;0.6609;0.9649;0.7463;0.9061
,100,100,100,101,101,101,101,101,101,101
Fitness 22.67506, Gen ;0.8709;0.5468;0.7486;0.3398;0.3559;0.3024;0.184;0.3836;0.2992;0.2832;0.7336;0.2673;0.0587;0.4105;0.5105;0.562;0.0303;0.6609;0.9649;0.7463;0.9061
,141,141,141,142,142,142,142,142,142,143
Fitness 25.24485, Gen ;0.8709;0.5468;0.7486;0.3398;0.3559;0.3024;0.184;0.3836;0.2992;0.2832;0.7336;0.2673;0.0587;0.4105;0.5105;0.562;0.0303;0.6609;0.9649;0.7463;0.9061
,66,130,131,131,131,131,131,131,132,132
Fitness 1.897526, Gen ;0.8709;0.5468;0.7486;0.3398;0.3559;0.3024;0.184;0.3836;0.2992;0.2832;0.7336;0.2673;0.0587;0.4105;0.5105;0.562;0.0303;0.6609;0.9649;0.7463;0.9061
,94,100,100,100,100,100,101,101,101,101
Fitness 10.72922, Gen ;0.8709;0.5468;0.7486;0.3398;0.3559;0.3024;0.184;0.3836;0.2992;0.2832;0.7336;0.2673;0.0587;0.4105;0.5105;0.562;0.0303;0.6609;0.9649;0.7463;0.9061
,51,104,104,104,105,105,105,105,105,106
Fitness 5.443167, Gen ;0.8709;0.5468;0.7486;0.3398;0.3559;0.3024;0.184;0.3836;0.2992;0.2832;0.7336;0.2673;0.0587;0.4105;0.5105;0.562;0.0303;0.6609;0.9649;0.7463;0.9061
,110,110,110,111,111,113,113,113,113,114
Fitness 0.2531713, Gen ;0.8709;0.5468;0.7486;0.3398;0.3559;0.3024;0.184;0.3836;0.2992;0.2832;0.7336;0.2673;0.0587;0.4105;0.5105;0.562;0.0303;0.6609;0.9649;0.7463;0.9061
,174
Fitness 1.0562, Gen ;0.8709;0.5468;0.7486;0.3398;0.3559;0.3024;0.184;0.3836;0.2992;0.2832;0.7336;0.2673;0.0587;0.4105;0.5105;0.562;0.0303;0.6609;0.9649;0.7463;0.9061
,122,122,123,123,123,123,123,123,123,123
Fitness 5.564373, Gen ;0.8709;0.5468;0.7486;0.3398;0.3559;0.3024;0.184;0.3836;0.2992;0.2832;0.7336;0.2673;0.0587;0.4105;0.5105;0.562;0.0303;0.6609;0.9649;0.7463;0.9061
,172,173,173,173,173,173,173,174,174,174
Fitness 5.045093, Gen ;0.8709;0.5468;0.7486;0.3398;0.3559;0.3024;0.184;0.3836;0.2992;0.2832;0.7336;0.2673;0.0587;0.4105;0.5105;0.562;0.0303;0.6609;0.9649;0.7463;0.9061
,97,97,97,97,98,98,98,98,98,98
Fitness 2.764838, Gen ;0.8709;0.5468;0.7486;0.3398;0.3559;0.3024;0.184;0.3836;0.2992;0.2832;0.7336;0.2673;0.0587;0.4105;0.5105;0.562;0.0303;0.6609;0.9649;0.7463;0.9061
,82,83,83,83,83,83,84,84,84,84
Fitness 0.007779927, Gen ;0.8709;0.5468;0.7486;0.3398;0.3559;0.3024;0.184;0.3836;0.2992;0.2832;0.7336;0.2673;0.0587;0.4105;0.5105;0.562;0.0303;0.6609;0.9649;0.7463;0.9061
,129,129,129,129,129,129,129,129,130,130
Fitness 1.459216, Gen ;0.8709;0.5468;0.7486;0.3398;0.3559;0.3024;0.184;0.3836;0.2992;0.2832;0.7336;0.2673;0.0587;0.4105;0.5105;0.562;0.0303;0.6609;0.9649;0.7463;0.9061
,143,144,144,144,144,144,145,145,145,145
Fitness 0.01002106, Gen ;0.8709;0.5468;0.7486;0.3398;0.3559;0.3024;0.184;0.3836;0.2992;0.2832;0.7336;0.2673;0.0587;0.4105;0.5105;0.562;0.0303;0.6609;0.9649;0.7463;0.9061
,119,119,119,119,120,120,120,120,120,120
Fitness 6.389279, Gen ;0.8709;0.5468;0.7486;0.3398;0.3559;0.3024;0.184;0.3836;0.2992;0.2832;0.7336;0.2673;0.0587;0.4105;0.5105;0.562;0.0303;0.6609;0.9649;0.7463;0.9061
,99,99,99,100,100,100,100,100,100,101
Fitness 12.07932, Gen ;0.8709;0.5468;0.7486;0.3398;0.3559;0.3024;0.184;0.3836;0.2992;0.2832;0.7336;0.2673;0.0587;0.4105;0.5105;0.562;0.0303;0.6609;0.9649;0.7463;0.9061
,98,109,109,110,110,110,110,110,110,110
Fitness 0.8438718, Gen ;0.8709;0.5468;0.7486;0.3398;0.3559;0.3024;0.184;0.3836;0.2992;0.2832;0.7336;0.2673;0.0587;0.4105;0.5105;0.562;0.0303;0.6609;0.9649;0.7463;0.9061
,68,69,69,69,69,69,70,70,70,70
Fitness 0.2025926, Gen ;0.8709;0.5468;0.7486;0.3398;0.3559;0.3024;0.184;0.3836;0.2992;0.2832;0.7336;0.2673;0.0587;0.4105;0.5105;0.562;0.0303;0.6609;0.9649;0.7463;0.9061
,155,155,155,155,156,156,156,156,156,156
Fitness 1.778261, Gen ;0.8709;0.5468;0.7486;0.3398;0.3559;0.3024;0.184;0.3836;0.2992;0.2832;0.7336;0.2673;0.0587;0.4105;0.5105;0.562;0.0303;0.6609;0.9649;0.7463;0.9061
,161,165,165,166,166,166,166,166,166,167
Fitness 5.655966, Gen ;0.8709;0.5468;0.7486;0.3398;0.3559;0.3024;0.184;0.3836;0.2992;0.2832;0.7336;0.2673;0.0587;0.4105;0.5105;0.562;0.0303;0.6609;0.9649;0.7463;0.9061
,92,92,92,93,93,93,93,93,93,93
Fitness 3.406694, Gen ;0.8709;0.5468;0.7486;0.3398;0.3559;0.3024;0.184;0.3836;0.2992;0.2832;0.7336;0.2673;0.0587;0.4105;0.5105;0.562;0.0303;0.6609;0.9649;0.7463;0.9061
,131,131,131,131,132,132,132,132,132,132
Fitness 21.00457, Gen ;0.8709;0.5468;0.7486;0.3398;0.3559;0.3024;0.184;0.3836;0.2992;0.2832;0.7336;0.2673;0.0587;0.4105;0.5105;0.562;0.0303;0.6609;0.9649;0.7463;0.9061
,118,126,126,126,126,126,127,127,127,127
Fitness 0.04807509, Gen ;0.8709;0.5468;0.7486;0.3398;0.3559;0.3024;0.184;0.3836;0.2992;0.2832;0.7336;0.2673;0.0587;0.4105;0.5105;0.562;0.0303;0.6609;0.9649;0.7463;0.9061
,94,94,94,94,94,94,95,95,95,95
Fitness 0.01244126, Gen ;0.8709;0.5468;0.7486;0.3398;0.3559;0.3024;0.184;0.3836;0.2992;0.2832;0.7336;0.2673;0.0587;0.4105;0.5105;0.562;0.0303;0.6609;0.9649;0.7463;0.9061
,89,89,89,89,89,89,90,90,90,90
Fitness 8.147691, Gen ;0.8709;0.5468;0.7486;0.3398;0.3559;0.3024;0.184;0.3836;0.2992;0.2832;0.7336;0.2673;0.0587;0.4105;0.5105;0.562;0.0303;0.6609;0.9649;0.7463;0.9061
,95,102,102,102,102,103,103,103,103,103
Fitness 0.725779, Gen ;0.8709;0.5468;0.7486;0.3398;0.3559;0.3024;0.184;0.3836;0.2992;0.2832;0.7336;0.2673;0.0587;0.4105;0.5105;0.562;0.0303;0.6609;0.9649;0.7463;0.9061
,74,82,82,83,83,84,84,84,84,85
Fitness 1.120318, Gen ;0.8709;0.5468;0.7486;0.3398;0.3559;0.3024;0.184;0.3836;0.2992;0.2832;0.7336;0.2673;0.0587;0.4105;0.5105;0.562;0.0303;0.6609;0.9649;0.7463;0.9061
,124,125,125,125,125,125,125,125,126,126
Fitness 7.418328, Gen ;0.8709;0.5468;0.7486;0.3398;0.3559;0.3024;0.184;0.3836;0.2992;0.2832;0.7336;0.2673;0.0587;0.4105;0.5105;0.562;0.0303;0.6609;0.9649;0.7463;0.9061
,132,138,138,138,139,139,139,139,139,139
Fitness 9.26816, Gen ;0.8709;0.5468;0.7486;0.3398;0.3559;0.3024;0.184;0.3836;0.2992;0.2832;0.7336;0.2673;0.0587;0.4105;0.5105;0.562;0.0303;0.6609;0.9649;0.7463;0.9061
,72,72,73,73,73,73,73,73,73,74
Fitness 5.028441, Gen ;0.8709;0.5468;0.7486;0.3398;0.3559;0.3024;0.184;0.3836;0.2992;0.2832;0.7336;0.2673;0.0587;0.4105;0.5105;0.562;0.0303;0.6609;0.9649;0.7463;0.9061
,81,81,81,81,81,82,82,82,82,82
Fitness 12.02777, Gen ;0.8709;0.5468;0.7486;0.3398;0.3559;0.3024;0.184;0.3836;0.2992;0.2832;0.7336;0.2673;0.0587;0.4105;0.5105;0.562;0.0303;0.6609;0.9649;0.7463;0.9061
,98,99,99,99,99,99,99,99,99,100
Fitness 1.146483, Gen ;0.8709;0.5468;0.7486;0.3398;0.3559;0.3024;0.184;0.3836;0.2992;0.2832;0.7336;0.2673;0.0587;0.4105;0.5105;0.562;0.0303;0.6609;0.9649;0.7463;0.9061
,136,136,137,137,137,137,137,137,137,137
Fitness 0.3874637, Gen ;0.8709;0.5468;0.7486;0.3398;0.3559;0.3024;0.184;0.3836;0.2992;0.2832;0.7336;0.2673;0.0587;0.4105;0.5105;0.562;0.0303;0.6609;0.9649;0.7463;0.9061
,101,107,107,108,108,108,108,108,108,108
Fitness 18.20714, Gen ;0.8709;0.5468;0.7486;0.3398;0.3559;0.3024;0.184;0.3836;0.2992;0.2832;0.7336;0.2673;0.0587;0.4105;0.5105;0.562;0.0303;0.6609;0.9649;0.7463;0.9061
,107,107,107,107,107,107,107,107,108,108
Fitness 13.09461, Gen ;0.8709;0.5468;0.7486;0.3398;0.3559;0.3024;0.184;0.3836;0.2992;0.2832;0.7336;0.2673;0.0587;0.4105;0.5105;0.562;0.0303;0.6609;0.9649;0.7463;0.9061
,94,95,95,95,95,95,95,96,96,96
Fitness 5.803815, Gen ;0.8709;0.5468;0.7486;0.3398;0.3559;0.3024;0.184;0.3836;0.2992;0.2832;0.7336;0.2673;0.0587;0.4105;0.5105;0.562;0.0303;0.6609;0.9649;0.7463;0.9061
,31,124,125,125,125,125,125,125,125,125
Fitness 0.4534491, Gen ;0.8709;0.5468;0.7486;0.3398;0.3559;0.3024;0.184;0.3836;0.2992;0.2832;0.7336;0.2673;0.0587;0.4105;0.5105;0.562;0.0303;0.6609;0.9649;0.7463;0.9061
,87,87,87,88,88,88,88,88,88,88
Fitness 3.818843, Gen ;0.8709;0.5468;0.7486;0.3398;0.3559;0.3024;0.184;0.3836;0.2992;0.2832;0.7336;0.2673;0.0587;0.4105;0.5105;0.562;0.0303;0.6609;0.9649;0.7463;0.9061
,67,67,67,68,68,68,68,68,68,68
