	5Stroembom ovc
	1 AI1 ovcarjev
Fitness 4.371319, Gen ;0.9849;0.9714;0.8723;0.2763;0.4746;0.2011;0.1649;0.0692;0.3158;0.3622;0.6018;0.8111;0.1871;0.0244;0.4868;0.2079;0.9959;0.2195;0.2988;0.5612;0.4548
,108,109,109,109,109
Fitness 11.36766, Gen ;0.9849;0.9714;0.8723;0.2763;0.4746;0.2011;0.1649;0.0692;0.3158;0.3622;0.6018;0.8111;0.1871;0.0244;0.4868;0.2079;0.9959;0.2195;0.2988;0.5612;0.4548
,69,69,70,70,70
Fitness 13.75375, Gen ;0.9849;0.9714;0.8723;0.2763;0.4746;0.2011;0.1649;0.0692;0.3158;0.3622;0.6018;0.8111;0.1871;0.0244;0.4868;0.2079;0.9959;0.2195;0.2988;0.5612;0.4548
,122,122,122,122,123
Fitness 15.0825, Gen ;0.9849;0.9714;0.8723;0.2763;0.4746;0.2011;0.1649;0.0692;0.3158;0.3622;0.6018;0.8111;0.1871;0.0244;0.4868;0.2079;0.9959;0.2195;0.2988;0.5612;0.4548
,76,76,76,76,76
Fitness 24.49788, Gen ;0.9849;0.9714;0.8723;0.2763;0.4746;0.2011;0.1649;0.0692;0.3158;0.3622;0.6018;0.8111;0.1871;0.0244;0.4868;0.2079;0.9959;0.2195;0.2988;0.5612;0.4548
,80,80,80,81,81
Fitness 1.796453, Gen ;0.9849;0.9714;0.8723;0.2763;0.4746;0.2011;0.1649;0.0692;0.3158;0.3622;0.6018;0.8111;0.1871;0.0244;0.4868;0.2079;0.9959;0.2195;0.2988;0.5612;0.4548
,39,146,147,147,147
Fitness 10.64443, Gen ;0.9849;0.9714;0.8723;0.2763;0.4746;0.2011;0.1649;0.0692;0.3158;0.3622;0.6018;0.8111;0.1871;0.0244;0.4868;0.2079;0.9959;0.2195;0.2988;0.5612;0.4548
,112,112,113,113,113
Fitness 0.7524445, Gen ;0.9849;0.9714;0.8723;0.2763;0.4746;0.2011;0.1649;0.0692;0.3158;0.3622;0.6018;0.8111;0.1871;0.0244;0.4868;0.2079;0.9959;0.2195;0.2988;0.5612;0.4548
,78,78,78,78,79
Fitness 8.418324, Gen ;0.9849;0.9714;0.8723;0.2763;0.4746;0.2011;0.1649;0.0692;0.3158;0.3622;0.6018;0.8111;0.1871;0.0244;0.4868;0.2079;0.9959;0.2195;0.2988;0.5612;0.4548
,91,91,91,92,92
Fitness 6.977416, Gen ;0.9849;0.9714;0.8723;0.2763;0.4746;0.2011;0.1649;0.0692;0.3158;0.3622;0.6018;0.8111;0.1871;0.0244;0.4868;0.2079;0.9959;0.2195;0.2988;0.5612;0.4548
,66,66,66,66,67
Fitness 0.3433883, Gen ;0.9849;0.9714;0.8723;0.2763;0.4746;0.2011;0.1649;0.0692;0.3158;0.3622;0.6018;0.8111;0.1871;0.0244;0.4868;0.2079;0.9959;0.2195;0.2988;0.5612;0.4548
,62,63,63,63,63
Fitness 1.428086, Gen ;0.9849;0.9714;0.8723;0.2763;0.4746;0.2011;0.1649;0.0692;0.3158;0.3622;0.6018;0.8111;0.1871;0.0244;0.4868;0.2079;0.9959;0.2195;0.2988;0.5612;0.4548
,83,83,83,83,84
Fitness 7.594979, Gen ;0.9849;0.9714;0.8723;0.2763;0.4746;0.2011;0.1649;0.0692;0.3158;0.3622;0.6018;0.8111;0.1871;0.0244;0.4868;0.2079;0.9959;0.2195;0.2988;0.5612;0.4548
,67,67,67,67,68
Fitness 4.332336, Gen ;0.9849;0.9714;0.8723;0.2763;0.4746;0.2011;0.1649;0.0692;0.3158;0.3622;0.6018;0.8111;0.1871;0.0244;0.4868;0.2079;0.9959;0.2195;0.2988;0.5612;0.4548
,66,66,66,66,66
Fitness 11.95195, Gen ;0.9849;0.9714;0.8723;0.2763;0.4746;0.2011;0.1649;0.0692;0.3158;0.3622;0.6018;0.8111;0.1871;0.0244;0.4868;0.2079;0.9959;0.2195;0.2988;0.5612;0.4548
,69,78,78,78,79
Fitness 13.6141, Gen ;0.9849;0.9714;0.8723;0.2763;0.4746;0.2011;0.1649;0.0692;0.3158;0.3622;0.6018;0.8111;0.1871;0.0244;0.4868;0.2079;0.9959;0.2195;0.2988;0.5612;0.4548
,86,89,90,90,90
Fitness 6.186237, Gen ;0.9849;0.9714;0.8723;0.2763;0.4746;0.2011;0.1649;0.0692;0.3158;0.3622;0.6018;0.8111;0.1871;0.0244;0.4868;0.2079;0.9959;0.2195;0.2988;0.5612;0.4548
,57,58,58,58,58
Fitness 11.53064, Gen ;0.9849;0.9714;0.8723;0.2763;0.4746;0.2011;0.1649;0.0692;0.3158;0.3622;0.6018;0.8111;0.1871;0.0244;0.4868;0.2079;0.9959;0.2195;0.2988;0.5612;0.4548
,69,106,106,106,106
Fitness 12.21269, Gen ;0.9849;0.9714;0.8723;0.2763;0.4746;0.2011;0.1649;0.0692;0.3158;0.3622;0.6018;0.8111;0.1871;0.0244;0.4868;0.2079;0.9959;0.2195;0.2988;0.5612;0.4548
,102,102,102,102,103
Fitness 7.875589, Gen ;0.9849;0.9714;0.8723;0.2763;0.4746;0.2011;0.1649;0.0692;0.3158;0.3622;0.6018;0.8111;0.1871;0.0244;0.4868;0.2079;0.9959;0.2195;0.2988;0.5612;0.4548
,71,71,72,72,72
Fitness 4.78801, Gen ;0.9849;0.9714;0.8723;0.2763;0.4746;0.2011;0.1649;0.0692;0.3158;0.3622;0.6018;0.8111;0.1871;0.0244;0.4868;0.2079;0.9959;0.2195;0.2988;0.5612;0.4548
,132,135,135,136,136
Fitness 16.12539, Gen ;0.9849;0.9714;0.8723;0.2763;0.4746;0.2011;0.1649;0.0692;0.3158;0.3622;0.6018;0.8111;0.1871;0.0244;0.4868;0.2079;0.9959;0.2195;0.2988;0.5612;0.4548
,111,111,112,112,112
Fitness 2.639602, Gen ;0.9849;0.9714;0.8723;0.2763;0.4746;0.2011;0.1649;0.0692;0.3158;0.3622;0.6018;0.8111;0.1871;0.0244;0.4868;0.2079;0.9959;0.2195;0.2988;0.5612;0.4548
,125,125,126,126,126
Fitness 2.536005, Gen ;0.9849;0.9714;0.8723;0.2763;0.4746;0.2011;0.1649;0.0692;0.3158;0.3622;0.6018;0.8111;0.1871;0.0244;0.4868;0.2079;0.9959;0.2195;0.2988;0.5612;0.4548
,74,74,74,74,74
Fitness 9.882928, Gen ;0.9849;0.9714;0.8723;0.2763;0.4746;0.2011;0.1649;0.0692;0.3158;0.3622;0.6018;0.8111;0.1871;0.0244;0.4868;0.2079;0.9959;0.2195;0.2988;0.5612;0.4548
,60,106,107,107,107
Fitness 0.2720013, Gen ;0.9849;0.9714;0.8723;0.2763;0.4746;0.2011;0.1649;0.0692;0.3158;0.3622;0.6018;0.8111;0.1871;0.0244;0.4868;0.2079;0.9959;0.2195;0.2988;0.5612;0.4548
,75,82,82,82,82
Fitness 1.516472, Gen ;0.9849;0.9714;0.8723;0.2763;0.4746;0.2011;0.1649;0.0692;0.3158;0.3622;0.6018;0.8111;0.1871;0.0244;0.4868;0.2079;0.9959;0.2195;0.2988;0.5612;0.4548
,47,48,48,48,48
Fitness 0.5966423, Gen ;0.9849;0.9714;0.8723;0.2763;0.4746;0.2011;0.1649;0.0692;0.3158;0.3622;0.6018;0.8111;0.1871;0.0244;0.4868;0.2079;0.9959;0.2195;0.2988;0.5612;0.4548
,80,80,80,80,80
Fitness 9.094189, Gen ;0.9849;0.9714;0.8723;0.2763;0.4746;0.2011;0.1649;0.0692;0.3158;0.3622;0.6018;0.8111;0.1871;0.0244;0.4868;0.2079;0.9959;0.2195;0.2988;0.5612;0.4548
,103,119,128,129,129
Fitness 2.688383, Gen ;0.9849;0.9714;0.8723;0.2763;0.4746;0.2011;0.1649;0.0692;0.3158;0.3622;0.6018;0.8111;0.1871;0.0244;0.4868;0.2079;0.9959;0.2195;0.2988;0.5612;0.4548
,56,57,57,57,57
Fitness 6.81087, Gen ;0.9849;0.9714;0.8723;0.2763;0.4746;0.2011;0.1649;0.0692;0.3158;0.3622;0.6018;0.8111;0.1871;0.0244;0.4868;0.2079;0.9959;0.2195;0.2988;0.5612;0.4548
,53,54,54,54,54
Fitness 22.1739, Gen ;0.9849;0.9714;0.8723;0.2763;0.4746;0.2011;0.1649;0.0692;0.3158;0.3622;0.6018;0.8111;0.1871;0.0244;0.4868;0.2079;0.9959;0.2195;0.2988;0.5612;0.4548
,96,96,96,96,96
Fitness 7.180401, Gen ;0.9849;0.9714;0.8723;0.2763;0.4746;0.2011;0.1649;0.0692;0.3158;0.3622;0.6018;0.8111;0.1871;0.0244;0.4868;0.2079;0.9959;0.2195;0.2988;0.5612;0.4548
,61,61,61,61,62
Fitness 0.626507, Gen ;0.9849;0.9714;0.8723;0.2763;0.4746;0.2011;0.1649;0.0692;0.3158;0.3622;0.6018;0.8111;0.1871;0.0244;0.4868;0.2079;0.9959;0.2195;0.2988;0.5612;0.4548
,66,85,85,86,86
Fitness 16.66668, Gen ;0.9849;0.9714;0.8723;0.2763;0.4746;0.2011;0.1649;0.0692;0.3158;0.3622;0.6018;0.8111;0.1871;0.0244;0.4868;0.2079;0.9959;0.2195;0.2988;0.5612;0.4548
,76,76,76,77,77
Fitness 18.37256, Gen ;0.9849;0.9714;0.8723;0.2763;0.4746;0.2011;0.1649;0.0692;0.3158;0.3622;0.6018;0.8111;0.1871;0.0244;0.4868;0.2079;0.9959;0.2195;0.2988;0.5612;0.4548
,37,171
Fitness 3.538, Gen ;0.9849;0.9714;0.8723;0.2763;0.4746;0.2011;0.1649;0.0692;0.3158;0.3622;0.6018;0.8111;0.1871;0.0244;0.4868;0.2079;0.9959;0.2195;0.2988;0.5612;0.4548
,89,90,90,90,90
Fitness 14.23438, Gen ;0.9849;0.9714;0.8723;0.2763;0.4746;0.2011;0.1649;0.0692;0.3158;0.3622;0.6018;0.8111;0.1871;0.0244;0.4868;0.2079;0.9959;0.2195;0.2988;0.5612;0.4548
,82,82,82,82,82
Fitness 6.158968, Gen ;0.9849;0.9714;0.8723;0.2763;0.4746;0.2011;0.1649;0.0692;0.3158;0.3622;0.6018;0.8111;0.1871;0.0244;0.4868;0.2079;0.9959;0.2195;0.2988;0.5612;0.4548
,97,102,102,103,103
Fitness 8.189548, Gen ;0.9849;0.9714;0.8723;0.2763;0.4746;0.2011;0.1649;0.0692;0.3158;0.3622;0.6018;0.8111;0.1871;0.0244;0.4868;0.2079;0.9959;0.2195;0.2988;0.5612;0.4548
,117,118,118,118,118
