	50Stroembom ovc
	3 AI1 ovcarjev
Fitness 108.1512, Gen ;0.7738;0.7235;0.8027;0.1138;0.0239;0.9833;0.0134;0.3895;0.668;0.6763;0.2657;0.2626;0.1396;0.968;0.4668;0.8263;0.2972;0.5602;0.4301;0.0601;0.0101
,65,65,65,65,66,66,66,66,66,66,66,66,66,66,66,67,67,67,67,67,67,67,67,67,67,67,67,67,67,67,67,67,68,68,68,68,68,68,68,68,68,68,68,68,69,69,69,69,69,69
Fitness 115.9552, Gen ;0.7738;0.7235;0.8027;0.1138;0.0239;0.9833;0.0134;0.3895;0.668;0.6763;0.2657;0.2626;0.1396;0.968;0.4668;0.8263;0.2972;0.5602;0.4301;0.0601;0.0101
,61,61,61,61,61,62,62,62,62,62,62,62,62,62,62,62,63,63,63,63,63,63,63,63,63,63,63,63,63,63,63,63,63,64,64,64,64,64,64,64,64,64,64,64,64,65,65,65,65,65
Fitness 135.641, Gen ;0.7738;0.7235;0.8027;0.1138;0.0239;0.9833;0.0134;0.3895;0.668;0.6763;0.2657;0.2626;0.1396;0.968;0.4668;0.8263;0.2972;0.5602;0.4301;0.0601;0.0101
,69,69,70,70,70,70,70,70,70,70,71,71,71,71,71,71,71,71,71,71,71,72,72,72,72,72,72,72,72,72,72,72,72,72,72,72,72,72,72,72,72,72,72,72,73,73,73,73,73,74
Fitness 135.7155, Gen ;0.7738;0.7235;0.8027;0.1138;0.0239;0.9833;0.0134;0.3895;0.668;0.6763;0.2657;0.2626;0.1396;0.968;0.4668;0.8263;0.2972;0.5602;0.4301;0.0601;0.0101
,68,68,68,69,69,69,69,69,69,69,69,69,69,70,70,70,70,70,70,70,70,70,70,70,70,70,70,71,71,71,71,71,71,71,71,71,71,71,71,71,71,71,71,71,72,72,72,72,72,72
Fitness 138.7226, Gen ;0.7738;0.7235;0.8027;0.1138;0.0239;0.9833;0.0134;0.3895;0.668;0.6763;0.2657;0.2626;0.1396;0.968;0.4668;0.8263;0.2972;0.5602;0.4301;0.0601;0.0101
,62,63,63,63,63,63,63,63,63,63,63,63,63,63,63,63,64,64,64,64,64,64,64,64,64,64,64,64,65,65,65,65,65,65,65,65,65,65,65,65,65,65,65,66,66,66,66,66,66,66
Fitness 111.0019, Gen ;0.7738;0.7235;0.8027;0.1138;0.0239;0.9833;0.0134;0.3895;0.668;0.6763;0.2657;0.2626;0.1396;0.968;0.4668;0.8263;0.2972;0.5602;0.4301;0.0601;0.0101
,60,60,61,61,61,61,61,61,62,62,62,62,62,62,62,62,62,62,62,62,62,62,62,63,63,63,63,63,63,63,63,63,63,63,63,63,63,63,63,63,63,64,64,64,64,64,64,64,64,64
Fitness 129.2049, Gen ;0.7738;0.7235;0.8027;0.1138;0.0239;0.9833;0.0134;0.3895;0.668;0.6763;0.2657;0.2626;0.1396;0.968;0.4668;0.8263;0.2972;0.5602;0.4301;0.0601;0.0101
,62,63,63,64,64,64,64,64,64,64,64,64,65,65,65,65,65,65,65,65,65,65,65,65,65,65,66,66,66,66,66,66,66,66,66,66,66,66,66,66,66,67,67,67,67,67,67,67,67,67
Fitness 94.11545, Gen ;0.7738;0.7235;0.8027;0.1138;0.0239;0.9833;0.0134;0.3895;0.668;0.6763;0.2657;0.2626;0.1396;0.968;0.4668;0.8263;0.2972;0.5602;0.4301;0.0601;0.0101
,70,71,71,72,72,72,72,72,72,72,73,73,73,73,73,73,73,73,73,73,73,73,73,73,73,73,73,73,73,73,73,73,74,74,74,74,74,74,74,74,74,74,74,74,75,75,75,75,75,75
Fitness 98.85323, Gen ;0.7738;0.7235;0.8027;0.1138;0.0239;0.9833;0.0134;0.3895;0.668;0.6763;0.2657;0.2626;0.1396;0.968;0.4668;0.8263;0.2972;0.5602;0.4301;0.0601;0.0101
,70,71,71,71,71,71,71,71,71,71,71,71,71,71,72,72,72,72,72,72,72,72,72,72,72,72,72,72,72,72,72,72,73,73,73,73,73,73,73,73,73,74,74,74,74,74,74,74,74,74
Fitness 123.6017, Gen ;0.7738;0.7235;0.8027;0.1138;0.0239;0.9833;0.0134;0.3895;0.668;0.6763;0.2657;0.2626;0.1396;0.968;0.4668;0.8263;0.2972;0.5602;0.4301;0.0601;0.0101
,65,66,66,66,67,67,67,67,67,67,67,67,67,67,67,67,67,68,68,68,68,68,68,68,68,68,68,68,68,68,68,68,69,69,69,69,69,69,69,69,69,69,69,69,69,69,69,70,70,70
Fitness 131.9673, Gen ;0.7738;0.7235;0.8027;0.1138;0.0239;0.9833;0.0134;0.3895;0.668;0.6763;0.2657;0.2626;0.1396;0.968;0.4668;0.8263;0.2972;0.5602;0.4301;0.0601;0.0101
,66,66,67,67,67,67,67,67,67,67,68,68,68,68,68,68,68,68,68,68,68,68,68,68,68,68,68,68,68,68,69,69,69,69,69,69,69,69,69,69,69,69,69,69,69,70,70,70,70,70
Fitness 118.1789, Gen ;0.7738;0.7235;0.8027;0.1138;0.0239;0.9833;0.0134;0.3895;0.668;0.6763;0.2657;0.2626;0.1396;0.968;0.4668;0.8263;0.2972;0.5602;0.4301;0.0601;0.0101
,60,60,60,60,60,60,60,60,61,61,61,61,61,61,61,61,61,61,61,61,61,61,61,61,62,62,62,62,62,62,62,62,62,62,62,62,63,63,63,63,63,63,63,63,63,63,63,63,63,63
Fitness 89.15415, Gen ;0.7738;0.7235;0.8027;0.1138;0.0239;0.9833;0.0134;0.3895;0.668;0.6763;0.2657;0.2626;0.1396;0.968;0.4668;0.8263;0.2972;0.5602;0.4301;0.0601;0.0101
,64,64,64,65,65,65,65,65,65,65,65,65,65,65,65,66,66,66,66,66,66,66,66,66,66,66,66,66,66,66,66,66,66,67,67,67,67,67,67,67,67,67,67,67,67,68,68,68,68,68
Fitness 92.06036, Gen ;0.7738;0.7235;0.8027;0.1138;0.0239;0.9833;0.0134;0.3895;0.668;0.6763;0.2657;0.2626;0.1396;0.968;0.4668;0.8263;0.2972;0.5602;0.4301;0.0601;0.0101
,61,62,62,62,62,62,63,63,63,63,63,63,63,63,63,63,63,63,63,63,64,64,64,64,64,64,64,64,64,64,64,64,64,64,64,64,64,65,65,65,65,65,65,65,65,65,65,65,65,65
Fitness 107.9429, Gen ;0.7738;0.7235;0.8027;0.1138;0.0239;0.9833;0.0134;0.3895;0.668;0.6763;0.2657;0.2626;0.1396;0.968;0.4668;0.8263;0.2972;0.5602;0.4301;0.0601;0.0101
,80,80,80,80,80,80,80,81,81,81,81,81,81,81,81,81,81,81,81,81,81,81,81,82,82,82,82,82,82,82,82,82,82,82,82,82,82,82,82,83,83,83,83,83,83,83,83,83,83,83
Fitness 106.8887, Gen ;0.7738;0.7235;0.8027;0.1138;0.0239;0.9833;0.0134;0.3895;0.668;0.6763;0.2657;0.2626;0.1396;0.968;0.4668;0.8263;0.2972;0.5602;0.4301;0.0601;0.0101
,65,65,66,66,66,66,66,66,66,66,66,67,67,67,67,67,67,67,67,67,67,67,67,67,67,67,67,67,67,68,68,68,68,68,68,68,68,68,68,68,68,69,69,69,69,69,69,69,69,69
Fitness 135.8182, Gen ;0.7738;0.7235;0.8027;0.1138;0.0239;0.9833;0.0134;0.3895;0.668;0.6763;0.2657;0.2626;0.1396;0.968;0.4668;0.8263;0.2972;0.5602;0.4301;0.0601;0.0101
,59,59,59,60,60,60,60,60,60,60,60,60,60,60,60,61,61,61,61,61,61,61,61,61,61,61,61,61,61,61,61,61,61,62,62,62,62,62,62,62,62,62,62,62,62,62,62,62,62,62
Fitness 115.0516, Gen ;0.7738;0.7235;0.8027;0.1138;0.0239;0.9833;0.0134;0.3895;0.668;0.6763;0.2657;0.2626;0.1396;0.968;0.4668;0.8263;0.2972;0.5602;0.4301;0.0601;0.0101
,75,76,76,76,76,76,76,76,76,76,77,77,77,77,77,77,77,77,77,77,77,77,77,77,77,77,77,77,77,77,77,77,77,78,78,78,78,78,78,78,79,79,79,79,79,79,79,79,79,79
Fitness 126.7475, Gen ;0.7738;0.7235;0.8027;0.1138;0.0239;0.9833;0.0134;0.3895;0.668;0.6763;0.2657;0.2626;0.1396;0.968;0.4668;0.8263;0.2972;0.5602;0.4301;0.0601;0.0101
,63,63,63,64,64,64,64,64,64,64,64,65,65,65,65,65,65,65,65,65,65,65,65,65,66,66,66,66,66,66,66,66,66,66,66,66,66,66,66,66,67,67,67,67,67,67,67,67,67,67
Fitness 63.55166, Gen ;0.7738;0.7235;0.8027;0.1138;0.0239;0.9833;0.0134;0.3895;0.668;0.6763;0.2657;0.2626;0.1396;0.968;0.4668;0.8263;0.2972;0.5602;0.4301;0.0601;0.0101
,63,63,63,63,63,63,63,63,63,64,64,64,64,64,64,64,64,64,64,64,64,64,64,64,65,65,65,65,65,65,65,65,65,65,65,65,65,65,65,65,66,66,66,66,66,66,66,67,67,67
Fitness 111.5191, Gen ;0.7738;0.7235;0.8027;0.1138;0.0239;0.9833;0.0134;0.3895;0.668;0.6763;0.2657;0.2626;0.1396;0.968;0.4668;0.8263;0.2972;0.5602;0.4301;0.0601;0.0101
,60,60,61,61,61,61,61,61,61,61,61,62,62,62,62,62,62,62,62,62,62,62,62,62,63,63,63,63,63,63,63,63,63,63,63,63,63,63,63,63,63,63,64,64,64,64,64,64,64,64
Fitness 139.186, Gen ;0.7738;0.7235;0.8027;0.1138;0.0239;0.9833;0.0134;0.3895;0.668;0.6763;0.2657;0.2626;0.1396;0.968;0.4668;0.8263;0.2972;0.5602;0.4301;0.0601;0.0101
,62,64,64,64,64,64,64,64,64,64,64,64,64,64,64,64,64,64,65,65,65,65,65,65,65,65,65,65,65,65,65,65,65,65,65,66,66,66,66,66,66,66,66,66,66,66,66,67,67,69
Fitness 75.55107, Gen ;0.7738;0.7235;0.8027;0.1138;0.0239;0.9833;0.0134;0.3895;0.668;0.6763;0.2657;0.2626;0.1396;0.968;0.4668;0.8263;0.2972;0.5602;0.4301;0.0601;0.0101
,62,63,63,63,63,63,63,63,63,64,64,64,64,64,64,64,64,64,64,64,64,64,65,65,65,65,65,65,65,65,65,65,65,65,65,65,65,65,65,65,65,65,66,66,66,66,66,66,66,66
Fitness 117.7686, Gen ;0.7738;0.7235;0.8027;0.1138;0.0239;0.9833;0.0134;0.3895;0.668;0.6763;0.2657;0.2626;0.1396;0.968;0.4668;0.8263;0.2972;0.5602;0.4301;0.0601;0.0101
,63,64,64,64,64,64,64,64,64,64,64,64,64,64,65,65,65,65,65,65,65,65,65,65,65,65,66,66,66,66,66,66,66,66,66,66,66,66,66,66,66,66,66,66,66,66,66,66,67,67
Fitness 121.6407, Gen ;0.7738;0.7235;0.8027;0.1138;0.0239;0.9833;0.0134;0.3895;0.668;0.6763;0.2657;0.2626;0.1396;0.968;0.4668;0.8263;0.2972;0.5602;0.4301;0.0601;0.0101
,65,65,66,66,66,66,66,67,67,67,67,67,67,67,67,67,67,67,67,67,67,67,67,67,67,67,67,67,67,68,68,68,68,68,68,68,68,68,68,68,68,68,68,68,69,69,69,69,69,69
Fitness 131.8996, Gen ;0.7738;0.7235;0.8027;0.1138;0.0239;0.9833;0.0134;0.3895;0.668;0.6763;0.2657;0.2626;0.1396;0.968;0.4668;0.8263;0.2972;0.5602;0.4301;0.0601;0.0101
,61,61,61,61,61,62,62,62,62,62,62,62,62,62,62,62,62,62,62,62,63,63,63,63,63,63,63,63,63,63,63,63,66,66,66,66,67,67,67,67,67,67,67,67,67,67,68,68,68,68
Fitness 114.8492, Gen ;0.7738;0.7235;0.8027;0.1138;0.0239;0.9833;0.0134;0.3895;0.668;0.6763;0.2657;0.2626;0.1396;0.968;0.4668;0.8263;0.2972;0.5602;0.4301;0.0601;0.0101
,61,61,61,62,62,62,62,62,62,62,62,62,62,63,63,63,63,63,63,63,63,63,63,63,63,63,63,63,63,63,64,64,64,64,64,64,64,64,64,64,64,64,64,64,64,64,64,65,65,65
Fitness 122.5381, Gen ;0.7738;0.7235;0.8027;0.1138;0.0239;0.9833;0.0134;0.3895;0.668;0.6763;0.2657;0.2626;0.1396;0.968;0.4668;0.8263;0.2972;0.5602;0.4301;0.0601;0.0101
,60,61,61,61,61,61,61,61,61,61,62,62,62,62,62,62,62,62,62,62,62,62,62,62,62,62,63,63,63,63,63,63,63,63,63,63,63,63,63,63,63,63,63,63,64,64,64,64,64,64
Fitness 118.9591, Gen ;0.7738;0.7235;0.8027;0.1138;0.0239;0.9833;0.0134;0.3895;0.668;0.6763;0.2657;0.2626;0.1396;0.968;0.4668;0.8263;0.2972;0.5602;0.4301;0.0601;0.0101
,60,61,61,61,61,62,62,62,62,62,62,62,62,62,62,62,62,62,62,62,63,63,63,63,63,63,63,63,63,63,63,63,63,63,63,63,63,63,64,64,64,64,64,64,64,64,64,64,64,65
Fitness 109.6531, Gen ;0.7738;0.7235;0.8027;0.1138;0.0239;0.9833;0.0134;0.3895;0.668;0.6763;0.2657;0.2626;0.1396;0.968;0.4668;0.8263;0.2972;0.5602;0.4301;0.0601;0.0101
,63,63,63,63,63,64,64,64,64,64,64,65,65,65,65,65,65,65,65,65,65,65,65,65,65,65,65,65,65,65,65,65,65,65,65,66,66,66,66,66,66,66,66,66,67,67,67,67,67,67
Fitness 119.103, Gen ;0.7738;0.7235;0.8027;0.1138;0.0239;0.9833;0.0134;0.3895;0.668;0.6763;0.2657;0.2626;0.1396;0.968;0.4668;0.8263;0.2972;0.5602;0.4301;0.0601;0.0101
,60,60,61,61,61,61,61,61,61,61,62,62,62,62,62,62,62,62,62,62,62,62,62,62,62,62,62,62,62,62,62,62,63,63,63,63,63,63,63,63,63,63,63,63,63,63,63,63,63,64
Fitness 128.2402, Gen ;0.7738;0.7235;0.8027;0.1138;0.0239;0.9833;0.0134;0.3895;0.668;0.6763;0.2657;0.2626;0.1396;0.968;0.4668;0.8263;0.2972;0.5602;0.4301;0.0601;0.0101
,61,61,62,62,62,62,62,62,62,62,62,62,62,62,62,62,63,63,63,63,63,63,63,63,63,63,63,63,63,64,64,64,64,64,64,64,64,64,64,64,64,64,64,64,64,64,65,65,65,65
Fitness 132.4147, Gen ;0.7738;0.7235;0.8027;0.1138;0.0239;0.9833;0.0134;0.3895;0.668;0.6763;0.2657;0.2626;0.1396;0.968;0.4668;0.8263;0.2972;0.5602;0.4301;0.0601;0.0101
,60,60,61,61,61,61,61,61,61,61,61,61,61,62,62,62,62,62,62,62,62,62,62,62,62,62,62,62,63,63,63,63,63,63,63,63,63,63,63,63,63,63,64,64,64,64,64,64,64,64
Fitness 131.0346, Gen ;0.7738;0.7235;0.8027;0.1138;0.0239;0.9833;0.0134;0.3895;0.668;0.6763;0.2657;0.2626;0.1396;0.968;0.4668;0.8263;0.2972;0.5602;0.4301;0.0601;0.0101
,26,59,59,59,60,60,60,60,60,60,60,60,60,60,60,61,61,61,61,61,61,61,61,61,61,61,61,61,61,61,61,61,61,61,61,62,62,62,62,62,62,62,62,62,62,62,63,63,63,63
Fitness 119.846, Gen ;0.7738;0.7235;0.8027;0.1138;0.0239;0.9833;0.0134;0.3895;0.668;0.6763;0.2657;0.2626;0.1396;0.968;0.4668;0.8263;0.2972;0.5602;0.4301;0.0601;0.0101
,67,67,68,68,68,68,68,68,68,68,69,69,69,69,69,69,69,69,69,69,69,69,69,69,69,69,69,69,70,70,70,70,70,70,70,70,70,70,70,70,70,70,70,70,71,71,71,71,71,73
Fitness 133.3137, Gen ;0.7738;0.7235;0.8027;0.1138;0.0239;0.9833;0.0134;0.3895;0.668;0.6763;0.2657;0.2626;0.1396;0.968;0.4668;0.8263;0.2972;0.5602;0.4301;0.0601;0.0101
,62,63,63,63,63,63,63,63,63,63,63,64,64,64,64,64,64,64,64,64,64,64,65,65,65,65,65,65,65,65,65,65,65,65,65,65,65,65,65,65,65,65,66,66,66,66,66,66,66,66
Fitness 128.2137, Gen ;0.7738;0.7235;0.8027;0.1138;0.0239;0.9833;0.0134;0.3895;0.668;0.6763;0.2657;0.2626;0.1396;0.968;0.4668;0.8263;0.2972;0.5602;0.4301;0.0601;0.0101
,70,70,70,70,70,71,71,71,71,71,71,71,71,71,71,72,72,72,72,72,72,72,72,72,72,72,72,72,72,73,73,73,73,73,73,73,73,73,73,73,73,73,73,73,73,73,73,74,74,74
Fitness 132.3447, Gen ;0.7738;0.7235;0.8027;0.1138;0.0239;0.9833;0.0134;0.3895;0.668;0.6763;0.2657;0.2626;0.1396;0.968;0.4668;0.8263;0.2972;0.5602;0.4301;0.0601;0.0101
,65,65,66,66,66,66,67,67,67,67,67,67,67,67,67,67,67,67,67,67,68,68,68,68,68,68,68,68,68,68,68,68,68,68,68,68,68,68,68,69,69,69,69,69,69,69,69,69,69,69
Fitness 139.0329, Gen ;0.7738;0.7235;0.8027;0.1138;0.0239;0.9833;0.0134;0.3895;0.668;0.6763;0.2657;0.2626;0.1396;0.968;0.4668;0.8263;0.2972;0.5602;0.4301;0.0601;0.0101
,58,58,58,59,59,59,59,59,59,59,59,59,59,60,60,60,60,60,60,60,60,60,60,60,60,61,61,61,61,61,61,61,61,61,61,61,61,61,61,61,61,61,62,62,62,62,62,62,62,63
Fitness 98.3607, Gen ;0.7738;0.7235;0.8027;0.1138;0.0239;0.9833;0.0134;0.3895;0.668;0.6763;0.2657;0.2626;0.1396;0.968;0.4668;0.8263;0.2972;0.5602;0.4301;0.0601;0.0101
,64,64,64,65,65,65,65,65,65,65,66,66,66,66,66,66,66,66,66,66,66,66,66,66,66,66,67,67,67,67,67,67,67,67,67,67,67,67,67,67,67,68,68,68,68,68,68,68,68,68
