	50Ginelli ovc
	2 AI1 ovcarjev
Fitness 33,28631, Gen ;0,454;0,4358;0,2455;0,7885;0,0543;0,9673;0,0849;0,0568;0,3946;0,4834;0,5965;0,7922;0,0377;0,1346;0,7984;0,8042;0,4455;0,3353;0,9221;0,1342;0,6138
,85,88,88,89,89,89,89,90,91,91,91,91,91,91,91,92,92,92,92,92,92,92,92,92,92,92,92,92,92,92,92,92,92,92,92,92,92,92,92,92,92,92,92,92,92,92,93,93,93,93
Fitness 36,41568, Gen ;0,454;0,4358;0,2455;0,7885;0,0543;0,9673;0,0849;0,0568;0,3946;0,4834;0,5965;0,7922;0,0377;0,1346;0,7984;0,8042;0,4455;0,3353;0,9221;0,1342;0,6138
,97,100,100,100,101,101,101,101,101,102,102,102,102,102,102,102,102,102,102,103,103,103,103,103,103,103,103,103,103,103,103,103,103,103,103,103,104,104,104,104,104,104,104,104,104,104,104,104,104,105
Fitness 46,2002, Gen ;0,454;0,4358;0,2455;0,7885;0,0543;0,9673;0,0849;0,0568;0,3946;0,4834;0,5965;0,7922;0,0377;0,1346;0,7984;0,8042;0,4455;0,3353;0,9221;0,1342;0,6138

Fitness 32,66717, Gen ;0,454;0,4358;0,2455;0,7885;0,0543;0,9673;0,0849;0,0568;0,3946;0,4834;0,5965;0,7922;0,0377;0,1346;0,7984;0,8042;0,4455;0,3353;0,9221;0,1342;0,6138
,123
Fitness 25,53523, Gen ;0,454;0,4358;0,2455;0,7885;0,0543;0,9673;0,0849;0,0568;0,3946;0,4834;0,5965;0,7922;0,0377;0,1346;0,7984;0,8042;0,4455;0,3353;0,9221;0,1342;0,6138
,79,80,81,81,81,81,82,82,82,82,82,83,83,83,83,83,83,83,83,83,83,83,83,83,83,83,83,83,83,83,83,83,83,83,84,84,84,84,84,84,84,84,84,84,84,84,84,84,84,84
Fitness 0,0004641368, Gen ;0,454;0,4358;0,2455;0,7885;0,0543;0,9673;0,0849;0,0568;0,3946;0,4834;0,5965;0,7922;0,0377;0,1346;0,7984;0,8042;0,4455;0,3353;0,9221;0,1342;0,6138

Fitness 0,0005397504, Gen ;0,454;0,4358;0,2455;0,7885;0,0543;0,9673;0,0849;0,0568;0,3946;0,4834;0,5965;0,7922;0,0377;0,1346;0,7984;0,8042;0,4455;0,3353;0,9221;0,1342;0,6138
,100,100,100,100,101,101,101,101,101,101,102,102,102,102,103,103,103,103,103,103,103,103,104,104,104,104,104,104,104,104,104,104,104,104,104,104,104,104,104,104,104,104,104,104,104,104,104,104,105,108
Fitness 38,74425, Gen ;0,454;0,4358;0,2455;0,7885;0,0543;0,9673;0,0849;0,0568;0,3946;0,4834;0,5965;0,7922;0,0377;0,1346;0,7984;0,8042;0,4455;0,3353;0,9221;0,1342;0,6138
,63,72,76,87,88,89,89,90,91,91,93,94,94,96,98,99,100,100,100,100,100,102,102,103,104,104,104,104,104,105,105,105,105,105,105,105,106,106,106,106,106,106,107,107,107,107,109,109,114,120
Fitness 0,000552898, Gen ;0,454;0,4358;0,2455;0,7885;0,0543;0,9673;0,0849;0,0568;0,3946;0,4834;0,5965;0,7922;0,0377;0,1346;0,7984;0,8042;0,4455;0,3353;0,9221;0,1342;0,6138

Fitness 24,17722, Gen ;0,454;0,4358;0,2455;0,7885;0,0543;0,9673;0,0849;0,0568;0,3946;0,4834;0,5965;0,7922;0,0377;0,1346;0,7984;0,8042;0,4455;0,3353;0,9221;0,1342;0,6138
,85,85,85,86,86,87,87,87,88,88,89,89,89,89,90,90,90,90,90,90,90,90,90,90,90,90,90,90,90,90,90,90,90,90,90,90,90,90,90,90,90,90,91,91,91,91,91,91,91,107
Fitness 20,39826, Gen ;0,454;0,4358;0,2455;0,7885;0,0543;0,9673;0,0849;0,0568;0,3946;0,4834;0,5965;0,7922;0,0377;0,1346;0,7984;0,8042;0,4455;0,3353;0,9221;0,1342;0,6138
,79,80,81,81,81,82,82,82,82,82,82,82,83,83,84,84,84,84,84,84,84,84,84,84,84,84,84,84,84,84,84,84,84,84,84,84,84,84,84,84,84,84,84,84,84,84,84,84,85,86
Fitness 0,0007677707, Gen ;0,454;0,4358;0,2455;0,7885;0,0543;0,9673;0,0849;0,0568;0,3946;0,4834;0,5965;0,7922;0,0377;0,1346;0,7984;0,8042;0,4455;0,3353;0,9221;0,1342;0,6138
,102,103,103,103,103,104,105,105,106,106,106,106,107,107,107,107,107,107,107,107,107,107,107,107,107,107,107,107,107,107,107,107,107,107,107,107,107,107,107,107,107,107,107,107,107,107,107,108,108,109
Fitness 27,24083, Gen ;0,454;0,4358;0,2455;0,7885;0,0543;0,9673;0,0849;0,0568;0,3946;0,4834;0,5965;0,7922;0,0377;0,1346;0,7984;0,8042;0,4455;0,3353;0,9221;0,1342;0,6138
,90,92,92,93,93,93,93,93,94,95,95,95,95,95,95,95,95,95,95,95,95,96,96,96,96,96,96,96,96,96,96,96,96,96,96,96,96,96,96,96,96,96,96,97,97,97,97,97,98,98
Fitness 37,7491, Gen ;0,454;0,4358;0,2455;0,7885;0,0543;0,9673;0,0849;0,0568;0,3946;0,4834;0,5965;0,7922;0,0377;0,1346;0,7984;0,8042;0,4455;0,3353;0,9221;0,1342;0,6138
,94,96,96,96,97,97,97,98,98,99,99,99,99,99,100,100,100,100,100,100,100,100,100,100,100,100,100,100,100,100,100,100,100,100,101,101,101,101,101,101,101,101,101,101,101,101,101,101,102,106
Fitness 23,26614, Gen ;0,454;0,4358;0,2455;0,7885;0,0543;0,9673;0,0849;0,0568;0,3946;0,4834;0,5965;0,7922;0,0377;0,1346;0,7984;0,8042;0,4455;0,3353;0,9221;0,1342;0,6138
,84,85,85,85,85,86,86,87,87,87,87,87,88,88,88,88,88,88,88,88,88,88,88,88,88,88,88,88,88,88,88,88,88,88,88,88,88,88,88,88,88,88,88,88,88,89,89,89,89,92
Fitness 29,49744, Gen ;0,454;0,4358;0,2455;0,7885;0,0543;0,9673;0,0849;0,0568;0,3946;0,4834;0,5965;0,7922;0,0377;0,1346;0,7984;0,8042;0,4455;0,3353;0,9221;0,1342;0,6138
,78,79,79,80,80,80,80,80,81,81,82,82,82,82,82,83,83,83,83,83,83,83,83,83,83,83,83,83,83,83,83,83,83,83,83,83,83,83,83,83,83,83,83,83,83,83,83,83,85,85
Fitness 25,46377, Gen ;0,454;0,4358;0,2455;0,7885;0,0543;0,9673;0,0849;0,0568;0,3946;0,4834;0,5965;0,7922;0,0377;0,1346;0,7984;0,8042;0,4455;0,3353;0,9221;0,1342;0,6138
,87,88,88,88,89,89,89,90,90,90,90,90,90,90,90,90,90,91,91,91,91,91,91,91,91,91,91,91,91,91,91,91,91,91,91,91,91,91,91,91,91,91,91,91,91,91,91,91,91,91
Fitness 34,06877, Gen ;0,454;0,4358;0,2455;0,7885;0,0543;0,9673;0,0849;0,0568;0,3946;0,4834;0,5965;0,7922;0,0377;0,1346;0,7984;0,8042;0,4455;0,3353;0,9221;0,1342;0,6138
,96,97,97,97,98,98,99,99,100,100,100,100,100,100,100,100,101,101,101,101,101,101,101,101,101,101,101,101,101,101,101,101,101,101,101,101,101,101,101,101,101,101,101,101,101,101,101,101,101,101
Fitness 38,43781, Gen ;0,454;0,4358;0,2455;0,7885;0,0543;0,9673;0,0849;0,0568;0,3946;0,4834;0,5965;0,7922;0,0377;0,1346;0,7984;0,8042;0,4455;0,3353;0,9221;0,1342;0,6138
,79,81,81,81,82,82,83,83,83,83,84,85,85,85,85,86,86,86,86,86,87,87,87,88,88,88,88,88,88,88,88,88,88,88,88,88,89,89,89,89,89,89,89,89,90,90,90,90,92,98
Fitness 33,71139, Gen ;0,454;0,4358;0,2455;0,7885;0,0543;0,9673;0,0849;0,0568;0,3946;0,4834;0,5965;0,7922;0,0377;0,1346;0,7984;0,8042;0,4455;0,3353;0,9221;0,1342;0,6138
,153
Fitness 27,32906, Gen ;0,454;0,4358;0,2455;0,7885;0,0543;0,9673;0,0849;0,0568;0,3946;0,4834;0,5965;0,7922;0,0377;0,1346;0,7984;0,8042;0,4455;0,3353;0,9221;0,1342;0,6138
,113,113,114,114,114,115,116,116,117,118,118,118,118,118,118,118,119,119,119,119,120,120,120,120,120,120,120,120,120,120,121,121,121,121,121,121,121,121,121,121,121,121,121,121,121,121,122,122,122,130
Fitness 31,58338, Gen ;0,454;0,4358;0,2455;0,7885;0,0543;0,9673;0,0849;0,0568;0,3946;0,4834;0,5965;0,7922;0,0377;0,1346;0,7984;0,8042;0,4455;0,3353;0,9221;0,1342;0,6138
,105,105,106,106,106,106,107,107,107,109,109,109,109,109,109,109,109,109,109,109,109,109,109,109,109,109,109,109,109,110,110,110,110,110,110,110,110,110,110,110,110,110,110,110,110,110,110,110,110,111
Fitness 0,0004449357, Gen ;0,454;0,4358;0,2455;0,7885;0,0543;0,9673;0,0849;0,0568;0,3946;0,4834;0,5965;0,7922;0,0377;0,1346;0,7984;0,8042;0,4455;0,3353;0,9221;0,1342;0,6138
,92,92,93,93,93,94,95,95,95,95,96,96,96,97,98,98,99,99,99,99,99,99,99,99,99,99,99,99,99,100,100,100,101,101,103,103,103,104,104,104,104,104,105,105,105,105,105,106,110,170
Fitness 14,88356, Gen ;0,454;0,4358;0,2455;0,7885;0,0543;0,9673;0,0849;0,0568;0,3946;0,4834;0,5965;0,7922;0,0377;0,1346;0,7984;0,8042;0,4455;0,3353;0,9221;0,1342;0,6138
,76,79,79,79,80,80,80,80,81,81,81,81,82,82,82,82,82,82,82,82,82,82,82,82,82,82,82,82,82,82,82,82,82,82,82,82,82,82,82,82,82,82,82,82,82,82,82,83,83,84
Fitness 22,23184, Gen ;0,454;0,4358;0,2455;0,7885;0,0543;0,9673;0,0849;0,0568;0,3946;0,4834;0,5965;0,7922;0,0377;0,1346;0,7984;0,8042;0,4455;0,3353;0,9221;0,1342;0,6138
,122,126,127,127,127,127,127,129,130,130,130,130,130,130,130,130,130,130,130,130,130,130,130,130,130,130,130,130,131,131,131,131,131,131,131,131,131,131,131,131,131,131,131,131,131,131,131,131,131,132
Fitness 6,852154, Gen ;0,454;0,4358;0,2455;0,7885;0,0543;0,9673;0,0849;0,0568;0,3946;0,4834;0,5965;0,7922;0,0377;0,1346;0,7984;0,8042;0,4455;0,3353;0,9221;0,1342;0,6138
,86,87,88,88,90,90,90,90,91,91,91,91,91,91,91,91,92,92,92,92,92,92,92,92,92,92,92,92,92,92,92,92,92,92,92,92,92,92,92,92,92,92,92,92,92,92,92,92,92,93
Fitness 39,14841, Gen ;0,454;0,4358;0,2455;0,7885;0,0543;0,9673;0,0849;0,0568;0,3946;0,4834;0,5965;0,7922;0,0377;0,1346;0,7984;0,8042;0,4455;0,3353;0,9221;0,1342;0,6138
,77,79,80,80,80,80,80,81,81,81,82,82,82,82,82,82,82,82,82,82,82,82,82,82,82,82,82,83,83,83,83,83,83,83,83,83,84,84,84,84,84,84,84,84,84,84,84,84,84,86
Fitness 13,08645, Gen ;0,454;0,4358;0,2455;0,7885;0,0543;0,9673;0,0849;0,0568;0,3946;0,4834;0,5965;0,7922;0,0377;0,1346;0,7984;0,8042;0,4455;0,3353;0,9221;0,1342;0,6138
,132,143,160,195,213,215,217,227,229,235,236
Fitness 32,77024, Gen ;0,454;0,4358;0,2455;0,7885;0,0543;0,9673;0,0849;0,0568;0,3946;0,4834;0,5965;0,7922;0,0377;0,1346;0,7984;0,8042;0,4455;0,3353;0,9221;0,1342;0,6138

Fitness 38,23268, Gen ;0,454;0,4358;0,2455;0,7885;0,0543;0,9673;0,0849;0,0568;0,3946;0,4834;0,5965;0,7922;0,0377;0,1346;0,7984;0,8042;0,4455;0,3353;0,9221;0,1342;0,6138
,90,91,92,93,93,94,94,96,96,97,97,97,97,97,97,97,97,97,97,97,97,97,97,97,97,97,97,97,97,97,97,97,97,98,98,98,98,98,98,98,98,98,98,98,98,98,98,98,99,99
Fitness 0,0008416253, Gen ;0,454;0,4358;0,2455;0,7885;0,0543;0,9673;0,0849;0,0568;0,3946;0,4834;0,5965;0,7922;0,0377;0,1346;0,7984;0,8042;0,4455;0,3353;0,9221;0,1342;0,6138
,82,82,83,83,84,84,84,85,85,85,86,86,86,86,86,86,86,86,86,86,86,86,86,86,86,86,86,86,86,86,86,87,87,87,87,87,87,87,87,87,87,87,87,87,87,87,87,87,87,88
Fitness 0,0003538059, Gen ;0,454;0,4358;0,2455;0,7885;0,0543;0,9673;0,0849;0,0568;0,3946;0,4834;0,5965;0,7922;0,0377;0,1346;0,7984;0,8042;0,4455;0,3353;0,9221;0,1342;0,6138
,102,102,103,103,103,103,104,104,104,104,105,105,106,106,106,106,107,107,107,107,107,107,107,107,107,107,107,107,107,107,107,107,107,107,107,107,107,107,107,108,108,108,108,108,108,108,108,108,110,170
Fitness 29,00387, Gen ;0,454;0,4358;0,2455;0,7885;0,0543;0,9673;0,0849;0,0568;0,3946;0,4834;0,5965;0,7922;0,0377;0,1346;0,7984;0,8042;0,4455;0,3353;0,9221;0,1342;0,6138
,80,81,81,81,81,83,84,85,86,86,86,86,86,86,89,89,89,90,90,90,90,90,90,90,90,90,90,90,90,90,91,91,91,91,91,92,92,92,92,92,92,92,92,92,93,93,93,93,96,101
Fitness 36,02565, Gen ;0,454;0,4358;0,2455;0,7885;0,0543;0,9673;0,0849;0,0568;0,3946;0,4834;0,5965;0,7922;0,0377;0,1346;0,7984;0,8042;0,4455;0,3353;0,9221;0,1342;0,6138

Fitness 6,579979, Gen ;0,454;0,4358;0,2455;0,7885;0,0543;0,9673;0,0849;0,0568;0,3946;0,4834;0,5965;0,7922;0,0377;0,1346;0,7984;0,8042;0,4455;0,3353;0,9221;0,1342;0,6138
,126,139
Fitness 29,84411, Gen ;0,454;0,4358;0,2455;0,7885;0,0543;0,9673;0,0849;0,0568;0,3946;0,4834;0,5965;0,7922;0,0377;0,1346;0,7984;0,8042;0,4455;0,3353;0,9221;0,1342;0,6138
,107,108,108,110,110,111,111,111,113,114,114,114,114,115,115,115,116,117,117,117,118,118,118,118,118,118,118,118,118,118,118,118,119,119,119,119,119,119,119,119,119,119,119,119,120,120,120,120,121,127
Fitness 0,0002973679, Gen ;0,454;0,4358;0,2455;0,7885;0,0543;0,9673;0,0849;0,0568;0,3946;0,4834;0,5965;0,7922;0,0377;0,1346;0,7984;0,8042;0,4455;0,3353;0,9221;0,1342;0,6138
,98,99,100,100,100,100,100,100,101,101,101,101,102,102,102,102,102,102,103,103,103,103,103,103,103,103,103,103,103,103,103,103,103,103,103,103,103,103,103,103,103,104,104,104,104,104,105,105,106
Fitness 0,0004289599, Gen ;0,454;0,4358;0,2455;0,7885;0,0543;0,9673;0,0849;0,0568;0,3946;0,4834;0,5965;0,7922;0,0377;0,1346;0,7984;0,8042;0,4455;0,3353;0,9221;0,1342;0,6138
,111,112,112,113,113,113,115,115,116,117,117,118,119,119,120,121,125,125,126,127,154,160,164,225
Fitness 16,14641, Gen ;0,454;0,4358;0,2455;0,7885;0,0543;0,9673;0,0849;0,0568;0,3946;0,4834;0,5965;0,7922;0,0377;0,1346;0,7984;0,8042;0,4455;0,3353;0,9221;0,1342;0,6138

Fitness 0,0002775801, Gen ;0,454;0,4358;0,2455;0,7885;0,0543;0,9673;0,0849;0,0568;0,3946;0,4834;0,5965;0,7922;0,0377;0,1346;0,7984;0,8042;0,4455;0,3353;0,9221;0,1342;0,6138
,95,96,97,97,97,97,98,98,98,98,98,98,98,98,99,100,100,100,100,100,100,100,100,100,100,100,100,100,100,100,100,100,100,100,100,100,100,100,100,100,101,101,101,101,101,101,102,104,104,104
Fitness 0,0004395821, Gen ;0,454;0,4358;0,2455;0,7885;0,0543;0,9673;0,0849;0,0568;0,3946;0,4834;0,5965;0,7922;0,0377;0,1346;0,7984;0,8042;0,4455;0,3353;0,9221;0,1342;0,6138
,76,77,77,78,79,80,81,81,81,81,81,81,81,81,81,81,81,81,82,82,82,82,82,83,83,83,83,83,83,83,83,83,83,83,83,83,83,83,83,83,83,83,83,83,83,84,84,85,86,87
Fitness 0,0005794195, Gen ;0,454;0,4358;0,2455;0,7885;0,0543;0,9673;0,0849;0,0568;0,3946;0,4834;0,5965;0,7922;0,0377;0,1346;0,7984;0,8042;0,4455;0,3353;0,9221;0,1342;0,6138

Fitness 26,17339, Gen ;0,454;0,4358;0,2455;0,7885;0,0543;0,9673;0,0849;0,0568;0,3946;0,4834;0,5965;0,7922;0,0377;0,1346;0,7984;0,8042;0,4455;0,3353;0,9221;0,1342;0,6138
,88,89,91,91,91,91,91,92,92,92,93,93,93,93,93,93,94,94,94,94,94,94,94,94,94,94,94,94,94,94,94,94,94,94,94,94,94,94,94,94,94,94,94,94,94,94,94,94,94,94
Fitness 37,61333, Gen ;0,454;0,4358;0,2455;0,7885;0,0543;0,9673;0,0849;0,0568;0,3946;0,4834;0,5965;0,7922;0,0377;0,1346;0,7984;0,8042;0,4455;0,3353;0,9221;0,1342;0,6138
,102,103,103,103,104,106,106,107,108,109,109,110,110,111,111,111,111,111,111,111,111,111,111,111,111,111,111,111,111,111,111,111,111,111,111,111,111,111,111,111,111,111,111,111,111,111,111,112,112,125
Fitness 0,0003399077, Gen ;0,454;0,4358;0,2455;0,7885;0,0543;0,9673;0,0849;0,0568;0,3946;0,4834;0,5965;0,7922;0,0377;0,1346;0,7984;0,8042;0,4455;0,3353;0,9221;0,1342;0,6138
,86,86,87,87,88,88,88,88,88,89,89,90,90,90,90,90,90,90,90,90,90,90,90,90,90,90,90,90,90,90,91,91,91,91,91,91,91,91,91,91,91,91,91,91,91,91,91,91,91,92
Fitness 31,90182, Gen ;0,454;0,4358;0,2455;0,7885;0,0543;0,9673;0,0849;0,0568;0,3946;0,4834;0,5965;0,7922;0,0377;0,1346;0,7984;0,8042;0,4455;0,3353;0,9221;0,1342;0,6138
,76,76,79,79,80,80,80,80,81,82,82,82,83,83,83,83,83,83,83,83,83,83,83,83,83,83,83,83,83,83,83,84,84,84,84,84,84,84,84,84,84,84,85,85,85,85,87,88,91
Fitness 17,54054, Gen ;0,454;0,4358;0,2455;0,7885;0,0543;0,9673;0,0849;0,0568;0,3946;0,4834;0,5965;0,7922;0,0377;0,1346;0,7984;0,8042;0,4455;0,3353;0,9221;0,1342;0,6138
,144,144,144,147,168,168,169,169,170,172,173,174,174,174,175,175,177,177,185,186,188,212
Fitness 33,47062, Gen ;0,454;0,4358;0,2455;0,7885;0,0543;0,9673;0,0849;0,0568;0,3946;0,4834;0,5965;0,7922;0,0377;0,1346;0,7984;0,8042;0,4455;0,3353;0,9221;0,1342;0,6138
,128,129,131,131,131,131,131,132,132,132,132,132,133,133,134,134,134,134,134,134,134,134,134,134,134,134,134,134,134,134,134,134,134,134,134,134,134,134,134,134,134,134,134,134,135,136,136,147,151
Fitness 0,0004266319, Gen ;0,454;0,4358;0,2455;0,7885;0,0543;0,9673;0,0849;0,0568;0,3946;0,4834;0,5965;0,7922;0,0377;0,1346;0,7984;0,8042;0,4455;0,3353;0,9221;0,1342;0,6138
,90,91,94,94,95,95,95,96,96,97,97,100,106,108,111,120,121,123,123,127,127,127,128,128,128,128,128,128,128,128,128,128,128,128,128,128,128,128,128,128,128,128,128,129,129,130,130,131,131,138
Fitness 0,0006748652, Gen ;0,454;0,4358;0,2455;0,7885;0,0543;0,9673;0,0849;0,0568;0,3946;0,4834;0,5965;0,7922;0,0377;0,1346;0,7984;0,8042;0,4455;0,3353;0,9221;0,1342;0,6138
,80,80,81,81,81,81,81,82,83,83,83,84,84,84,84,84,84,84,84,84,84,84,85,85,85,85,85,85,85,85,85,85,85,85,85,85,85,85,86,86,86,86,86,86,86,86,86,87,87,87
Fitness 0,0001744463, Gen ;0,454;0,4358;0,2455;0,7885;0,0543;0,9673;0,0849;0,0568;0,3946;0,4834;0,5965;0,7922;0,0377;0,1346;0,7984;0,8042;0,4455;0,3353;0,9221;0,1342;0,6138
,117,118,118,118,119,119,120,120,120,120,121,122,122,122,122,122,122,122,122,122,122,122,122,122,122,122,122,122,122,122,122,122,122,123,123,123,123,123,123,123,123,123,123,123,123,123,123,123,123,124
Fitness 12,79151, Gen ;0,454;0,4358;0,2455;0,7885;0,0543;0,9673;0,0849;0,0568;0,3946;0,4834;0,5965;0,7922;0,0377;0,1346;0,7984;0,8042;0,4455;0,3353;0,9221;0,1342;0,6138
,89,89,90,90,90,90,91,91,91,91,92,92,92,92,92,92,92,92,92,92,92,92,92,92,93,93,93,93,93,93,93,93,93,93,93,93,93,93,93,93,93,93,93,93,93,93,93,93,93,94
Fitness 36,92796, Gen ;0,454;0,4358;0,2455;0,7885;0,0543;0,9673;0,0849;0,0568;0,3946;0,4834;0,5965;0,7922;0,0377;0,1346;0,7984;0,8042;0,4455;0,3353;0,9221;0,1342;0,6138
,96,96,96,97,97,97,97,98,98,98,98,99,99,99,99,99,100,100,100,101,101,101,102,102,102,102,102,102,102,102,102,102,102,103,103,103,103,103,103,103,103,103,103,103,103,103,104,104,105,112
Fitness 16,08188, Gen ;0,454;0,4358;0,2455;0,7885;0,0543;0,9673;0,0849;0,0568;0,3946;0,4834;0,5965;0,7922;0,0377;0,1346;0,7984;0,8042;0,4455;0,3353;0,9221;0,1342;0,6138
,191,193,194,194,195,195,195,195,196,196,196,197,197,198,198,199,200,201,206,209,209,209,210,219,224,228,230
Fitness 32,2472, Gen ;0,454;0,4358;0,2455;0,7885;0,0543;0,9673;0,0849;0,0568;0,3946;0,4834;0,5965;0,7922;0,0377;0,1346;0,7984;0,8042;0,4455;0,3353;0,9221;0,1342;0,6138
,129
Fitness 23,28343, Gen ;0,454;0,4358;0,2455;0,7885;0,0543;0,9673;0,0849;0,0568;0,3946;0,4834;0,5965;0,7922;0,0377;0,1346;0,7984;0,8042;0,4455;0,3353;0,9221;0,1342;0,6138
,85,87,87,88,88,88,88,88,89,89,89,90,90,90,90,90,90,90,90,90,90,90,90,90,90,90,90,90,90,90,90,90,90,90,91,91,91,91,91,91,92,92,92,92,92,92,92,93,93,93
Fitness 0,0006997362, Gen ;0,454;0,4358;0,2455;0,7885;0,0543;0,9673;0,0849;0,0568;0,3946;0,4834;0,5965;0,7922;0,0377;0,1346;0,7984;0,8042;0,4455;0,3353;0,9221;0,1342;0,6138
,85,85,87,87,87,87,87,88,88,88,88,89,89,89,89,89,89,89,89,89,89,89,89,89,89,89,89,89,89,89,89,89,89,90,90,90,90,90,90,90,90,90,90,90,90,90,90,90,90,91
Fitness 0,000377813, Gen ;0,454;0,4358;0,2455;0,7885;0,0543;0,9673;0,0849;0,0568;0,3946;0,4834;0,5965;0,7922;0,0377;0,1346;0,7984;0,8042;0,4455;0,3353;0,9221;0,1342;0,6138
,83,85,86,89,89,89,89,89,90,90,90,91,91,91,91,91,91,91,91,91,91,91,91,92,92,92,92,92,92,92,92,92,93,93,93,93,94,94,94,94,95,95,95,95,95,96,103
Fitness 33,06268, Gen ;0,454;0,4358;0,2455;0,7885;0,0543;0,9673;0,0849;0,0568;0,3946;0,4834;0,5965;0,7922;0,0377;0,1346;0,7984;0,8042;0,4455;0,3353;0,9221;0,1342;0,6138
,88,93,94,95,96,96,96,97,97,97,97,98,99,99,99,99,99,99,99,99,99,99,99,99,99,99,99,99,99,99,99,99,99,99,99,100,100,100,100,100,100,100,100,100,100,100,102,102,102,105
Fitness 34,36251, Gen ;0,454;0,4358;0,2455;0,7885;0,0543;0,9673;0,0849;0,0568;0,3946;0,4834;0,5965;0,7922;0,0377;0,1346;0,7984;0,8042;0,4455;0,3353;0,9221;0,1342;0,6138
,83,83,83,84,84,84,85,85,85,86,86,86,86,86,86,86,86,86,86,86,87,87,87,87,87,87,87,87,87,87,87,87,87,87,87,87,87,87,87,87,87,88,88,88,88,88,88,88,88,89
Fitness 0,0001976145, Gen ;0,454;0,4358;0,2455;0,7885;0,0543;0,9673;0,0849;0,0568;0,3946;0,4834;0,5965;0,7922;0,0377;0,1346;0,7984;0,8042;0,4455;0,3353;0,9221;0,1342;0,6138
,91,94,94,95,95,95,95,96,96,96,97,97,97,97,97,97,97,97,97,97,97,97,97,97,97,97,97,97,97,97,97,98,98,98,98,98,98,98,98,98,98,98,98,98,98,98,98,98,98,98
Fitness 26,34714, Gen ;0,454;0,4358;0,2455;0,7885;0,0543;0,9673;0,0849;0,0568;0,3946;0,4834;0,5965;0,7922;0,0377;0,1346;0,7984;0,8042;0,4455;0,3353;0,9221;0,1342;0,6138
,89,89,90,90,90,92,92,92,93,93,93,94,94,95,96,96,96,96,96,96,96,96,96,97,97,97,97,97,97,97,97,97,97,97,97,97,97,97,97,97,97,97,97,97,97,98,98,104,109,113
Fitness 35,75411, Gen ;0,454;0,4358;0,2455;0,7885;0,0543;0,9673;0,0849;0,0568;0,3946;0,4834;0,5965;0,7922;0,0377;0,1346;0,7984;0,8042;0,4455;0,3353;0,9221;0,1342;0,6138
,76,77,78,79,79,79,79,79,80,80,80,80,81,81,82,82,82,82,82,82,82,82,82,82,82,82,82,82,82,82,82,82,82,82,82,82,82,82,82,82,82,82,83,83,83,83,85,85,85,94
Fitness 29,25818, Gen ;0,454;0,4358;0,2455;0,7885;0,0543;0,9673;0,0849;0,0568;0,3946;0,4834;0,5965;0,7922;0,0377;0,1346;0,7984;0,8042;0,4455;0,3353;0,9221;0,1342;0,6138
,107,107,108,108,108,108,108,108,109,109,110,110,110,111,111,112,116,121,122,124,124,124,124,127,128,137
Fitness 23,51014, Gen ;0,454;0,4358;0,2455;0,7885;0,0543;0,9673;0,0849;0,0568;0,3946;0,4834;0,5965;0,7922;0,0377;0,1346;0,7984;0,8042;0,4455;0,3353;0,9221;0,1342;0,6138
,161,162,163,164,164,165,166,167,167,168,170,172,172,174,175,176,177,177,177,178,178,178,178,178,179,179,180,185,190,190,190,190,191,191,191,192,192,192,192,195
Fitness 34,2556, Gen ;0,454;0,4358;0,2455;0,7885;0,0543;0,9673;0,0849;0,0568;0,3946;0,4834;0,5965;0,7922;0,0377;0,1346;0,7984;0,8042;0,4455;0,3353;0,9221;0,1342;0,6138
,77,79,79,79,79,79,80,80,80,81,81,81,81,81,81,82,82,82,82,82,82,82,82,82,82,82,82,82,82,82,82,82,82,82,82,82,82,82,82,82,82,82,82,82,82,82,82,83,83,93
Fitness 0,0003495754, Gen ;0,454;0,4358;0,2455;0,7885;0,0543;0,9673;0,0849;0,0568;0,3946;0,4834;0,5965;0,7922;0,0377;0,1346;0,7984;0,8042;0,4455;0,3353;0,9221;0,1342;0,6138
,91,92,92,93,93,94,94,94,94,94,95,95,95,95,95,95,95,96,96,96,96,96,96,96,96,96,96,96,96,96,96,96,96,96,96,96,96,96,96,96,96,96,96,96,96,96,96,96,96,96
Fitness 0,0004232132, Gen ;0,454;0,4358;0,2455;0,7885;0,0543;0,9673;0,0849;0,0568;0,3946;0,4834;0,5965;0,7922;0,0377;0,1346;0,7984;0,8042;0,4455;0,3353;0,9221;0,1342;0,6138
,86,86,87,87,87,88,88,88,88,89,90,90,90,90,90,90,90,90,90,90,90,90,90,90,90,90,90,90,90,90,90,90,90,90,90,91,91,91,91,91,91,91,91,91,91,92,92,92,93,93
Fitness 34,90269, Gen ;0,454;0,4358;0,2455;0,7885;0,0543;0,9673;0,0849;0,0568;0,3946;0,4834;0,5965;0,7922;0,0377;0,1346;0,7984;0,8042;0,4455;0,3353;0,9221;0,1342;0,6138
,110,110,111,111,112,113,114,114,114,115,116,116,116,117,117,118,118,118,118,118,118,118,119,119,119,119,119,119,120,120,120,120,120,120,121,121,121,121,121,121,122,122,122,122,122,122,125,126,178,191
Fitness 30,37871, Gen ;0,454;0,4358;0,2455;0,7885;0,0543;0,9673;0,0849;0,0568;0,3946;0,4834;0,5965;0,7922;0,0377;0,1346;0,7984;0,8042;0,4455;0,3353;0,9221;0,1342;0,6138
,65,66,68,69,70,70,71,71,71,71,72,72,72,72,72,72,72,72,72,72,72,72,72,72,72,72,72,72,72,72,72,72,72,72,72,72,72,72,72,72,72,72,73,73,73,73,73,73,73,73
Fitness 32,82089, Gen ;0,454;0,4358;0,2455;0,7885;0,0543;0,9673;0,0849;0,0568;0,3946;0,4834;0,5965;0,7922;0,0377;0,1346;0,7984;0,8042;0,4455;0,3353;0,9221;0,1342;0,6138
,88,90,91,92,92,92,93,93,93,93,94,94,94,94,94,94,94,94,94,94,94,94,94,95,95,95,95,95,95,95,95,95,95,95,95,95,95,95,95,95,95,95,95,95,95,95,95,95,96,96
Fitness 2,927096, Gen ;0,454;0,4358;0,2455;0,7885;0,0543;0,9673;0,0849;0,0568;0,3946;0,4834;0,5965;0,7922;0,0377;0,1346;0,7984;0,8042;0,4455;0,3353;0,9221;0,1342;0,6138
,91,91,92,92,92,94,94,94,96,96,96,96,96,96,96,96,97,97,97,97,97,97,97,97,97,97,97,97,97,97,97,97,97,97,97,97,97,97,97,97,97,97,97,98,98,98,98,98,98,101
Fitness 48,04848, Gen ;0,454;0,4358;0,2455;0,7885;0,0543;0,9673;0,0849;0,0568;0,3946;0,4834;0,5965;0,7922;0,0377;0,1346;0,7984;0,8042;0,4455;0,3353;0,9221;0,1342;0,6138
,98,98,98,98,99,99,100,100,100,100,100,101,101,101,101,101,101,101,101,101,101,101,102,102,102,102,102,102,102,102,102,102,102,102,102,102,102,102,102,102,102,102,102,102,102,102,102,102,102,104
Fitness 31,00282, Gen ;0,454;0,4358;0,2455;0,7885;0,0543;0,9673;0,0849;0,0568;0,3946;0,4834;0,5965;0,7922;0,0377;0,1346;0,7984;0,8042;0,4455;0,3353;0,9221;0,1342;0,6138
,79,80,80,80,80,81,81,81,81,82,82,82,82,82,82,82,82,82,82,82,83,83,83,83,83,83,83,83,83,83,83,83,83,83,84,84,84,84,84,84,84,84,84,84,84,84,84,84,85,85
Fitness 28,36598, Gen ;0,454;0,4358;0,2455;0,7885;0,0543;0,9673;0,0849;0,0568;0,3946;0,4834;0,5965;0,7922;0,0377;0,1346;0,7984;0,8042;0,4455;0,3353;0,9221;0,1342;0,6138
,97,98,100,104,105,105,106,107,107,107,110,110,110,112,112,112,113,113,114,114,114,114,115,115,115,115,116,116,117,117,117,117,158
Fitness 26,06714, Gen ;0,454;0,4358;0,2455;0,7885;0,0543;0,9673;0,0849;0,0568;0,3946;0,4834;0,5965;0,7922;0,0377;0,1346;0,7984;0,8042;0,4455;0,3353;0,9221;0,1342;0,6138
,76,77,78,78,78,78,79,79,79,80,80,80,80,80,80,80,80,80,80,80,80,80,80,81,81,81,81,81,81,81,81,81,81,81,81,81,81,81,81,81,81,81,81,81,81,81,81,81,81,84
Fitness 38,56624, Gen ;0,454;0,4358;0,2455;0,7885;0,0543;0,9673;0,0849;0,0568;0,3946;0,4834;0,5965;0,7922;0,0377;0,1346;0,7984;0,8042;0,4455;0,3353;0,9221;0,1342;0,6138
,88,88,88,88,89,89,89,89,89,90,90,90,90,91,91,91,91,91,91,91,91,91,91,91,91,91,91,91,91,91,91,91,91,91,91,91,91,91,91,91,91,91,91,91,91,91,91,91,91,91
Fitness 0,0007725863, Gen ;0,454;0,4358;0,2455;0,7885;0,0543;0,9673;0,0849;0,0568;0,3946;0,4834;0,5965;0,7922;0,0377;0,1346;0,7984;0,8042;0,4455;0,3353;0,9221;0,1342;0,6138
,185
Fitness 39,34346, Gen ;0,454;0,4358;0,2455;0,7885;0,0543;0,9673;0,0849;0,0568;0,3946;0,4834;0,5965;0,7922;0,0377;0,1346;0,7984;0,8042;0,4455;0,3353;0,9221;0,1342;0,6138
,76,95,97,97,99,99,99,99,99,100,100,101,101,101,101,101,101,102,102,102,102,104,106,107,107,107,107,107,107,107,107,107,107,107,107,107,107,107,107,107,107,107,107,108,108,108,110,112,118,123
Fitness 33,69851, Gen ;0,454;0,4358;0,2455;0,7885;0,0543;0,9673;0,0849;0,0568;0,3946;0,4834;0,5965;0,7922;0,0377;0,1346;0,7984;0,8042;0,4455;0,3353;0,9221;0,1342;0,6138
,137
Fitness 0,0005066427, Gen ;0,454;0,4358;0,2455;0,7885;0,0543;0,9673;0,0849;0,0568;0,3946;0,4834;0,5965;0,7922;0,0377;0,1346;0,7984;0,8042;0,4455;0,3353;0,9221;0,1342;0,6138
,93,94,96,96,96,96,96,97,97,97,98,98,99,99,99,99,100,100,100,100,100,100,100,100,100,100,100,100,100,100,100,100,100,100,100,100,100,100,100,100,100,100,100,100,100,100,100,100,100,113
Fitness 18,992, Gen ;0,454;0,4358;0,2455;0,7885;0,0543;0,9673;0,0849;0,0568;0,3946;0,4834;0,5965;0,7922;0,0377;0,1346;0,7984;0,8042;0,4455;0,3353;0,9221;0,1342;0,6138

Fitness 0,0003097517, Gen ;0,454;0,4358;0,2455;0,7885;0,0543;0,9673;0,0849;0,0568;0,3946;0,4834;0,5965;0,7922;0,0377;0,1346;0,7984;0,8042;0,4455;0,3353;0,9221;0,1342;0,6138
,104,105,106,106,106,107,108,108,108,108,109,109,110,111,111,111,111,111,111,111,111,111,111,111,111,111,111,111,111,111,111,111,111,111,112,112,112,112,112,112,112,112,112,112,113,113,113,114,114,132
Fitness 23,21609, Gen ;0,454;0,4358;0,2455;0,7885;0,0543;0,9673;0,0849;0,0568;0,3946;0,4834;0,5965;0,7922;0,0377;0,1346;0,7984;0,8042;0,4455;0,3353;0,9221;0,1342;0,6138
,103,104,104,105,105,105,105,106,107,107,107,108,108,108,108,109,109,109,109,109,109,109,109,109,109,109,109,109,109,109,109,109,109,109,110,110,110,111,112,112,112,112,112,113,113,113,113,113
Fitness 0,0004264269, Gen ;0,454;0,4358;0,2455;0,7885;0,0543;0,9673;0,0849;0,0568;0,3946;0,4834;0,5965;0,7922;0,0377;0,1346;0,7984;0,8042;0,4455;0,3353;0,9221;0,1342;0,6138
,86,86,86,87,88,88,88,89,89,91,91,92,92,92,93,93,93,93,93,93,93,93,93,93,93,93,93,93,93,93,93,93,93,93,93,93,93,93,93,93,93,93,93,93,93,93,93,93,96,107
Fitness 15,14016, Gen ;0,454;0,4358;0,2455;0,7885;0,0543;0,9673;0,0849;0,0568;0,3946;0,4834;0,5965;0,7922;0,0377;0,1346;0,7984;0,8042;0,4455;0,3353;0,9221;0,1342;0,6138
,94,94,94,94,95,95,96,96,97,97,97,97,98,98,98,98,98,98,98,98,98,98,98,98,98,98,98,98,98,98,98,98,98,99,99,99,99,99,99,99,99,99,99,99,99,99,99,99,99,100
Fitness 0,0005597726, Gen ;0,454;0,4358;0,2455;0,7885;0,0543;0,9673;0,0849;0,0568;0,3946;0,4834;0,5965;0,7922;0,0377;0,1346;0,7984;0,8042;0,4455;0,3353;0,9221;0,1342;0,6138
,119,119,119,120,120,121,121,122,122,123,124,125,125,125,125,125,125,125,125,125,125,125,125,125,125,125,125,125,125,125,125,125,125,125,125,125,125,125,125,125,125,125,125,126,126,126,126,127,127,127
Fitness 26,42763, Gen ;0,454;0,4358;0,2455;0,7885;0,0543;0,9673;0,0849;0,0568;0,3946;0,4834;0,5965;0,7922;0,0377;0,1346;0,7984;0,8042;0,4455;0,3353;0,9221;0,1342;0,6138
,93,95,95,95,96,97,97,97,98,98,98,99,99,99,99,99,99,99,99,99,99,99,99,99,99,99,99,99,99,99,99,99,99,99,99,99,99,99,99,99,99,99,99,99,100,100,100,100,101,102
Fitness 28,29357, Gen ;0,454;0,4358;0,2455;0,7885;0,0543;0,9673;0,0849;0,0568;0,3946;0,4834;0,5965;0,7922;0,0377;0,1346;0,7984;0,8042;0,4455;0,3353;0,9221;0,1342;0,6138
,102,102,102,103,103,104,105,105,105,105,106,106,106,106,106,107,107,107,107,107,107,107,107,107,107,107,107,107,108,108,108,108,108,108,108,108,108,108,108,108,108,108,108,108,108,108,108,108,108,115
Fitness 14,91625, Gen ;0,454;0,4358;0,2455;0,7885;0,0543;0,9673;0,0849;0,0568;0,3946;0,4834;0,5965;0,7922;0,0377;0,1346;0,7984;0,8042;0,4455;0,3353;0,9221;0,1342;0,6138
,74,74,74,75,75,75,75,75,75,76,76,76,76,76,77,77,77,77,78,78,78,78,79,79,79,79,79,79,79,79,79,80,80,80,80,80,80,80,80,80,81,81,81,81,81,81,82,82,83,89
Fitness 27,49759, Gen ;0,454;0,4358;0,2455;0,7885;0,0543;0,9673;0,0849;0,0568;0,3946;0,4834;0,5965;0,7922;0,0377;0,1346;0,7984;0,8042;0,4455;0,3353;0,9221;0,1342;0,6138
,90,91,92,92,93,93,93,93,93,94,94,94,94,95,95,95,95,95,95,95,95,95,95,95,95,95,95,95,95,95,95,95,95,95,95,95,95,95,95,95,95,95,95,95,95,95,96,96,96,96
Fitness 21,20087, Gen ;0,454;0,4358;0,2455;0,7885;0,0543;0,9673;0,0849;0,0568;0,3946;0,4834;0,5965;0,7922;0,0377;0,1346;0,7984;0,8042;0,4455;0,3353;0,9221;0,1342;0,6138
,104,105,106,106,106,106,107,107,107,108,109,109,109,109,109,109,109,109,109,109,110,110,110,110,110,110,110,110,110,110,110,110,110,110,110,110,110,110,110,110,110,110,110,110,110,110,110,110,113,114
Fitness 37,24141, Gen ;0,454;0,4358;0,2455;0,7885;0,0543;0,9673;0,0849;0,0568;0,3946;0,4834;0,5965;0,7922;0,0377;0,1346;0,7984;0,8042;0,4455;0,3353;0,9221;0,1342;0,6138
,86,86,87,88,89,89,90,90,90,91,91,91,92,92,92,93,93,93,93,93,93,94,94,94,94,94,94,95,95,96,96,96,97,97,97,97,97,97,97,97,97,97,98,98,98,98,99,99,99,102
Fitness 30,67968, Gen ;0,454;0,4358;0,2455;0,7885;0,0543;0,9673;0,0849;0,0568;0,3946;0,4834;0,5965;0,7922;0,0377;0,1346;0,7984;0,8042;0,4455;0,3353;0,9221;0,1342;0,6138
,83,85,85,85,86,86,86,86,86,87,88,88,88,89,89,89,89,89,89,89,89,89,89,89,89,89,89,89,89,89,89,89,90,90,90,90,90,90,90,90,90,90,90,90,90,90,90,90,94,173
Fitness 21,08469, Gen ;0,454;0,4358;0,2455;0,7885;0,0543;0,9673;0,0849;0,0568;0,3946;0,4834;0,5965;0,7922;0,0377;0,1346;0,7984;0,8042;0,4455;0,3353;0,9221;0,1342;0,6138
,82
Fitness 28,2629, Gen ;0,454;0,4358;0,2455;0,7885;0,0543;0,9673;0,0849;0,0568;0,3946;0,4834;0,5965;0,7922;0,0377;0,1346;0,7984;0,8042;0,4455;0,3353;0,9221;0,1342;0,6138
,99,99,99,99,99,100,100,100,101,102,102,102,102,102,102,103,103,103,103,103,103,103,103,103,103,103,103,103,103,103,103,103,103,103,103,103,103,103,103,103,103,103,103,103,103,103,103,103,103,104
Fitness 6,70601, Gen ;0,454;0,4358;0,2455;0,7885;0,0543;0,9673;0,0849;0,0568;0,3946;0,4834;0,5965;0,7922;0,0377;0,1346;0,7984;0,8042;0,4455;0,3353;0,9221;0,1342;0,6138
,92,92,93,93,93,93,94,94,94,94,95,95,95,95,96,96,96,96,96,96,96,96,96,96,96,96,96,96,96,96,96,96,96,96,96,96,96,97,97,97,97,97,97,97,97,97,97,97,98,111
Fitness 0,0003403531, Gen ;0,454;0,4358;0,2455;0,7885;0,0543;0,9673;0,0849;0,0568;0,3946;0,4834;0,5965;0,7922;0,0377;0,1346;0,7984;0,8042;0,4455;0,3353;0,9221;0,1342;0,6138
,81,82,83,83,83,83,83,84,84,85,85,85,85,86,86,86,86,86,86,86,86,86,86,86,86,86,86,86,86,86,86,86,86,86,86,86,86,86,86,86,86,86,86,86,86,89,89,91,92,92
Fitness 26,09077, Gen ;0,454;0,4358;0,2455;0,7885;0,0543;0,9673;0,0849;0,0568;0,3946;0,4834;0,5965;0,7922;0,0377;0,1346;0,7984;0,8042;0,4455;0,3353;0,9221;0,1342;0,6138
,88,89,89,89,89,90,90,90,90,91,91,91,91,91,91,91,91,91,91,91,91,91,92,92,92,92,92,92,92,92,92,92,92,92,92,92,92,92,92,92,92,92,92,92,92,92,92,92,92,92
Fitness 24,24269, Gen ;0,454;0,4358;0,2455;0,7885;0,0543;0,9673;0,0849;0,0568;0,3946;0,4834;0,5965;0,7922;0,0377;0,1346;0,7984;0,8042;0,4455;0,3353;0,9221;0,1342;0,6138
,71,71,71,72,73,74,74,74,74,74,75,75,75,75,75,75,75,75,75,75,75,76,76,76,76,76,76,76,76,76,76,76,76,76,76,76,76,76,76,76,76,76,76,76,76,76,76,76,77,77
