	75Ginelli ovc
	2 AI1 ovcarjev
Fitness 80,59174, Gen ;0,8192;0,4972;0,1014;0,1247;0,1249;0,3738;0,0036;0,0954;0,9562;0,7641;0,5621;0,9995;0,144;0,9213;0,1139;0,9139;0,8915;0,5712;0,8672;0,3337;0,2662
,37,38,38,38,38,38,38,38,38,38,38,38,38,38,38,38,38,38,38,38,38,38,38,38,38,38,38,38,38,38,38,38,38,38,38,39,39,39,39,39,39,39,39,39,39,39,39,39,39,39,39,39,39,39,39,39,39,39,40,40,40,40,40,40,40,40,40,40,41,41,41,41,41,42,42
Fitness 88,37137, Gen ;0,8192;0,4972;0,1014;0,1247;0,1249;0,3738;0,0036;0,0954;0,9562;0,7641;0,5621;0,9995;0,144;0,9213;0,1139;0,9139;0,8915;0,5712;0,8672;0,3337;0,2662
,43,44,44,45,45,45,46,46,46,47,47,47,47,47,47,47,47,47,47,47,47,47,47,47,47,47,47,47,47,47,47,47,47,47,47,47,47,47,47,47,47,47,47,47,47,47,47,47,48,48,48,48,48,48,48,48,49,49,49,49,49,49,49,50,50,50,50,50,51,52,52,53,53,53,54
Fitness 97,00056, Gen ;0,8192;0,4972;0,1014;0,1247;0,1249;0,3738;0,0036;0,0954;0,9562;0,7641;0,5621;0,9995;0,144;0,9213;0,1139;0,9139;0,8915;0,5712;0,8672;0,3337;0,2662
,39,39,39,39,39,39,39,39,40,40,40,40,40,40,40,40,40,40,40,40,40,40,40,40,40,40,40,40,40,40,40,40,40,40,40,40,40,40,40,40,40,40,40,40,40,40,40,40,41,41,41,41,41,41,41,41,41,41,41,41,41,41,41,41,41,41,41,42,42,42,42,42,43,43,44
Fitness 95,23998, Gen ;0,8192;0,4972;0,1014;0,1247;0,1249;0,3738;0,0036;0,0954;0,9562;0,7641;0,5621;0,9995;0,144;0,9213;0,1139;0,9139;0,8915;0,5712;0,8672;0,3337;0,2662
,42,42,44,45,45,45,45,45,45,45,45,45,45,45,45,45,45,45,45,45,45,45,45,45,45,45,45,45,45,45,45,45,45,45,45,45,45,45,45,45,45,46,46,46,46,46,46,46,46,46,46,46,46,46,46,47,47,47,47,47,47,47,47,47,47,47,47,47,48,48,48,49,49,49,50
Fitness 74,86268, Gen ;0,8192;0,4972;0,1014;0,1247;0,1249;0,3738;0,0036;0,0954;0,9562;0,7641;0,5621;0,9995;0,144;0,9213;0,1139;0,9139;0,8915;0,5712;0,8672;0,3337;0,2662
,45,45,46,47,47,48,48,48,49,49,49,49,49,49,49,49,49,49,49,49,49,49,49,49,49,49,49,49,49,49,49,49,49,49,49,49,49,49,49,49,49,49,49,49,49,49,49,49,50,50,50,50,50,50,50,50,50,50,50,51,51,52,52,52,52,52,52,54,54,54,54,54
Fitness 91,86756, Gen ;0,8192;0,4972;0,1014;0,1247;0,1249;0,3738;0,0036;0,0954;0,9562;0,7641;0,5621;0,9995;0,144;0,9213;0,1139;0,9139;0,8915;0,5712;0,8672;0,3337;0,2662
,45,45,45,45,45,45,45,45,45,45,45,45,46,46,46,46,46,46,46,46,46,46,46,46,46,46,46,46,46,46,46,46,46,46,46,46,46,46,46,46,46,46,46,46,46,46,46,46,46,46,46,46,46,46,46,47,47,47,47,47,47,47,47,47,47,47,47,48,48,49,49,50,51,51,55
Fitness 81,19112, Gen ;0,8192;0,4972;0,1014;0,1247;0,1249;0,3738;0,0036;0,0954;0,9562;0,7641;0,5621;0,9995;0,144;0,9213;0,1139;0,9139;0,8915;0,5712;0,8672;0,3337;0,2662
,65,65,65,66,67,67,67,67,68,68,68,69,69,69,69,69,69,69,69,69,69,69,69,69,69,69,69,69,69,69,69,69,69,69,69,69,69,69,69,69,69,69,69,69,69,69,70,70,70,70,70,70,70,70,71,71,71,71,71,71,71,71,71,71,72,72,72,72,72,74,74,85,85,89,90
Fitness 4,244857E-05, Gen ;0,8192;0,4972;0,1014;0,1247;0,1249;0,3738;0,0036;0,0954;0,9562;0,7641;0,5621;0,9995;0,144;0,9213;0,1139;0,9139;0,8915;0,5712;0,8672;0,3337;0,2662
,41,41,41,42,42,42,43,44,44,44,44,44,44,44,44,44,44,44,44,44,44,44,44,44,44,44,44,44,44,44,44,45,45,45,45,45,45,45,45,45,45,45,45,45,45,45,45,45,45,46,46,46,46,46,46,46,46,46,46,46,46,46,46,46,46,47,47,47,47,47,47,47,48,48,49
Fitness 74,79217, Gen ;0,8192;0,4972;0,1014;0,1247;0,1249;0,3738;0,0036;0,0954;0,9562;0,7641;0,5621;0,9995;0,144;0,9213;0,1139;0,9139;0,8915;0,5712;0,8672;0,3337;0,2662
,36,37,38,38,38,38,38,39,39,39,39,39,39,39,39,39,39,39,39,39,39,39,39,39,39,39,39,39,39,39,39,39,40,40,40,40,40,40,40,40,40,40,40,40,40,40,40,40,40,41,41,41,41,41,41,41,41,41,41,41,41,41,41,41,42,42,42,42,42,42,44,44,44,44,44
Fitness 31,22811, Gen ;0,8192;0,4972;0,1014;0,1247;0,1249;0,3738;0,0036;0,0954;0,9562;0,7641;0,5621;0,9995;0,144;0,9213;0,1139;0,9139;0,8915;0,5712;0,8672;0,3337;0,2662
,54,54,54,55,55,55,56,56,57,57,57,57,57,57,57,58,58,58,58,58,58,58,58,58,58,58,58,58,58,58,58,58,58,58,58,58,59,59,59,59,59,59,59,59,59,59,59,59,59,59,59,59,60,60,60,60,60,61,61,61,62,62,62,63,64,64,64,65,65,66,66,66,66,67,67
Fitness 82,77219, Gen ;0,8192;0,4972;0,1014;0,1247;0,1249;0,3738;0,0036;0,0954;0,9562;0,7641;0,5621;0,9995;0,144;0,9213;0,1139;0,9139;0,8915;0,5712;0,8672;0,3337;0,2662
,43,43,43,44,44,45,45,45,46,46,46,46,46,46,46,46,46,46,46,46,46,46,46,46,46,46,46,46,46,46,46,46,46,46,46,46,46,46,46,46,46,46,46,46,46,46,47,47,47,47,47,47,47,47,48,48,48,48,49,49,49,49,49,49,50,50,50,51,51,51,52,53,53,53,55
Fitness 91,68303, Gen ;0,8192;0,4972;0,1014;0,1247;0,1249;0,3738;0,0036;0,0954;0,9562;0,7641;0,5621;0,9995;0,144;0,9213;0,1139;0,9139;0,8915;0,5712;0,8672;0,3337;0,2662
,43,44,44,45,45,45,45,45,46,46,46,47,47,47,47,47,47,47,47,47,47,47,47,47,47,47,47,47,47,47,47,47,47,47,47,47,47,47,47,47,47,47,47,47,47,47,47,47,48,48,48,48,48,48,48,49,49,49,49,49,49,49,49,49,49,49,50,50,50,50,50,51,51,52,55
Fitness 54,56699, Gen ;0,8192;0,4972;0,1014;0,1247;0,1249;0,3738;0,0036;0,0954;0,9562;0,7641;0,5621;0,9995;0,144;0,9213;0,1139;0,9139;0,8915;0,5712;0,8672;0,3337;0,2662
,40,40,41,42,42,42,43,43,43,43,43,43,43,43,43,43,43,43,43,43,43,43,43,43,43,43,43,43,43,43,43,43,43,43,43,43,43,44,44,44,44,44,44,44,44,44,44,44,44,44,44,44,44,44,44,44,45,45,45,45,45,45,45,45,45,45,45,45,46,46,46,46,46,49,51
Fitness 74,59872, Gen ;0,8192;0,4972;0,1014;0,1247;0,1249;0,3738;0,0036;0,0954;0,9562;0,7641;0,5621;0,9995;0,144;0,9213;0,1139;0,9139;0,8915;0,5712;0,8672;0,3337;0,2662
,42,43,43,43,43,43,43,43,43,43,43,43,43,43,44,44,44,44,44,44,44,44,44,44,44,44,44,44,44,44,44,44,44,44,44,44,44,44,44,44,44,44,44,44,44,44,44,44,44,44,44,44,44,44,44,45,45,45,45,45,45,45,45,46,46,46,46,46,46,46,47,47,47,47,48
Fitness 74,00433, Gen ;0,8192;0,4972;0,1014;0,1247;0,1249;0,3738;0,0036;0,0954;0,9562;0,7641;0,5621;0,9995;0,144;0,9213;0,1139;0,9139;0,8915;0,5712;0,8672;0,3337;0,2662
,41,42,42,43,43,43,43,43,43,43,43,43,43,43,43,43,43,43,43,43,43,43,43,43,43,43,43,43,43,43,43,43,44,44,44,44,44,44,44,44,44,44,44,44,44,44,44,44,44,44,44,44,44,44,44,44,44,45,45,45,45,46,46,46,46,46,47,47,47,47,48,48,51,51,52
Fitness 81,42506, Gen ;0,8192;0,4972;0,1014;0,1247;0,1249;0,3738;0,0036;0,0954;0,9562;0,7641;0,5621;0,9995;0,144;0,9213;0,1139;0,9139;0,8915;0,5712;0,8672;0,3337;0,2662
,41,41,42,42,42,42,42,43,43,43,43,43,43,43,43,43,43,43,43,43,43,43,43,43,43,43,43,43,43,43,43,43,43,43,43,43,43,43,43,43,43,43,43,43,43,43,43,43,43,44,44,44,44,44,44,44,44,44,44,44,45,45,45,45,45,45,45,45,45,45,47,47,49,53,58
Fitness 85,00282, Gen ;0,8192;0,4972;0,1014;0,1247;0,1249;0,3738;0,0036;0,0954;0,9562;0,7641;0,5621;0,9995;0,144;0,9213;0,1139;0,9139;0,8915;0,5712;0,8672;0,3337;0,2662
,47,47,47,47,48,49,49,49,50,50,50,50,51,51,51,51,51,51,51,51,51,51,51,51,51,51,51,51,51,51,51,51,51,51,51,51,51,51,51,51,51,51,51,51,51,51,51,51,51,51,51,51,51,51,51,51,51,51,52,52,52,52,52,53,53,53,53,54,55,55,82,83,83,103,105
Fitness 79,91434, Gen ;0,8192;0,4972;0,1014;0,1247;0,1249;0,3738;0,0036;0,0954;0,9562;0,7641;0,5621;0,9995;0,144;0,9213;0,1139;0,9139;0,8915;0,5712;0,8672;0,3337;0,2662
,45,45,46,46,46,46,47,47,47,48,48,49,49,49,49,49,49,49,49,49,49,49,49,49,49,49,49,49,49,49,49,49,49,49,49,49,49,49,49,49,49,49,49,49,50,50,50,50,50,50,50,51,51,51,51,51,51,52,52,52,52,52,52,53,53,53,53,53,54,54,57,57,57,59,63
Fitness 72,446, Gen ;0,8192;0,4972;0,1014;0,1247;0,1249;0,3738;0,0036;0,0954;0,9562;0,7641;0,5621;0,9995;0,144;0,9213;0,1139;0,9139;0,8915;0,5712;0,8672;0,3337;0,2662
,38,38,38,38,39,39,39,39,39,40,40,40,41,41,41,41,41,41,41,41,41,41,41,41,41,41,41,41,41,41,41,41,41,41,41,41,41,41,41,41,41,41,42,42,42,42,42,42,42,42,42,42,42,42,42,42,43,43,43,43,43,43,43,44,44,44,44,44,44,45,45,45,46,46,46
Fitness 25,08453, Gen ;0,8192;0,4972;0,1014;0,1247;0,1249;0,3738;0,0036;0,0954;0,9562;0,7641;0,5621;0,9995;0,144;0,9213;0,1139;0,9139;0,8915;0,5712;0,8672;0,3337;0,2662
,43,43,43,44,44,45,45,45,45,46,46,46,46,46,46,46,46,46,46,46,46,46,46,46,46,46,46,46,46,46,46,46,46,46,46,46,47,47,47,47,47,47,47,47,47,47,47,47,47,47,47,47,47,48,48,49,49,49,50,50,50,50,50,50,51,51,51,51,52,52,53,53,53,58,62
Fitness 63,75764, Gen ;0,8192;0,4972;0,1014;0,1247;0,1249;0,3738;0,0036;0,0954;0,9562;0,7641;0,5621;0,9995;0,144;0,9213;0,1139;0,9139;0,8915;0,5712;0,8672;0,3337;0,2662
,43,43,43,44,44,44,44,44,44,44,44,44,44,44,44,44,44,44,44,44,44,44,44,44,44,44,44,44,44,44,44,44,44,44,44,44,44,44,44,44,44,44,44,44,44,44,44,44,44,44,45,45,45,45,45,45,45,45,45,45,45,46,46,46,46,46,46,47,47,47,48,48,48,52,56
Fitness 88,68012, Gen ;0,8192;0,4972;0,1014;0,1247;0,1249;0,3738;0,0036;0,0954;0,9562;0,7641;0,5621;0,9995;0,144;0,9213;0,1139;0,9139;0,8915;0,5712;0,8672;0,3337;0,2662
,42,44,44,44,44,44,44,45,45,45,45,45,45,45,45,45,45,45,45,45,45,45,45,45,45,45,45,45,46,46,46,46,46,46,46,46,46,46,46,46,46,46,46,46,46,46,46,46,46,47,47,47,47,47,47,47,47,47,47,47,47,48,48,48,48,49,49,49,49,50,50,50,51,51,54
Fitness 65,90736, Gen ;0,8192;0,4972;0,1014;0,1247;0,1249;0,3738;0,0036;0,0954;0,9562;0,7641;0,5621;0,9995;0,144;0,9213;0,1139;0,9139;0,8915;0,5712;0,8672;0,3337;0,2662
,37,39,39,39,39,39,39,39,39,39,39,39,39,39,39,39,39,39,39,39,39,39,39,40,40,40,40,40,40,40,40,40,40,40,40,40,40,40,40,40,40,40,40,40,40,40,40,40,40,40,40,40,41,41,41,41,41,41,41,41,41,41,41,41,41,42,42,42,42,42,42,43,43,43,45
Fitness 74,07716, Gen ;0,8192;0,4972;0,1014;0,1247;0,1249;0,3738;0,0036;0,0954;0,9562;0,7641;0,5621;0,9995;0,144;0,9213;0,1139;0,9139;0,8915;0,5712;0,8672;0,3337;0,2662
,47,49,49,49,50,50,50,50,50,50,50,50,50,50,50,50,50,50,50,50,50,50,50,50,50,50,50,50,50,50,50,50,50,50,50,50,50,50,50,50,50,50,50,50,50,50,50,50,50,51,51,51,51,51,51,51,52,52,52,52,52,52,53,53,53,53,53,53,53,54,54,55,55,57,62
Fitness 75,58868, Gen ;0,8192;0,4972;0,1014;0,1247;0,1249;0,3738;0,0036;0,0954;0,9562;0,7641;0,5621;0,9995;0,144;0,9213;0,1139;0,9139;0,8915;0,5712;0,8672;0,3337;0,2662
,59,60,60,60,60,60,62,62,62,63,63,63,63,63,63,63,63,63,63,63,63,63,63,63,63,63,64,64,64,64,64,64,64,64,64,64,64,64,64,64,64,64,64,64,64,64,65,65,65,65,65,65,65,65,65,65,65,65,65,65,65,66,66,66,67,68,68,70,70,70,74,75,76,76,78
Fitness 91,5267, Gen ;0,8192;0,4972;0,1014;0,1247;0,1249;0,3738;0,0036;0,0954;0,9562;0,7641;0,5621;0,9995;0,144;0,9213;0,1139;0,9139;0,8915;0,5712;0,8672;0,3337;0,2662
,36,36,37,37,37,39,39,39,39,39,39,39,39,39,39,39,39,39,39,39,39,39,39,39,39,39,39,39,39,39,39,39,39,39,39,39,39,39,40,40,40,40,40,40,40,40,40,40,40,40,40,40,40,40,40,40,40,40,40,40,40,40,40,40,40,41,41,41,41,41,41,41,41,78,79
Fitness 64,04128, Gen ;0,8192;0,4972;0,1014;0,1247;0,1249;0,3738;0,0036;0,0954;0,9562;0,7641;0,5621;0,9995;0,144;0,9213;0,1139;0,9139;0,8915;0,5712;0,8672;0,3337;0,2662
,36,36,38,38,38,38,38,38,38,38,38,38,38,38,38,38,38,38,38,38,38,38,38,38,38,38,38,38,38,38,38,38,38,38,38,38,38,38,38,39,39,39,39,39,39,39,39,39,39,39,39,39,39,39,39,39,39,39,39,39,39,39,39,40,40,40,40,40,40,40,40,40,42,42,42
Fitness 42,61463, Gen ;0,8192;0,4972;0,1014;0,1247;0,1249;0,3738;0,0036;0,0954;0,9562;0,7641;0,5621;0,9995;0,144;0,9213;0,1139;0,9139;0,8915;0,5712;0,8672;0,3337;0,2662
,44,45,45,45,45,46,47,47,47,47,48,48,48,48,48,48,48,48,48,48,48,48,48,48,48,48,48,48,48,48,48,48,48,48,48,48,48,48,48,48,48,48,48,48,48,48,48,49,49,49,49,49,49,49,49,49,49,49,49,49,49,50,50,50,51,51,51,52,52,52,52,53,54,54,56
Fitness 50,24379, Gen ;0,8192;0,4972;0,1014;0,1247;0,1249;0,3738;0,0036;0,0954;0,9562;0,7641;0,5621;0,9995;0,144;0,9213;0,1139;0,9139;0,8915;0,5712;0,8672;0,3337;0,2662
,36,37,37,37,37,37,37,37,37,37,37,38,38,38,38,38,38,38,38,38,38,38,38,38,38,38,38,38,38,38,38,38,38,38,38,38,38,38,38,38,38,38,38,38,38,38,38,38,38,39,39,39,39,39,39,39,39,39,39,39,39,39,39,40,40,40,40,40,40,40,40,41,41,41,41
Fitness 95,86683, Gen ;0,8192;0,4972;0,1014;0,1247;0,1249;0,3738;0,0036;0,0954;0,9562;0,7641;0,5621;0,9995;0,144;0,9213;0,1139;0,9139;0,8915;0,5712;0,8672;0,3337;0,2662
,52,52,52,52,52,53,54,54,54,54,54,54,55,55,55,55,55,55,55,55,55,55,55,55,55,55,55,55,55,55,55,55,55,55,55,55,55,55,55,55,55,55,56,56,56,56,56,56,56,56,56,56,56,56,57,57,57,57,58,58,58,58,58,59,59,60,60,60,60,61,61,64,65,69,71
Fitness 72,05849, Gen ;0,8192;0,4972;0,1014;0,1247;0,1249;0,3738;0,0036;0,0954;0,9562;0,7641;0,5621;0,9995;0,144;0,9213;0,1139;0,9139;0,8915;0,5712;0,8672;0,3337;0,2662
,56,56,56,57,57,58,59,59,59,59,59,59,59,59,59,59,59,59,59,59,59,59,59,59,59,59,59,59,59,59,59,59,59,59,59,59,59,59,59,59,59,59,60,60,60,60,60,60,60,60,60,60,60,60,60,60,61,61,61,61,61,61,61,62,62,62,62,62,62,62,62,63,64,64,67
Fitness 97,47784, Gen ;0,8192;0,4972;0,1014;0,1247;0,1249;0,3738;0,0036;0,0954;0,9562;0,7641;0,5621;0,9995;0,144;0,9213;0,1139;0,9139;0,8915;0,5712;0,8672;0,3337;0,2662
,35,35,35,35,35,35,36,37,37,37,37,37,37,37,37,37,37,37,37,37,37,38,38,38,38,38,38,38,38,38,38,38,38,38,38,38,38,38,38,38,38,38,39,39,39,39,39,39,39,39,39,39,39,39,39,39,40,40,40,40,40,40,40,40,40,40,40,40,40,40,40,40,41,42,42
Fitness 52,76769, Gen ;0,8192;0,4972;0,1014;0,1247;0,1249;0,3738;0,0036;0,0954;0,9562;0,7641;0,5621;0,9995;0,144;0,9213;0,1139;0,9139;0,8915;0,5712;0,8672;0,3337;0,2662
,42,43,43,43,43,43,43,43,43,43,43,43,43,43,43,43,43,43,43,43,43,43,43,43,43,43,44,44,44,44,44,44,44,44,44,44,44,44,44,44,44,44,44,44,44,44,44,44,44,44,44,44,44,44,45,45,45,45,45,45,45,45,45,45,45,45,45,45,45,45,45,45,46,46,50
Fitness 54,42537, Gen ;0,8192;0,4972;0,1014;0,1247;0,1249;0,3738;0,0036;0,0954;0,9562;0,7641;0,5621;0,9995;0,144;0,9213;0,1139;0,9139;0,8915;0,5712;0,8672;0,3337;0,2662
,36,37,38,38,38,38,38,38,38,38,38,38,38,38,38,38,38,38,38,38,38,38,38,38,38,38,38,38,38,38,38,38,38,38,38,38,38,38,39,39,39,39,39,39,39,39,39,39,39,39,39,39,39,39,39,39,39,39,39,39,39,39,39,40,40,40,40,40,40,40,40,40,40,40,43
Fitness 96,85163, Gen ;0,8192;0,4972;0,1014;0,1247;0,1249;0,3738;0,0036;0,0954;0,9562;0,7641;0,5621;0,9995;0,144;0,9213;0,1139;0,9139;0,8915;0,5712;0,8672;0,3337;0,2662
,41,42,43,43,43,44,44,45,45,45,45,45,45,45,45,45,45,45,45,45,45,45,45,45,45,45,45,45,45,45,45,45,45,45,45,45,45,45,45,45,45,45,45,45,45,45,45,45,45,45,45,45,45,46,46,46,46,46,46,46,46,47,47,48,49,49,49,50,51,53,53,53,54,54,55
Fitness 82,01524, Gen ;0,8192;0,4972;0,1014;0,1247;0,1249;0,3738;0,0036;0,0954;0,9562;0,7641;0,5621;0,9995;0,144;0,9213;0,1139;0,9139;0,8915;0,5712;0,8672;0,3337;0,2662
,40,40,40,41,42,42,43,43,43,43,43,43,43,43,43,43,43,43,43,43,43,43,43,43,43,43,43,43,43,43,43,43,43,43,43,43,43,43,43,43,43,44,44,44,44,44,44,44,44,44,44,44,44,44,45,45,45,45,45,45,45,46,46,46,46,46,46,46,46,47,49,49,49,50,50
Fitness 94,02283, Gen ;0,8192;0,4972;0,1014;0,1247;0,1249;0,3738;0,0036;0,0954;0,9562;0,7641;0,5621;0,9995;0,144;0,9213;0,1139;0,9139;0,8915;0,5712;0,8672;0,3337;0,2662
,38,39,39,40,40,40,41,41,41,41,41,41,42,42,42,42,42,42,42,42,42,42,42,42,42,42,42,42,42,42,42,42,42,42,42,42,42,42,42,42,42,42,42,42,42,42,42,42,42,42,42,42,42,42,42,42,42,42,42,42,42,43,43,43,43,43,43,43,43,44,45,84,84,96,98
Fitness 74,6951, Gen ;0,8192;0,4972;0,1014;0,1247;0,1249;0,3738;0,0036;0,0954;0,9562;0,7641;0,5621;0,9995;0,144;0,9213;0,1139;0,9139;0,8915;0,5712;0,8672;0,3337;0,2662
,36,36,36,37,37,37,37,37,37,37,37,37,37,37,37,37,37,37,37,37,37,37,37,37,37,37,37,37,37,38,38,38,38,38,38,38,38,38,38,38,38,38,38,38,38,38,38,38,38,38,38,38,38,38,38,38,38,38,38,38,38,38,38,39,39,39,39,39,39,39,39,40,40,40,41
Fitness 81,67943, Gen ;0,8192;0,4972;0,1014;0,1247;0,1249;0,3738;0,0036;0,0954;0,9562;0,7641;0,5621;0,9995;0,144;0,9213;0,1139;0,9139;0,8915;0,5712;0,8672;0,3337;0,2662
,38,38,38,38,40,40,41,41,41,41,41,41,41,41,41,41,41,41,41,41,41,41,41,41,41,41,42,42,42,42,42,42,42,42,42,42,42,42,42,42,42,42,42,42,42,42,42,43,43,43,43,43,43,44,44,44,44,44,44,44,44,44,44,44,44,45,45,45,45,45,45,45,45,46,46
Fitness 32,22174, Gen ;0,8192;0,4972;0,1014;0,1247;0,1249;0,3738;0,0036;0,0954;0,9562;0,7641;0,5621;0,9995;0,144;0,9213;0,1139;0,9139;0,8915;0,5712;0,8672;0,3337;0,2662
,51,51,51,51,52,53,53,54,54,54,54,54,54,55,55,55,55,55,55,55,55,55,55,55,55,55,55,55,55,55,55,55,55,55,55,55,55,55,55,55,55,55,55,55,55,55,55,55,55,55,55,55,55,55,55,55,55,55,55,55,55,55,55,55,56,56,88,88,88,95,96,97,98,98,99
Fitness 98,70171, Gen ;0,8192;0,4972;0,1014;0,1247;0,1249;0,3738;0,0036;0,0954;0,9562;0,7641;0,5621;0,9995;0,144;0,9213;0,1139;0,9139;0,8915;0,5712;0,8672;0,3337;0,2662
,62,62,62,62,62,62,62,63,65,65,65,65,65,65,65,65,65,65,65,65,65,65,65,65,65,65,65,65,65,65,65,65,65,65,66,66,66,66,66,66,66,66,66,66,66,66,66,66,66,66,67,67,67,67,67,67,67,67,68,68,68,68,69,69,69,69,69,70,70,70,71,71,73,77,78
Fitness 87,99367, Gen ;0,8192;0,4972;0,1014;0,1247;0,1249;0,3738;0,0036;0,0954;0,9562;0,7641;0,5621;0,9995;0,144;0,9213;0,1139;0,9139;0,8915;0,5712;0,8672;0,3337;0,2662
,47,47,47,48,49,49,49,49,50,50,50,50,50,50,50,50,50,50,50,50,50,50,50,50,50,50,50,50,50,50,50,50,50,50,51,51,51,51,51,51,51,51,51,51,51,51,51,51,51,51,51,52,52,52,52,52,52,52,52,53,53,53,53,53,53,54,54,54,55,55,55,55,56,56,61
Fitness 27,80085, Gen ;0,8192;0,4972;0,1014;0,1247;0,1249;0,3738;0,0036;0,0954;0,9562;0,7641;0,5621;0,9995;0,144;0,9213;0,1139;0,9139;0,8915;0,5712;0,8672;0,3337;0,2662
,57,57,57,57,58,58,58,60,60,60,60,60,60,60,60,60,60,60,60,60,60,60,60,60,60,60,60,60,60,60,60,60,60,61,61,61,61,61,61,61,61,61,61,61,61,61,61,61,61,61,62,62,62,62,62,62,62,62,63,63,63,63,63,64,65,66,66,67,67,67,68,70,71,71,71
Fitness 42,42039, Gen ;0,8192;0,4972;0,1014;0,1247;0,1249;0,3738;0,0036;0,0954;0,9562;0,7641;0,5621;0,9995;0,144;0,9213;0,1139;0,9139;0,8915;0,5712;0,8672;0,3337;0,2662
,48,48,48,48,48,49,49,49,50,51,51,51,51,51,51,51,52,52,52,52,52,52,52,52,52,52,52,52,52,52,52,52,52,52,52,52,52,52,52,52,52,52,52,52,52,52,52,52,52,52,52,52,52,53,53,54,54,54,54,54,55,55,55,55,55,55,56,56,57,57,58,58,58,62,69
Fitness 65,2453, Gen ;0,8192;0,4972;0,1014;0,1247;0,1249;0,3738;0,0036;0,0954;0,9562;0,7641;0,5621;0,9995;0,144;0,9213;0,1139;0,9139;0,8915;0,5712;0,8672;0,3337;0,2662
,46,46,46,46,46,48,48,49,49,49,49,49,49,49,49,49,49,49,49,49,49,49,49,49,49,49,49,49,49,49,49,49,49,49,49,49,49,49,49,49,49,49,49,49,49,49,50,50,50,50,50,50,50,50,51,51,51,51,51,52,52,52,53,53,53,53,53,53,54,54,54,55,55,55,56
Fitness 49,79295, Gen ;0,8192;0,4972;0,1014;0,1247;0,1249;0,3738;0,0036;0,0954;0,9562;0,7641;0,5621;0,9995;0,144;0,9213;0,1139;0,9139;0,8915;0,5712;0,8672;0,3337;0,2662
,43,43,43,44,44,44,44,44,44,45,45,46,46,47,47,47,48,48,48,48,48,48,48,48,48,48,48,48,48,48,49,49,49,49,49,49,49,49,49,49,49,49,49,49,49,49,49,49,49,49,49,49,49,49,49,49,49,49,49,49,49,49,49,49,50,50,107,107,107,109,110,111,112,112,157
Fitness 55,95999, Gen ;0,8192;0,4972;0,1014;0,1247;0,1249;0,3738;0,0036;0,0954;0,9562;0,7641;0,5621;0,9995;0,144;0,9213;0,1139;0,9139;0,8915;0,5712;0,8672;0,3337;0,2662
,48,49,50,50,50,50,50,50,50,50,50,50,50,50,50,50,50,50,50,50,50,50,50,50,50,50,50,50,50,50,50,50,50,50,50,50,50,50,50,50,50,50,51,51,51,51,51,51,51,51,51,51,51,51,51,51,51,51,51,51,51,51,51,52,52,52,52,52,53,54,54,54,54,54,58
Fitness 71,3401, Gen ;0,8192;0,4972;0,1014;0,1247;0,1249;0,3738;0,0036;0,0954;0,9562;0,7641;0,5621;0,9995;0,144;0,9213;0,1139;0,9139;0,8915;0,5712;0,8672;0,3337;0,2662
,39,39,41,41,42,42,42,42,42,42,42,42,42,42,42,42,42,42,42,42,42,42,42,42,42,42,42,42,42,42,42,42,42,42,42,42,42,42,42,42,42,42,42,42,42,42,42,42,42,42,42,42,43,43,43,43,43,43,43,43,43,43,43,43,43,43,43,43,83,88,88,88,93,110,112
Fitness 2,268589, Gen ;0,8192;0,4972;0,1014;0,1247;0,1249;0,3738;0,0036;0,0954;0,9562;0,7641;0,5621;0,9995;0,144;0,9213;0,1139;0,9139;0,8915;0,5712;0,8672;0,3337;0,2662
,94,94,94,95,95,95,97,97,97,97,97,97,97,97,97,97,97,97,97,97,97,97,97,97,97,97,97,98,98,98,98,98,98,98,98,98,98,98,98,98,98,98,98,98,98,98,98,98,98,98,98,98,98,99,99,99,99,99,99,99,99,99,99,100,100,100,100,100,100,101,102,102,102,106,110
Fitness 69,05864, Gen ;0,8192;0,4972;0,1014;0,1247;0,1249;0,3738;0,0036;0,0954;0,9562;0,7641;0,5621;0,9995;0,144;0,9213;0,1139;0,9139;0,8915;0,5712;0,8672;0,3337;0,2662
,37,38,38,38,39,39,39,39,39,39,39,39,39,39,39,39,39,39,39,39,39,39,39,39,39,39,39,39,39,39,39,39,39,39,39,39,40,40,40,40,40,40,40,40,40,40,40,40,40,40,40,40,40,40,40,41,41,41,41,41,41,41,41,41,41,41,42,42,42,42,42,43,43,43,46
Fitness 21,59565, Gen ;0,8192;0,4972;0,1014;0,1247;0,1249;0,3738;0,0036;0,0954;0,9562;0,7641;0,5621;0,9995;0,144;0,9213;0,1139;0,9139;0,8915;0,5712;0,8672;0,3337;0,2662
,40,40,40,40,40,41,41,41,41,42,42,42,42,42,42,42,42,42,42,42,42,42,43,43,43,43,43,43,43,43,43,43,43,43,43,43,43,43,43,43,43,43,43,43,43,43,43,43,43,43,44,44,44,44,44,44,44,44,44,45,45,45,45,45,45,45,46,46,46,46,46,46,46,47,52
Fitness 14,262, Gen ;0,8192;0,4972;0,1014;0,1247;0,1249;0,3738;0,0036;0,0954;0,9562;0,7641;0,5621;0,9995;0,144;0,9213;0,1139;0,9139;0,8915;0,5712;0,8672;0,3337;0,2662
,43,43,45,45,46,46,46,46,46,46,46,46,46,46,46,46,46,46,46,46,46,46,46,46,46,46,46,46,46,46,46,46,46,46,46,46,46,46,47,47,47,47,47,47,47,47,47,47,47,47,47,47,47,47,47,47,47,48,48,49,49,49,49,49,49,50,50,50,51,52,52,53,55,55,60
Fitness 90,25436, Gen ;0,8192;0,4972;0,1014;0,1247;0,1249;0,3738;0,0036;0,0954;0,9562;0,7641;0,5621;0,9995;0,144;0,9213;0,1139;0,9139;0,8915;0,5712;0,8672;0,3337;0,2662
,43,43,45,46,46,46,46,46,46,46,46,46,46,46,46,46,46,46,46,46,46,46,46,46,46,46,46,46,46,46,46,46,46,47,47,47,47,47,47,47,47,47,47,47,47,47,47,47,47,47,47,47,47,47,47,48,48,48,48,48,48,48,48,48,48,48,48,48,49,49,49,49,51,54,54
Fitness 80,18149, Gen ;0,8192;0,4972;0,1014;0,1247;0,1249;0,3738;0,0036;0,0954;0,9562;0,7641;0,5621;0,9995;0,144;0,9213;0,1139;0,9139;0,8915;0,5712;0,8672;0,3337;0,2662
,47,47,47,47,48,48,48,48,49,49,49,49,49,50,50,50,50,50,50,50,50,50,51,51,52,52,52,53,53,53,53,53,53,53,53,54,54,54,54,54,54,54,54,54,55,55,55,55,55,55,55,55,55,55,56,56,92,93,94,94,95,95,95,96,96,108,108,109,109,109,109,110,112,112,114
Fitness 68,07095, Gen ;0,8192;0,4972;0,1014;0,1247;0,1249;0,3738;0,0036;0,0954;0,9562;0,7641;0,5621;0,9995;0,144;0,9213;0,1139;0,9139;0,8915;0,5712;0,8672;0,3337;0,2662
,36,38,38,39,39,39,39,39,39,39,39,39,39,39,39,39,39,39,39,39,39,39,39,39,39,39,39,39,39,39,39,39,39,39,39,39,39,40,40,40,40,40,40,40,40,40,40,40,40,40,40,40,40,40,40,40,40,40,41,41,41,41,41,41,42,42,42,42,42,42,42,43,44,44,44
Fitness 75,73531, Gen ;0,8192;0,4972;0,1014;0,1247;0,1249;0,3738;0,0036;0,0954;0,9562;0,7641;0,5621;0,9995;0,144;0,9213;0,1139;0,9139;0,8915;0,5712;0,8672;0,3337;0,2662
,62,62,62,62,62,63,63,63,64,64,64,65,65,65,65,65,65,65,65,65,65,65,65,65,65,65,65,65,65,65,66,66,66,66,66,66,66,66,66,66,66,66,66,66,66,66,66,66,66,67,67,67,68,68,68,68,68,69,69,69,69,70,70,70,70,71,72,74,74,75,75,76,78,79,83
Fitness 17,84157, Gen ;0,8192;0,4972;0,1014;0,1247;0,1249;0,3738;0,0036;0,0954;0,9562;0,7641;0,5621;0,9995;0,144;0,9213;0,1139;0,9139;0,8915;0,5712;0,8672;0,3337;0,2662
,43,43,43,43,43,43,43,43,43,43,43,43,43,43,43,43,43,43,43,43,43,43,43,43,43,43,43,43,44,44,44,44,44,44,44,44,44,44,44,44,44,44,44,44,44,44,44,44,44,44,45,45,45,45,45,45,45,45,45,45,45,45,45,45,45,45,45,45,45,46,47,47,47,48,49
Fitness 91,8731, Gen ;0,8192;0,4972;0,1014;0,1247;0,1249;0,3738;0,0036;0,0954;0,9562;0,7641;0,5621;0,9995;0,144;0,9213;0,1139;0,9139;0,8915;0,5712;0,8672;0,3337;0,2662
,35,35,35,37,38,38,38,38,38,38,38,38,38,38,38,38,38,38,38,38,38,38,38,38,38,38,38,38,38,38,38,38,38,38,38,38,38,38,38,38,38,38,38,38,38,38,38,38,38,38,38,38,38,39,39,39,39,39,39,39,39,39,39,39,39,39,39,39,39,39,39,40,83,85,86
Fitness 37,49646, Gen ;0,8192;0,4972;0,1014;0,1247;0,1249;0,3738;0,0036;0,0954;0,9562;0,7641;0,5621;0,9995;0,144;0,9213;0,1139;0,9139;0,8915;0,5712;0,8672;0,3337;0,2662
,45,46,46,46,47,47,48,48,48,49,49,49,49,49,49,49,49,49,49,49,49,49,49,49,49,49,49,49,49,49,49,49,49,49,49,49,49,49,49,49,49,49,49,49,49,49,49,49,49,50,50,50,50,50,50,50,50,50,50,51,51,51,51,51,51,51,52,52,53,53,54,55,56,56,59
Fitness 83,53475, Gen ;0,8192;0,4972;0,1014;0,1247;0,1249;0,3738;0,0036;0,0954;0,9562;0,7641;0,5621;0,9995;0,144;0,9213;0,1139;0,9139;0,8915;0,5712;0,8672;0,3337;0,2662
,38,38,38,39,40,40,40,40,40,40,40,40,40,40,40,40,40,40,40,40,40,40,40,40,40,40,40,40,40,40,40,40,40,40,40,40,40,40,40,40,40,40,40,40,40,40,40,40,41,41,41,41,41,41,41,41,41,41,41,41,42,42,42,42,42,43,43,43,43,44,45,45,46,46,47
Fitness 44,19998, Gen ;0,8192;0,4972;0,1014;0,1247;0,1249;0,3738;0,0036;0,0954;0,9562;0,7641;0,5621;0,9995;0,144;0,9213;0,1139;0,9139;0,8915;0,5712;0,8672;0,3337;0,2662
,54,56,56,56,56,57,57,57,57,58,58,58,58,58,58,58,58,58,58,58,58,58,58,58,58,58,58,58,58,58,58,58,58,58,58,58,58,58,58,58,58,58,58,58,59,59,59,59,59,59,59,59,59,59,60,60,60,60,61,61,61,62,62,62,62,62,62,63,63,64,64,64,64,65,67
Fitness 68,18506, Gen ;0,8192;0,4972;0,1014;0,1247;0,1249;0,3738;0,0036;0,0954;0,9562;0,7641;0,5621;0,9995;0,144;0,9213;0,1139;0,9139;0,8915;0,5712;0,8672;0,3337;0,2662
,37,37,37,37,38,38,38,39,39,39,40,40,40,40,40,40,40,40,40,40,40,40,40,40,40,40,40,40,40,40,40,40,40,40,41,41,41,41,41,41,41,41,41,41,41,41,41,41,41,41,41,41,41,41,41,41,41,41,41,41,42,42,42,42,42,42,42,42,42,43,43,43,43,51,56
Fitness 88,0638, Gen ;0,8192;0,4972;0,1014;0,1247;0,1249;0,3738;0,0036;0,0954;0,9562;0,7641;0,5621;0,9995;0,144;0,9213;0,1139;0,9139;0,8915;0,5712;0,8672;0,3337;0,2662
,47,47,47,48,48,49,49,50,50,50,50,50,51,51,51,51,51,51,51,51,51,51,51,51,51,51,51,51,51,51,51,51,51,51,51,51,51,51,51,51,51,51,51,51,51,51,51,51,51,52,52,52,52,52,52,52,52,52,52,53,53,54,54,55,55,55,56,56,57,57,58,59,59,62,64
Fitness 55,34022, Gen ;0,8192;0,4972;0,1014;0,1247;0,1249;0,3738;0,0036;0,0954;0,9562;0,7641;0,5621;0,9995;0,144;0,9213;0,1139;0,9139;0,8915;0,5712;0,8672;0,3337;0,2662
,47,48,48,48,48,48,48,48,48,48,48,48,48,48,48,48,48,48,48,48,48,48,48,49,49,49,49,49,49,49,49,49,49,49,49,49,49,49,49,49,49,49,49,49,49,49,49,49,49,49,49,49,49,49,49,50,50,50,50,50,50,50,50,50,50,50,51,51,51,51,53,54,54,55,57
Fitness 75,90868, Gen ;0,8192;0,4972;0,1014;0,1247;0,1249;0,3738;0,0036;0,0954;0,9562;0,7641;0,5621;0,9995;0,144;0,9213;0,1139;0,9139;0,8915;0,5712;0,8672;0,3337;0,2662
,37,37,38,38,39,39,39,39,40,40,40,40,40,40,40,40,40,40,40,40,40,40,40,40,40,40,40,40,40,40,40,40,40,40,40,40,40,40,40,40,40,40,40,41,41,41,41,41,41,41,41,41,41,41,41,41,42,42,42,42,42,42,43,43,43,43,43,43,43,43,44,44,44,45,49
Fitness 61,49654, Gen ;0,8192;0,4972;0,1014;0,1247;0,1249;0,3738;0,0036;0,0954;0,9562;0,7641;0,5621;0,9995;0,144;0,9213;0,1139;0,9139;0,8915;0,5712;0,8672;0,3337;0,2662
,77,77,77,77,77,77,77,78,78,78,79,79,79,80,80,80,80,80,80,80,80,80,80,80,80,80,81,81,81,81,81,81,81,81,81,81,81,81,81,81,81,81,81,81,81,81,81,81,81,82,82,82,82,82,82,82,82,83,83,84,84,84,84,84,84,85,85,85,85,85,86,87,88,88,89
Fitness 69,9786, Gen ;0,8192;0,4972;0,1014;0,1247;0,1249;0,3738;0,0036;0,0954;0,9562;0,7641;0,5621;0,9995;0,144;0,9213;0,1139;0,9139;0,8915;0,5712;0,8672;0,3337;0,2662
,38,38,39,40,40,40,40,41,41,41,41,41,41,41,41,41,41,41,41,41,41,41,41,41,41,41,41,41,41,41,41,41,41,41,41,41,41,41,41,42,42,42,42,42,42,42,42,42,42,42,42,42,42,42,42,42,42,43,43,43,43,43,43,43,43,44,44,44,44,44,44,44,45,46,49
Fitness 85,08546, Gen ;0,8192;0,4972;0,1014;0,1247;0,1249;0,3738;0,0036;0,0954;0,9562;0,7641;0,5621;0,9995;0,144;0,9213;0,1139;0,9139;0,8915;0,5712;0,8672;0,3337;0,2662
,65,65,65,65,66,66,67,67,67,67,68,68,68,68,68,69,69,69,69,69,69,69,69,69,69,69,69,69,69,69,69,69,69,69,69,69,69,69,69,69,70,70,70,70,70,70,70,70,70,70,70,71,71,71,71,71,72,72,72,72,72,72,80,80,81,81,81,81,81,81,82,82,82,107,109
Fitness 28,72169, Gen ;0,8192;0,4972;0,1014;0,1247;0,1249;0,3738;0,0036;0,0954;0,9562;0,7641;0,5621;0,9995;0,144;0,9213;0,1139;0,9139;0,8915;0,5712;0,8672;0,3337;0,2662
,56,56,56,57,57,58,58,58,58,59,59,59,59,59,59,59,59,59,59,59,59,59,60,60,60,60,60,60,60,60,60,60,60,60,60,60,60,60,60,60,60,60,60,60,60,60,60,60,60,60,61,61,61,61,61,61,62,62,62,62,63,63,64,64,64,65,65,65,66,66,67,67,67,67,69
Fitness 84,87949, Gen ;0,8192;0,4972;0,1014;0,1247;0,1249;0,3738;0,0036;0,0954;0,9562;0,7641;0,5621;0,9995;0,144;0,9213;0,1139;0,9139;0,8915;0,5712;0,8672;0,3337;0,2662
,40,40,40,40,41,41,41,41,42,42,43,43,43,43,43,43,43,43,43,43,43,43,43,43,43,43,43,43,43,43,43,43,43,43,43,43,43,43,43,43,43,43,43,43,43,44,44,44,44,44,44,44,45,45,45,45,45,45,45,45,46,46,46,46,46,46,47,47,47,48,48,48,49,50,53
Fitness 19,51424, Gen ;0,8192;0,4972;0,1014;0,1247;0,1249;0,3738;0,0036;0,0954;0,9562;0,7641;0,5621;0,9995;0,144;0,9213;0,1139;0,9139;0,8915;0,5712;0,8672;0,3337;0,2662
,42,44,45,45,45,45,45,45,45,45,45,45,45,45,45,45,45,45,45,45,45,45,45,45,45,45,45,45,45,45,45,45,45,45,45,45,45,45,45,45,45,45,45,45,46,46,46,46,46,46,46,46,46,46,46,46,46,46,46,46,46,46,47,47,47,47,47,47,47,47,47,47,47,48,49
Fitness 52,06893, Gen ;0,8192;0,4972;0,1014;0,1247;0,1249;0,3738;0,0036;0,0954;0,9562;0,7641;0,5621;0,9995;0,144;0,9213;0,1139;0,9139;0,8915;0,5712;0,8672;0,3337;0,2662
,38,38,38,40,40,40,40,41,41,41,41,41,41,41,41,41,41,41,41,41,41,41,41,41,41,41,41,41,41,41,41,41,41,41,41,41,41,41,41,41,41,41,41,42,42,42,42,42,42,42,42,42,42,42,42,42,42,42,43,43,43,43,44,44,44,44,44,44,44,44,44,45,45,45,46
Fitness 78,63758, Gen ;0,8192;0,4972;0,1014;0,1247;0,1249;0,3738;0,0036;0,0954;0,9562;0,7641;0,5621;0,9995;0,144;0,9213;0,1139;0,9139;0,8915;0,5712;0,8672;0,3337;0,2662
,46,46,46,47,47,48,48,48,48,48,49,49,49,49,49,49,49,49,49,49,49,49,49,49,49,49,49,49,49,49,49,49,49,49,49,49,49,49,49,49,49,49,49,49,49,49,49,50,50,50,50,50,50,51,51,51,51,51,51,51,52,52,52,52,52,52,53,53,55,55,57,57,58,60,61
Fitness 82,64259, Gen ;0,8192;0,4972;0,1014;0,1247;0,1249;0,3738;0,0036;0,0954;0,9562;0,7641;0,5621;0,9995;0,144;0,9213;0,1139;0,9139;0,8915;0,5712;0,8672;0,3337;0,2662
,33,33,34,35,35,36,36,36,36,36,36,36,36,36,36,36,36,36,36,36,36,36,36,37,37,37,37,37,37,37,37,37,37,37,37,37,37,37,37,37,37,37,37,37,37,37,37,37,37,37,37,37,37,37,37,37,37,37,37,38,38,38,38,38,38,38,38,38,39,39,39,39,40,40,41
Fitness 87,97782, Gen ;0,8192;0,4972;0,1014;0,1247;0,1249;0,3738;0,0036;0,0954;0,9562;0,7641;0,5621;0,9995;0,144;0,9213;0,1139;0,9139;0,8915;0,5712;0,8672;0,3337;0,2662
,56,56,56,56,56,56,57,57,57,58,58,59,59,59,59,59,59,59,59,60,60,60,60,60,60,60,60,60,60,60,60,60,60,60,60,60,60,60,60,60,60,60,60,60,60,60,60,60,60,60,60,60,61,61,61,61,61,61,62,62,63,65,65,66,66,66,66,67,68,95,96,97,98,102,108
Fitness 65,80586, Gen ;0,8192;0,4972;0,1014;0,1247;0,1249;0,3738;0,0036;0,0954;0,9562;0,7641;0,5621;0,9995;0,144;0,9213;0,1139;0,9139;0,8915;0,5712;0,8672;0,3337;0,2662
,45,45,45,46,46,46,46,47,47,47,48,48,48,48,48,48,48,48,48,48,48,48,48,48,48,48,48,48,48,48,48,48,48,48,48,48,48,48,48,48,48,48,48,48,48,48,49,49,49,49,49,50,50,50,50,50,50,50,51,51,51,51,52,52,52,52,52,53,53,54,54,54,55
Fitness 99,32836, Gen ;0,8192;0,4972;0,1014;0,1247;0,1249;0,3738;0,0036;0,0954;0,9562;0,7641;0,5621;0,9995;0,144;0,9213;0,1139;0,9139;0,8915;0,5712;0,8672;0,3337;0,2662
,88,88,88,88,88,88,89,89,90,90,90,91,91,91,91,91,91,91,91,91,91,91,91,91,91,91,91,91,91,91,91,91,91,91,91,91,92,92,92,92,92,92,92,92,92,92,92,92,92,92,92,92,92,92,92,92,92,92,92,92,92,92,92,93,93,93,93,104,121,122,122,123,124,125,126
Fitness 21,34776, Gen ;0,8192;0,4972;0,1014;0,1247;0,1249;0,3738;0,0036;0,0954;0,9562;0,7641;0,5621;0,9995;0,144;0,9213;0,1139;0,9139;0,8915;0,5712;0,8672;0,3337;0,2662
,39,40,40,40,41,41,42,42,42,42,42,42,42,42,42,42,42,42,42,42,42,42,42,42,42,42,42,42,42,42,42,42,42,42,42,42,42,42,43,43,43,43,43,43,43,43,43,43,43,43,43,43,43,43,43,43,43,43,43,44,44,45,45,45,45,45,45,45,45,45,45,47,48,52,52
Fitness 3,990905E-05, Gen ;0,8192;0,4972;0,1014;0,1247;0,1249;0,3738;0,0036;0,0954;0,9562;0,7641;0,5621;0,9995;0,144;0,9213;0,1139;0,9139;0,8915;0,5712;0,8672;0,3337;0,2662
,37,37,37,38,38,38,39,39,40,41,41,41,41,41,41,41,41,41,42,42,42,42,42,42,42,42,42,42,42,42,42,42,42,42,42,42,42,42,42,42,42,42,42,42,42,42,42,42,42,42,42,42,42,42,42,42,42,42,42,42,42,42,42,42,42,42,43,43,85,85,85,107,107,110,111
Fitness 8,772968, Gen ;0,8192;0,4972;0,1014;0,1247;0,1249;0,3738;0,0036;0,0954;0,9562;0,7641;0,5621;0,9995;0,144;0,9213;0,1139;0,9139;0,8915;0,5712;0,8672;0,3337;0,2662
,40,40,41,41,42,42,42,43,43,43,43,43,43,43,43,43,43,43,43,43,43,43,43,43,43,43,43,43,43,43,43,43,43,43,43,43,43,43,43,43,43,43,43,44,44,44,44,44,44,44,44,44,44,44,44,44,44,44,44,44,45,45,45,45,45,45,45,45,46,46,46,46,47,49,49
Fitness 79,58579, Gen ;0,8192;0,4972;0,1014;0,1247;0,1249;0,3738;0,0036;0,0954;0,9562;0,7641;0,5621;0,9995;0,144;0,9213;0,1139;0,9139;0,8915;0,5712;0,8672;0,3337;0,2662
,40,40,40,40,40,41,41,41,41,41,41,41,41,41,41,41,41,41,41,41,41,41,41,41,41,41,41,41,41,41,41,41,41,41,41,41,41,41,41,41,41,42,42,42,42,42,42,42,42,42,42,42,42,42,42,42,42,42,42,42,42,42,42,43,43,43,43,43,43,43,43,43,43,43,47
Fitness 22,57568, Gen ;0,8192;0,4972;0,1014;0,1247;0,1249;0,3738;0,0036;0,0954;0,9562;0,7641;0,5621;0,9995;0,144;0,9213;0,1139;0,9139;0,8915;0,5712;0,8672;0,3337;0,2662
,40,41,41,41,41,41,41,41,41,41,41,41,41,41,41,41,41,41,41,41,41,41,41,41,41,41,41,41,41,41,41,41,41,41,41,41,41,41,41,41,41,41,41,41,41,41,41,42,42,42,42,42,42,42,42,42,42,42,42,42,42,42,43,43,43,43,43,43,43,43,43,44,44,44,45
Fitness 83,51368, Gen ;0,8192;0,4972;0,1014;0,1247;0,1249;0,3738;0,0036;0,0954;0,9562;0,7641;0,5621;0,9995;0,144;0,9213;0,1139;0,9139;0,8915;0,5712;0,8672;0,3337;0,2662
,42,43,43,43,43,43,44,44,44,44,44,44,44,44,44,44,44,44,44,44,44,44,44,44,44,44,44,45,45,45,45,45,45,45,45,45,45,45,45,45,45,45,45,45,45,45,45,45,45,45,45,45,45,46,46,46,46,46,46,46,46,46,46,46,47,47,47,47,47,47,47,48,48,49,50
Fitness 87,71164, Gen ;0,8192;0,4972;0,1014;0,1247;0,1249;0,3738;0,0036;0,0954;0,9562;0,7641;0,5621;0,9995;0,144;0,9213;0,1139;0,9139;0,8915;0,5712;0,8672;0,3337;0,2662
,45,45,45,46,46,47,47,47,48,48,48,48,48,48,48,48,48,48,48,48,48,48,48,48,48,48,48,48,48,48,48,48,48,48,48,48,48,48,48,48,48,48,48,48,48,49,49,49,49,49,49,49,49,49,49,49,49,49,49,49,49,49,49,49,49,49,49,49,49,90,90,91,91,94,96
Fitness 90,04345, Gen ;0,8192;0,4972;0,1014;0,1247;0,1249;0,3738;0,0036;0,0954;0,9562;0,7641;0,5621;0,9995;0,144;0,9213;0,1139;0,9139;0,8915;0,5712;0,8672;0,3337;0,2662
,49,49,50,51,51,51,51,51,51,51,51,52,52,52,52,52,52,52,52,52,52,52,52,52,52,52,52,52,52,52,52,52,52,52,52,52,52,52,52,52,52,52,53,53,53,53,53,53,53,53,53,53,53,54,55,55,55,55,55,55,56,56,56,56,57,57,57,57,57,57,58,59,59,60,64
Fitness 81,88015, Gen ;0,8192;0,4972;0,1014;0,1247;0,1249;0,3738;0,0036;0,0954;0,9562;0,7641;0,5621;0,9995;0,144;0,9213;0,1139;0,9139;0,8915;0,5712;0,8672;0,3337;0,2662
,45,45,45,45,45,45,46,46,46,46,46,47,47,48,48,48,49,49,49,49,50,50,50,50,50,51,51,51,52,52,52,52,52,52,53,53,53,53,62,62,63,63,63,63,63,63,63,64,64,64,64,64,64,64,64,65,99,101,101,101,102,107,108,108,108,108,109,111,111,111
Fitness 32,30521, Gen ;0,8192;0,4972;0,1014;0,1247;0,1249;0,3738;0,0036;0,0954;0,9562;0,7641;0,5621;0,9995;0,144;0,9213;0,1139;0,9139;0,8915;0,5712;0,8672;0,3337;0,2662
,39,39,41,41,41,41,42,42,42,42,42,42,42,42,42,42,42,42,42,42,42,42,42,42,42,42,42,42,42,42,42,42,42,42,42,42,42,42,42,42,42,42,42,42,43,43,43,43,43,43,43,43,43,43,43,43,44,44,44,44,44,44,44,44,44,44,44,45,45,45,45,45,45,45,45
Fitness 60,97256, Gen ;0,8192;0,4972;0,1014;0,1247;0,1249;0,3738;0,0036;0,0954;0,9562;0,7641;0,5621;0,9995;0,144;0,9213;0,1139;0,9139;0,8915;0,5712;0,8672;0,3337;0,2662
,44,44,44,44,44,44,44,44,44,44,44,44,44,44,44,44,44,44,44,44,44,44,44,44,44,44,44,44,44,44,44,44,45,45,45,45,45,45,45,45,45,45,45,45,45,45,45,45,45,45,45,45,46,46,46,46,46,46,46,46,46,46,46,46,47,47,47,47,47,48,48,48,48,49,50
Fitness 0,000140158, Gen ;0,8192;0,4972;0,1014;0,1247;0,1249;0,3738;0,0036;0,0954;0,9562;0,7641;0,5621;0,9995;0,144;0,9213;0,1139;0,9139;0,8915;0,5712;0,8672;0,3337;0,2662
,38,39,39,39,39,39,39,40,40,40,40,40,40,40,40,40,40,40,40,40,40,40,40,40,40,40,40,40,40,40,40,40,40,40,40,40,40,40,40,40,40,40,40,40,40,40,40,41,41,41,41,41,41,41,41,41,41,41,41,41,41,42,42,42,42,42,42,42,42,42,42,42,43,43,43
Fitness 88,90131, Gen ;0,8192;0,4972;0,1014;0,1247;0,1249;0,3738;0,0036;0,0954;0,9562;0,7641;0,5621;0,9995;0,144;0,9213;0,1139;0,9139;0,8915;0,5712;0,8672;0,3337;0,2662
,39,40,40,40,40,40,40,40,40,40,40,40,40,40,40,40,40,40,40,40,40,40,40,40,40,40,40,40,40,40,40,41,41,41,41,41,41,41,41,41,41,41,41,41,41,41,41,41,41,41,41,41,41,41,41,42,42,42,42,42,42,42,42,43,43,43,43,43,43,44,45,45,45,46,50
Fitness 81,52751, Gen ;0,8192;0,4972;0,1014;0,1247;0,1249;0,3738;0,0036;0,0954;0,9562;0,7641;0,5621;0,9995;0,144;0,9213;0,1139;0,9139;0,8915;0,5712;0,8672;0,3337;0,2662
,71,71,71,71,71,71,71,71,72,72,74,74,74,74,74,74,74,74,74,74,74,74,75,75,75,75,75,75,75,75,75,75,75,75,75,75,75,75,75,75,76,76,76,76,76,76,76,76,77,77,78,78,78,78,78,79,79,80,80,80,80,80,80,126,127,127,127,127,128,129,130,130,130,132,137
Fitness 92,83475, Gen ;0,8192;0,4972;0,1014;0,1247;0,1249;0,3738;0,0036;0,0954;0,9562;0,7641;0,5621;0,9995;0,144;0,9213;0,1139;0,9139;0,8915;0,5712;0,8672;0,3337;0,2662
,44,44,44,44,44,44,44,45,45,45,45,46,46,46,46,47,47,47,48,48,48,49,49,49,49,49,49,49,49,49,49,49,49,50,50,50,50,50,50,50,50,50,50,50,50,50,50,50,50,50,50,50,50,50,50,50,50,50,50,50,50,50,50,50,51,52,112,112,112,113,113,144,148,151,151
Fitness 83,41564, Gen ;0,8192;0,4972;0,1014;0,1247;0,1249;0,3738;0,0036;0,0954;0,9562;0,7641;0,5621;0,9995;0,144;0,9213;0,1139;0,9139;0,8915;0,5712;0,8672;0,3337;0,2662
,42,42,45,45,45,45,46,46,46,46,46,46,46,46,46,46,46,46,46,46,46,46,46,46,46,46,46,46,46,46,46,46,46,46,46,46,46,46,46,46,46,46,46,46,46,46,47,47,47,47,47,47,47,47,47,47,47,47,47,47,48,48,48,48,48,49,49,49,49,51,52,52,53,53,54
Fitness 6,329753, Gen ;0,8192;0,4972;0,1014;0,1247;0,1249;0,3738;0,0036;0,0954;0,9562;0,7641;0,5621;0,9995;0,144;0,9213;0,1139;0,9139;0,8915;0,5712;0,8672;0,3337;0,2662
,65,65,65,66,66,66,66,66,67,67,67,68,68,68,69,69,69,69,69,69,69,69,69,69,69,69,69,69,69,69,69,69,69,69,69,69,69,69,69,69,69,69,69,69,69,69,69,70,70,70,70,70,70,71,71,71,71,72,73,73,73,73,73,73,74,74,74,74,75,76,76,77,77,78,80
Fitness 3,559459, Gen ;0,8192;0,4972;0,1014;0,1247;0,1249;0,3738;0,0036;0,0954;0,9562;0,7641;0,5621;0,9995;0,144;0,9213;0,1139;0,9139;0,8915;0,5712;0,8672;0,3337;0,2662
,44,46,46,46,47,47,47,47,47,47,47,47,47,47,47,47,47,47,47,47,47,47,47,47,47,47,47,47,47,47,47,48,48,48,48,48,48,48,48,48,48,48,48,48,48,48,48,48,48,48,48,48,48,48,48,48,48,48,48,48,48,48,48,48,49,49,49,49,49,49,49,49,49,49,50
Fitness 75,87088, Gen ;0,8192;0,4972;0,1014;0,1247;0,1249;0,3738;0,0036;0,0954;0,9562;0,7641;0,5621;0,9995;0,144;0,9213;0,1139;0,9139;0,8915;0,5712;0,8672;0,3337;0,2662
,61,61,61,61,61,62,62,62,62,62,63,63,63,63,63,63,64,64,64,64,64,64,64,64,64,64,64,64,64,64,64,64,65,65,65,65,65,65,65,65,65,65,65,65,65,65,65,65,65,65,65,66,66,66,66,66,66,66,67,67,67,67,67,68,68,68,68,69,70,70,70,72,74,75,76
Fitness 39,02062, Gen ;0,8192;0,4972;0,1014;0,1247;0,1249;0,3738;0,0036;0,0954;0,9562;0,7641;0,5621;0,9995;0,144;0,9213;0,1139;0,9139;0,8915;0,5712;0,8672;0,3337;0,2662
,48,48,48,48,48,49,49,49,49,49,50,50,51,51,52,52,52,52,53,53,53,53,53,53,53,54,54,54,54,54,54,54,54,54,54,54,54,54,54,54,54,54,54,54,54,54,54,54,54,54,54,54,54,54,54,54,54,55,55,55,55,55,55,55,155,155,158,158,158,158,159,160,160,161,163
Fitness 79,18698, Gen ;0,8192;0,4972;0,1014;0,1247;0,1249;0,3738;0,0036;0,0954;0,9562;0,7641;0,5621;0,9995;0,144;0,9213;0,1139;0,9139;0,8915;0,5712;0,8672;0,3337;0,2662
,46,46,47,47,47,47,47,48,48,48,48,49,49,49,50,50,50,50,50,50,50,50,50,50,50,50,50,50,50,50,50,50,50,50,50,50,50,50,50,50,50,50,50,50,50,50,50,50,51,51,51,52,52,52,52,52,53,53,53,53,53,54,54,54,54,55,55,55,55,55,56,56,57,58,58
Fitness 43,76777, Gen ;0,8192;0,4972;0,1014;0,1247;0,1249;0,3738;0,0036;0,0954;0,9562;0,7641;0,5621;0,9995;0,144;0,9213;0,1139;0,9139;0,8915;0,5712;0,8672;0,3337;0,2662
,50,51,51,51,52,52,52,53,53,53,53,53,53,53,53,53,53,53,53,53,53,53,53,53,54,54,54,54,54,54,54,54,54,54,54,54,54,54,54,54,54,54,54,54,54,54,54,54,54,54,54,54,55,55,55,56,56,56,56,57,57,58,58,58,58,58,59,59,59,60,60,61,61,63,63
Fitness 1,090787, Gen ;0,8192;0,4972;0,1014;0,1247;0,1249;0,3738;0,0036;0,0954;0,9562;0,7641;0,5621;0,9995;0,144;0,9213;0,1139;0,9139;0,8915;0,5712;0,8672;0,3337;0,2662
,54,54,54,54,54,55,55,55,55,55,55,56,57,57,57,57,57,57,57,57,57,57,58,58,58,58,58,58,58,58,58,58,58,58,58,58,58,58,58,58,58,58,58,58,58,58,58,58,58,58,59,59,59,59,60,60,60,60,61,61,61,62,62,63,63,63,63,63,63,64,64,65,66,67,72
