	75Ginelli ovc
	5 AI1 ovcarjev
Generacija 1, Fitness 17,77893, Gen ;0,4584;0,6946;0,9336;0,3757;0,2791;0,1039;0,6433;0,1295;0,6886;0,2099;0,9018;0,4663;0,7292;0,1113;0,5097;0,751;0,5262;0,7717;0,1992;0,2657;0,0204
,94,94,94,95,95,95,95,95,95,95,95,95,95,95,96,96,96,96,96,96,97,97,97,97,97,97,97,98,98,98,98,98,98,98,98,98,99,99,99,99,99,99,99,100,100,100,100,100,101,101,101,101,101,101,101,101,101,101,101,101,101,101,101,101,101,101,101,101,101,101,101,101,101,101,101
Generacija 1, Fitness 54,51028, Gen ;0,8435;0,414;0,4864;0,7629;0,2253;0,2232;0,3257;0,5672;0,5567;0,5506;0,4475;0,0359;0,0219;0,6786;0,3911;0,2768;0,5413;0,6144;0,1013;0,9927;0,3587
,34,34,35,35,35,35,35,35,35,35,35,35,35,35,35,35,35,35,35,35,35,35,35,35,36,36,36,36,36,36,36,36,36,36,37,37,37,37,37,37,37,37,37,37,37,37,37,38,38,38,38,38,38,38,38,38,38,38,38,38,38,38,38,38,38,38,38,39,39,39,39,39,40,69,76
Generacija 1, Fitness 70,37262, Gen ;0,8435;0,414;0,4864;0,7629;0,2253;0,2232;0,3257;0,5672;0,5567;0,5506;0,4475;0,0359;0,0219;0,6786;0,3911;0,2768;0,5413;0,6144;0,1013;0,9927;0,3587
,43,43,43,43,43,44,44,44,44,44,44,44,44,44,44,44,45,45,45,45,46,46,46,46,46,47,47,47,47,47,47,47,47,47,47,47,47,47,47,48,48,48,48,48,48,48,48,48,48,48,48,48,48,48,48,48,48,48,48,48,49,49,49,49,49,49,49,49,49,52,52,53,53,53,58
Generacija 1, Fitness 45,04107, Gen ;0,8435;0,414;0,4864;0,7629;0,2253;0,2232;0,3257;0,5672;0,5567;0,5506;0,4475;0,0359;0,0219;0,6786;0,3911;0,2768;0,5413;0,6144;0,1013;0,9927;0,3587
,68,68,68,68,68,68,68,68,68,68,68,68,68,68,68,69,69,69,69,69,69,69,69,69,69,69,69,69,69,69,69,69,69,69,69,69,69,69,70,70,70,70,70,70,70,70,70,70,70,70,70,70,70,70,70,70,70,70,70,70,70,70,71,71,71,71,71,71,71,71,71,72,72,72,73
Generacija 1, Fitness 95,46194, Gen ;0,8435;0,414;0,4864;0,7629;0,2253;0,2232;0,3257;0,5672;0,5567;0,5506;0,4475;0,0359;0,0219;0,6786;0,3911;0,2768;0,5413;0,6144;0,1013;0,9927;0,3587
,37,37,37,37,37,37,37,37,37,37,37,37,37,37,37,37,37,37,37,38,38,38,38,38,38,38,38,38,38,38,39,39,39,39,39,39,39,39,39,39,39,39,39,39,39,39,39,39,39,39,39,39,40,40,40,40,40,40,40,40,40,40,40,40,40,40,40,40,41,41,41,41,41,41,42
Generacija 1, Fitness 79,14186, Gen ;0,8435;0,414;0,4864;0,7629;0,2253;0,2232;0,3257;0,5672;0,5567;0,5506;0,4475;0,0359;0,0219;0,6786;0,3911;0,2768;0,5413;0,6144;0,1013;0,9927;0,3587
,39,39,40,41,41,41,41,41,41,41,42,42,42,42,42,42,42,42,42,42,42,42,42,42,42,42,42,42,42,42,42,42,42,42,42,43,43,43,43,44,44,44,44,44,44,44,44,44,44,44,44,45,45,45,45,45,45,45,45,45,45,45,45,45,46,46,46,47,47,48,48,48,48,49,52
Generacija 1, Fitness 57,25572, Gen ;0,8435;0,414;0,4864;0,7629;0,2253;0,2232;0,3257;0,5672;0,5567;0,5506;0,4475;0,0359;0,0219;0,6786;0,3911;0,2768;0,5413;0,6144;0,1013;0,9927;0,3587
,52,52,52,52,52,53,53,53,53,53,53,53,54,55,55,55,55,55,55,55,55,56,56,56,56,56,56,56,57,57,57,57,57,57,57,58,58,58,58,58,58,58,58,58,58,58,58,59,59,59,59,59,59,59,59,59,60,60,60,60,60,60,62,62,62,62,64,64,64,64,64,64,64,64,65
Generacija 1, Fitness 93,59438, Gen ;0,8435;0,414;0,4864;0,7629;0,2253;0,2232;0,3257;0,5672;0,5567;0,5506;0,4475;0,0359;0,0219;0,6786;0,3911;0,2768;0,5413;0,6144;0,1013;0,9927;0,3587
,37,37,37,37,37,37,37,37,37,38,38,38,38,38,38,38,38,38,38,38,38,38,38,38,38,38,39,39,39,39,39,39,39,39,39,39,39,39,39,39,39,39,39,39,39,39,39,39,39,40,40,40,40,40,40,40,40,40,40,40,40,40,40,41,41,41,41,41,41,41,41,42,42,42,43
Generacija 1, Fitness 88,24603, Gen ;0,8435;0,414;0,4864;0,7629;0,2253;0,2232;0,3257;0,5672;0,5567;0,5506;0,4475;0,0359;0,0219;0,6786;0,3911;0,2768;0,5413;0,6144;0,1013;0,9927;0,3587
,41,41,41,41,42,42,42,42,42,42,42,42,42,42,42,42,42,42,43,43,43,43,43,43,43,43,43,43,43,43,43,43,43,43,43,44,44,44,44,44,44,44,44,44,44,44,44,44,44,44,44,44,44,44,44,44,44,44,44,44,44,44,44,44,44,44,44,44,44,45,45,45,45,45,45
Generacija 1, Fitness 11,43416, Gen ;0,8435;0,414;0,4864;0,7629;0,2253;0,2232;0,3257;0,5672;0,5567;0,5506;0,4475;0,0359;0,0219;0,6786;0,3911;0,2768;0,5413;0,6144;0,1013;0,9927;0,3587
,40,41,41,41,41,41,41,41,41,41,41,41,41,41,41,41,41,41,41,41,41,41,41,41,41,41,41,41,41,41,41,42,42,42,42,42,42,42,42,42,42,42,42,42,42,42,42,42,42,42,42,43,43,43,43,43,43,43,43,43,43,43,43,44,44,44,44,44,44,44,44,44,44,44,131
Generacija 1, Fitness 40,92946, Gen ;0,8435;0,414;0,4864;0,7629;0,2253;0,2232;0,3257;0,5672;0,5567;0,5506;0,4475;0,0359;0,0219;0,6786;0,3911;0,2768;0,5413;0,6144;0,1013;0,9927;0,3587
,39,39,40,40,40,40,40,40,40,40,40,40,40,40,40,40,40,40,40,40,40,40,40,40,40,40,40,40,41,41,41,41,41,41,41,41,41,41,41,41,41,41,41,41,41,41,41,41,41,41,41,41,41,41,41,41,41,42,42,42,42,42,43,43,43,43,43,43,44,45,64,69,69,85,88
Generacija 1, Fitness 4,602443, Gen ;0,8435;0,414;0,4864;0,7629;0,2253;0,2232;0,3257;0,5672;0,5567;0,5506;0,4475;0,0359;0,0219;0,6786;0,3911;0,2768;0,5413;0,6144;0,1013;0,9927;0,3587
,41,41,41,42,43,43,43,44,44,44,44,44,44,44,44,44,44,44,44,44,44,44,44,44,44,45,45,45,45,45,45,45,45,45,45,45,45,45,45,45,45,45,45,45,45,45,45,46,46,46,46,46,46,46,46,46,46,46,47,47,47,47,47,48,48,48,48,49,49,49,50,50,50,50,149
Generacija 1, Fitness 88,60674, Gen ;0,8435;0,414;0,4864;0,7629;0,2253;0,2232;0,3257;0,5672;0,5567;0,5506;0,4475;0,0359;0,0219;0,6786;0,3911;0,2768;0,5413;0,6144;0,1013;0,9927;0,3587
,41,41,41,41,41,41,41,41,41,41,41,41,41,41,42,42,42,42,42,42,42,42,42,42,42,42,42,42,43,43,43,43,43,43,43,43,43,43,43,43,43,43,43,43,43,43,43,43,43,43,43,43,44,44,44,44,44,44,44,44,44,44,44,44,44,44,44,44,44,44,44,44,45,45,45
Generacija 1, Fitness 83,72452, Gen ;0,8435;0,414;0,4864;0,7629;0,2253;0,2232;0,3257;0,5672;0,5567;0,5506;0,4475;0,0359;0,0219;0,6786;0,3911;0,2768;0,5413;0,6144;0,1013;0,9927;0,3587
,39,40,40,40,40,40,40,41,41,41,41,41,42,42,42,42,42,42,42,42,42,42,42,42,43,43,43,43,43,43,43,43,43,43,43,43,43,43,43,44,44,44,44,44,44,44,44,44,44,44,44,44,44,44,44,44,44,44,44,44,45,45,45,46,46,46,46,46,46,46,46,48,48,48,49
Generacija 1, Fitness 59,97747, Gen ;0,8435;0,414;0,4864;0,7629;0,2253;0,2232;0,3257;0,5672;0,5567;0,5506;0,4475;0,0359;0,0219;0,6786;0,3911;0,2768;0,5413;0,6144;0,1013;0,9927;0,3587
,48,48,48,48,49,49,50,50,50,51,51,51,51,51,52,52,52,53,53,53,53,53,53,53,53,54,54,54,54,54,54,54,54,54,55,55,55,56,56,56,56,56,57,57,57,57,57,57,58,58,58,58,59,59,60,60,60,60,60,60,60,60,61,61,61,61,61,61,62,62,63,63,63,63,63
Generacija 1, Fitness 61,31633, Gen ;0,8435;0,414;0,4864;0,7629;0,2253;0,2232;0,3257;0,5672;0,5567;0,5506;0,4475;0,0359;0,0219;0,6786;0,3911;0,2768;0,5413;0,6144;0,1013;0,9927;0,3587
,46,46,47,48,48,48,48,48,48,48,48,49,49,49,49,49,49,49,49,49,49,49,49,49,49,49,49,49,49,49,49,49,49,49,49,49,50,50,50,50,51,51,51,51,51,51,51,51,51,52,52,52,52,52,53,53,53,53,53,54,54,54,54,55,56,56,57,57,58,58,63,63,63,63,64
Generacija 1, Fitness 46,37555, Gen ;0,8435;0,414;0,4864;0,7629;0,2253;0,2232;0,3257;0,5672;0,5567;0,5506;0,4475;0,0359;0,0219;0,6786;0,3911;0,2768;0,5413;0,6144;0,1013;0,9927;0,3587
,66,68,68,68,68,68,68,68,68,68,68,68,68,68,69,69,69,69,69,69,69,69,69,69,69,69,69,69,69,69,69,69,69,69,69,69,69,69,69,70,70,70,70,70,70,70,70,70,70,70,70,70,70,70,70,70,70,70,70,70,70,70,70,70,70,70,70,70,70,71,71,71,71,71,71
Generacija 1, Fitness 69,42889, Gen ;0,8435;0,414;0,4864;0,7629;0,2253;0,2232;0,3257;0,5672;0,5567;0,5506;0,4475;0,0359;0,0219;0,6786;0,3911;0,2768;0,5413;0,6144;0,1013;0,9927;0,3587
,45,46,46,46,46,46,46,46,46,46,46,46,46,46,46,46,46,46,46,46,46,46,46,46,46,47,47,47,47,47,47,47,47,47,47,47,47,47,47,47,47,47,47,48,48,48,48,48,48,48,48,48,48,48,49,49,49,49,49,49,49,49,49,49,49,49,49,49,49,49,49,52,53,56,59
Generacija 1, Fitness 85,2579, Gen ;0,8435;0,414;0,4864;0,7629;0,2253;0,2232;0,3257;0,5672;0,5567;0,5506;0,4475;0,0359;0,0219;0,6786;0,3911;0,2768;0,5413;0,6144;0,1013;0,9927;0,3587
,36,36,37,37,37,37,37,37,37,37,37,37,37,37,37,37,37,37,37,37,37,37,37,37,37,37,37,37,37,37,38,38,38,38,38,38,38,39,39,39,39,39,39,39,39,39,39,39,39,39,39,40,40,40,40,40,40,40,40,40,40,40,40,40,40,40,41,41,41,41,41,42,44,45,50
Generacija 1, Fitness 25,54499, Gen ;0,8435;0,414;0,4864;0,7629;0,2253;0,2232;0,3257;0,5672;0,5567;0,5506;0,4475;0,0359;0,0219;0,6786;0,3911;0,2768;0,5413;0,6144;0,1013;0,9927;0,3587
,39,39,39,39,39,39,39,39,39,39,39,39,39,39,39,39,39,39,39,39,39,39,39,39,39,39,39,39,39,39,39,39,39,39,39,39,40,40,40,40,40,40,40,40,40,40,40,40,40,40,40,40,40,40,40,40,40,40,40,41,41,41,41,41,76,76,76,76,76,76,91,93,93,105,107
Generacija 1, Fitness 91,26337, Gen ;0,8435;0,414;0,4864;0,7629;0,2253;0,2232;0,3257;0,5672;0,5567;0,5506;0,4475;0,0359;0,0219;0,6786;0,3911;0,2768;0,5413;0,6144;0,1013;0,9927;0,3587
,36,37,38,38,38,38,38,38,38,38,38,38,38,38,38,38,38,38,38,39,39,39,39,39,39,39,39,39,39,39,40,40,40,40,40,41,41,41,41,41,41,41,41,41,41,41,41,41,41,41,41,41,41,41,41,41,41,41,41,42,42,42,42,42,42,42,42,43,43,43,43,43,44,44,45
Generacija 1, Fitness 30,98734, Gen ;0,8435;0,414;0,4864;0,7629;0,2253;0,2232;0,3257;0,5672;0,5567;0,5506;0,4475;0,0359;0,0219;0,6786;0,3911;0,2768;0,5413;0,6144;0,1013;0,9927;0,3587
,39,41,42,42,42,42,42,42,42,42,42,42,42,42,42,42,42,42,42,42,42,42,42,42,42,43,43,43,43,43,43,43,43,43,43,43,44,44,44,44,44,44,44,44,44,44,44,44,44,44,44,44,44,44,44,44,44,45,45,45,45,45,46,46,46,46,46,46,46,46,47,47,47,50,100
Generacija 1, Fitness 97,4413, Gen ;0,8435;0,414;0,4864;0,7629;0,2253;0,2232;0,3257;0,5672;0,5567;0,5506;0,4475;0,0359;0,0219;0,6786;0,3911;0,2768;0,5413;0,6144;0,1013;0,9927;0,3587
,36,36,36,36,36,36,36,36,36,36,36,36,37,37,37,37,37,37,37,37,37,37,37,37,37,37,37,37,37,37,37,38,38,38,38,38,38,38,38,38,38,38,38,38,38,38,38,39,39,39,39,39,39,39,39,39,39,39,39,39,39,39,39,39,39,39,39,40,40,40,40,41,41,41,41
Generacija 1, Fitness 16,39092, Gen ;0,8435;0,414;0,4864;0,7629;0,2253;0,2232;0,3257;0,5672;0,5567;0,5506;0,4475;0,0359;0,0219;0,6786;0,3911;0,2768;0,5413;0,6144;0,1013;0,9927;0,3587
,92,92,92,92,92,92,92,92,93,93,93,94,94,94,94,94,94,95,95,95,95,95,95,95,95,95,95,95,95,95,95,95,95,96,96,96,96,96,96,96,96,96,96,96,96,96,96,96,96,97,97,97,97,97,97,97,97,98,98,98,98,98,99,99,99,99,99,100,100,101,101,101,102,104,106
Generacija 1, Fitness 84,90589, Gen ;0,8435;0,414;0,4864;0,7629;0,2253;0,2232;0,3257;0,5672;0,5567;0,5506;0,4475;0,0359;0,0219;0,6786;0,3911;0,2768;0,5413;0,6144;0,1013;0,9927;0,3587
,43,43,43,43,43,43,43,43,43,43,43,43,43,43,43,43,43,43,43,43,43,43,43,43,43,43,43,43,43,44,44,44,44,44,44,44,44,44,44,44,45,45,45,45,45,45,45,45,45,45,45,45,45,45,45,45,45,45,46,46,46,46,46,46,46,46,47,47,47,47,47,47,47,47,47
Generacija 1, Fitness 52,12774, Gen ;0,8435;0,414;0,4864;0,7629;0,2253;0,2232;0,3257;0,5672;0,5567;0,5506;0,4475;0,0359;0,0219;0,6786;0,3911;0,2768;0,5413;0,6144;0,1013;0,9927;0,3587
,36,36,36,36,36,36,36,36,36,36,36,36,36,36,36,36,36,36,36,36,36,37,37,37,37,37,37,37,37,37,37,38,38,38,38,38,38,38,38,38,38,38,38,38,38,38,38,38,38,38,38,38,38,39,39,39,39,39,39,39,39,39,39,39,39,39,39,39,39,39,39,39,40,77,78
Generacija 1, Fitness 59,25991, Gen ;0,8435;0,414;0,4864;0,7629;0,2253;0,2232;0,3257;0,5672;0,5567;0,5506;0,4475;0,0359;0,0219;0,6786;0,3911;0,2768;0,5413;0,6144;0,1013;0,9927;0,3587
,36,36,36,36,36,37,37,37,37,37,37,37,37,37,37,37,37,37,37,37,38,38,38,38,38,38,38,38,38,38,38,38,38,38,38,38,38,38,38,38,38,38,38,38,39,39,39,39,39,39,39,39,39,39,39,39,39,39,39,39,39,39,39,39,39,40,40,40,40,40,40,40,41,41,71
Generacija 1, Fitness 81,87805, Gen ;0,8435;0,414;0,4864;0,7629;0,2253;0,2232;0,3257;0,5672;0,5567;0,5506;0,4475;0,0359;0,0219;0,6786;0,3911;0,2768;0,5413;0,6144;0,1013;0,9927;0,3587
,38,40,41,41,41,41,41,41,41,41,41,41,41,41,41,41,41,41,41,41,41,41,41,41,41,41,41,41,42,42,42,42,42,42,42,42,43,43,44,44,44,44,44,44,44,44,44,44,45,45,45,45,45,45,45,45,45,45,45,45,45,45,45,45,45,46,46,46,47,47,47,47,48,49,50
Generacija 1, Fitness 79,28965, Gen ;0,8435;0,414;0,4864;0,7629;0,2253;0,2232;0,3257;0,5672;0,5567;0,5506;0,4475;0,0359;0,0219;0,6786;0,3911;0,2768;0,5413;0,6144;0,1013;0,9927;0,3587
,42,43,43,43,44,44,44,44,44,44,44,44,44,44,44,44,44,44,44,44,44,44,44,44,44,44,44,44,44,44,45,45,45,45,45,46,46,46,46,46,46,46,46,46,46,46,47,47,47,47,47,47,47,47,47,47,47,47,47,47,47,47,47,47,48,48,48,48,48,48,48,48,50,50,51
Generacija 1, Fitness 85,9603, Gen ;0,8435;0,414;0,4864;0,7629;0,2253;0,2232;0,3257;0,5672;0,5567;0,5506;0,4475;0,0359;0,0219;0,6786;0,3911;0,2768;0,5413;0,6144;0,1013;0,9927;0,3587
,40,40,40,40,40,41,41,41,41,41,41,41,41,41,41,41,41,41,41,41,41,41,41,41,41,41,41,41,41,41,41,41,42,42,42,42,42,42,42,42,42,42,42,43,43,43,43,43,43,43,43,43,43,43,43,43,43,43,43,43,43,44,44,44,44,44,44,44,44,44,44,45,45,46,48
Generacija 1, Fitness 81,52897, Gen ;0,8435;0,414;0,4864;0,7629;0,2253;0,2232;0,3257;0,5672;0,5567;0,5506;0,4475;0,0359;0,0219;0,6786;0,3911;0,2768;0,5413;0,6144;0,1013;0,9927;0,3587
,38,39,39,39,39,39,39,39,40,40,40,40,40,40,40,40,40,40,40,40,40,40,40,40,40,40,40,41,41,41,41,41,41,41,41,41,41,41,41,41,41,41,41,41,41,41,41,41,41,41,41,41,42,42,42,42,42,42,42,43,43,43,43,43,43,43,43,43,43,44,44,45,47,47,51
Generacija 1, Fitness 40,9507, Gen ;0,8435;0,414;0,4864;0,7629;0,2253;0,2232;0,3257;0,5672;0,5567;0,5506;0,4475;0,0359;0,0219;0,6786;0,3911;0,2768;0,5413;0,6144;0,1013;0,9927;0,3587
,41,41,41,42,42,42,43,43,43,43,43,43,44,44,44,44,44,44,44,44,44,44,44,44,44,44,44,44,44,44,44,44,44,44,44,44,44,44,44,44,44,44,44,44,45,45,45,45,45,45,45,45,45,45,45,46,46,46,46,46,47,47,47,47,47,48,48,49,49,50,50,50,50,50,87
Generacija 1, Fitness 85,93657, Gen ;0,8435;0,414;0,4864;0,7629;0,2253;0,2232;0,3257;0,5672;0,5567;0,5506;0,4475;0,0359;0,0219;0,6786;0,3911;0,2768;0,5413;0,6144;0,1013;0,9927;0,3587
,40,41,41,41,42,42,42,42,42,42,42,42,42,42,42,42,42,42,42,42,42,42,42,43,43,43,43,43,43,43,43,43,43,44,44,44,44,44,44,44,44,44,44,44,44,44,44,44,44,44,44,44,44,44,44,44,44,44,44,44,44,44,44,45,45,45,45,45,45,45,45,45,45,46,47
Generacija 1, Fitness 77,61787, Gen ;0,8435;0,414;0,4864;0,7629;0,2253;0,2232;0,3257;0,5672;0,5567;0,5506;0,4475;0,0359;0,0219;0,6786;0,3911;0,2768;0,5413;0,6144;0,1013;0,9927;0,3587
,39,39,39,40,40,40,40,40,41,41,41,41,41,41,41,41,41,41,41,42,42,42,42,43,43,43,43,43,43,43,43,43,44,44,44,44,44,44,44,44,44,44,44,44,45,45,45,45,45,45,45,45,45,45,45,46,46,46,46,46,46,46,46,46,46,46,47,47,47,47,48,48,51,52,53
Generacija 1, Fitness 73,39814, Gen ;0,8435;0,414;0,4864;0,7629;0,2253;0,2232;0,3257;0,5672;0,5567;0,5506;0,4475;0,0359;0,0219;0,6786;0,3911;0,2768;0,5413;0,6144;0,1013;0,9927;0,3587
,48,48,48,48,48,48,48,48,48,49,49,49,49,49,49,49,49,49,49,49,49,49,49,49,49,49,49,49,49,49,49,49,49,50,50,50,50,50,50,50,50,50,50,50,50,50,50,50,50,50,50,50,50,50,50,50,50,50,50,51,51,51,51,51,51,51,51,51,51,51,51,51,52,52,54
Generacija 1, Fitness 76,80699, Gen ;0,8435;0,414;0,4864;0,7629;0,2253;0,2232;0,3257;0,5672;0,5567;0,5506;0,4475;0,0359;0,0219;0,6786;0,3911;0,2768;0,5413;0,6144;0,1013;0,9927;0,3587
,45,45,45,45,45,46,46,46,46,46,46,46,46,46,46,46,46,46,46,46,46,46,46,46,46,46,47,47,47,47,47,47,47,47,47,47,47,47,47,47,47,47,47,47,47,47,47,47,47,47,47,47,47,47,47,47,47,48,48,48,48,48,48,48,48,48,48,48,48,48,48,48,48,49,53
Generacija 1, Fitness 93,92363, Gen ;0,8435;0,414;0,4864;0,7629;0,2253;0,2232;0,3257;0,5672;0,5567;0,5506;0,4475;0,0359;0,0219;0,6786;0,3911;0,2768;0,5413;0,6144;0,1013;0,9927;0,3587
,39,39,39,39,39,39,39,39,39,40,40,40,40,40,40,40,40,40,40,40,40,40,40,40,40,40,41,41,41,41,41,41,41,41,41,41,41,41,41,41,41,41,41,41,41,41,41,41,41,41,41,41,41,41,41,41,41,42,42,42,42,42,42,42,42,42,42,42,42,42,42,42,42,42,42
Generacija 1, Fitness 98,77761, Gen ;0,8435;0,414;0,4864;0,7629;0,2253;0,2232;0,3257;0,5672;0,5567;0,5506;0,4475;0,0359;0,0219;0,6786;0,3911;0,2768;0,5413;0,6144;0,1013;0,9927;0,3587
,36,36,36,36,36,36,36,36,36,36,36,36,36,36,36,36,36,36,36,36,36,37,37,37,37,37,37,37,37,37,37,37,37,37,37,37,37,37,37,37,37,37,37,37,38,38,38,38,38,38,38,38,38,38,38,38,38,38,38,38,38,38,39,39,39,39,39,39,39,39,39,39,41,41,41
Generacija 1, Fitness 16,59234, Gen ;0,8435;0,414;0,4864;0,7629;0,2253;0,2232;0,3257;0,5672;0,5567;0,5506;0,4475;0,0359;0,0219;0,6786;0,3911;0,2768;0,5413;0,6144;0,1013;0,9927;0,3587
,37,37,37,37,37,37,37,37,37,37,37,37,37,37,37,37,37,37,37,37,37,37,37,37,37,38,38,38,38,38,38,38,38,38,38,39,39,39,39,39,39,39,39,39,39,39,40,40,40,40,40,40,40,40,40,40,40,40,40,40,41,41,41,41,41,41,42,42,42,42,42,43,53,53,122
Generacija 1, Fitness 94,23016, Gen ;0,8435;0,414;0,4864;0,7629;0,2253;0,2232;0,3257;0,5672;0,5567;0,5506;0,4475;0,0359;0,0219;0,6786;0,3911;0,2768;0,5413;0,6144;0,1013;0,9927;0,3587
,37,37,37,37,37,37,37,37,37,37,37,37,37,37,37,37,37,37,37,37,37,38,38,38,38,38,38,38,38,38,38,38,38,38,38,39,39,39,39,39,39,39,39,39,40,40,40,40,40,40,40,40,40,40,40,40,40,40,40,40,40,41,41,41,41,41,41,41,41,42,42,42,42,43,43
Generacija 1, Fitness 89,00067, Gen ;0,8435;0,414;0,4864;0,7629;0,2253;0,2232;0,3257;0,5672;0,5567;0,5506;0,4475;0,0359;0,0219;0,6786;0,3911;0,2768;0,5413;0,6144;0,1013;0,9927;0,3587
,37,38,38,39,39,39,39,39,39,39,39,39,39,39,39,39,39,39,39,40,40,40,40,40,40,40,40,40,40,40,40,41,41,41,41,41,41,41,41,41,41,41,41,41,41,42,42,42,42,42,42,42,42,42,42,42,43,43,43,43,43,43,43,43,43,43,43,44,44,44,44,45,45,46,46
Generacija 1, Fitness 83,76237, Gen ;0,8435;0,414;0,4864;0,7629;0,2253;0,2232;0,3257;0,5672;0,5567;0,5506;0,4475;0,0359;0,0219;0,6786;0,3911;0,2768;0,5413;0,6144;0,1013;0,9927;0,3587
,42,42,42,42,42,42,42,42,42,42,42,42,42,42,42,43,43,43,43,43,43,43,43,43,43,43,43,43,43,43,43,43,43,43,44,44,44,44,44,44,44,44,44,44,44,44,44,44,44,44,44,44,44,44,45,45,45,45,45,45,45,45,45,45,45,45,45,45,46,46,46,47,47,48,49
Generacija 1, Fitness 82,29961, Gen ;0,8435;0,414;0,4864;0,7629;0,2253;0,2232;0,3257;0,5672;0,5567;0,5506;0,4475;0,0359;0,0219;0,6786;0,3911;0,2768;0,5413;0,6144;0,1013;0,9927;0,3587
,36,36,36,36,36,36,36,36,36,36,36,36,36,36,36,36,36,36,36,36,36,36,36,36,36,36,36,37,37,37,37,37,37,37,37,38,38,38,38,38,38,38,38,38,38,39,39,39,39,39,39,39,39,39,39,39,39,39,39,40,40,40,40,40,40,40,41,41,41,41,42,42,42,42,52
Generacija 1, Fitness 82,92121, Gen ;0,8435;0,414;0,4864;0,7629;0,2253;0,2232;0,3257;0,5672;0,5567;0,5506;0,4475;0,0359;0,0219;0,6786;0,3911;0,2768;0,5413;0,6144;0,1013;0,9927;0,3587
,37,37,37,37,37,37,37,37,37,37,37,37,37,37,37,37,37,37,37,37,37,37,37,37,37,37,37,37,37,38,38,38,38,38,38,38,38,38,38,38,39,39,39,39,39,39,39,39,39,39,39,39,39,39,40,40,40,40,40,40,40,40,40,40,40,40,40,40,41,41,41,42,42,49,52
Generacija 1, Fitness 88,13699, Gen ;0,8435;0,414;0,4864;0,7629;0,2253;0,2232;0,3257;0,5672;0,5567;0,5506;0,4475;0,0359;0,0219;0,6786;0,3911;0,2768;0,5413;0,6144;0,1013;0,9927;0,3587
,36,36,38,38,38,38,38,38,38,38,38,38,38,38,38,38,39,39,39,39,39,39,39,39,39,39,39,39,39,39,39,39,40,40,40,40,40,40,40,40,40,40,40,40,40,41,41,41,41,41,41,41,41,41,41,41,41,41,41,42,42,42,42,42,42,42,42,43,45,45,45,45,46,47,47
Generacija 1, Fitness 85,66974, Gen ;0,8435;0,414;0,4864;0,7629;0,2253;0,2232;0,3257;0,5672;0,5567;0,5506;0,4475;0,0359;0,0219;0,6786;0,3911;0,2768;0,5413;0,6144;0,1013;0,9927;0,3587
,39,40,40,40,40,40,40,40,40,40,40,40,40,40,40,40,40,40,40,40,40,40,41,41,41,41,41,41,41,41,41,42,42,42,42,42,42,42,42,42,42,42,42,43,43,43,43,43,43,43,43,43,43,43,43,43,43,43,43,44,44,44,44,44,44,44,44,44,44,44,45,45,45,45,48
Generacija 1, Fitness 79,93953, Gen ;0,8435;0,414;0,4864;0,7629;0,2253;0,2232;0,3257;0,5672;0,5567;0,5506;0,4475;0,0359;0,0219;0,6786;0,3911;0,2768;0,5413;0,6144;0,1013;0,9927;0,3587
,40,42,42,42,42,42,42,42,42,42,42,42,42,42,42,42,42,42,43,43,43,43,43,43,43,43,43,43,43,43,43,43,43,43,43,43,43,43,43,43,43,43,43,43,44,44,44,44,44,44,44,44,44,44,44,44,44,44,44,44,44,44,44,45,45,45,45,45,46,46,48,48,48,49,52
Generacija 1, Fitness 88,84175, Gen ;0,8435;0,414;0,4864;0,7629;0,2253;0,2232;0,3257;0,5672;0,5567;0,5506;0,4475;0,0359;0,0219;0,6786;0,3911;0,2768;0,5413;0,6144;0,1013;0,9927;0,3587
,41,41,41,41,41,41,41,41,41,41,41,41,41,41,41,41,41,42,42,42,42,42,42,42,42,42,42,42,42,42,42,42,42,42,42,42,42,43,43,43,43,43,43,43,43,43,43,43,43,43,43,43,43,43,43,43,43,43,43,44,44,44,44,44,44,44,44,44,44,44,44,44,45,45,45
Generacija 1, Fitness 88,1734, Gen ;0,8435;0,414;0,4864;0,7629;0,2253;0,2232;0,3257;0,5672;0,5567;0,5506;0,4475;0,0359;0,0219;0,6786;0,3911;0,2768;0,5413;0,6144;0,1013;0,9927;0,3587
,37,37,38,38,38,38,38,38,38,38,38,38,38,38,38,38,38,38,38,38,38,38,38,38,38,38,38,38,39,39,39,39,39,39,39,39,39,39,39,39,39,39,39,39,39,39,40,40,40,40,40,40,40,40,41,41,41,41,41,41,41,41,41,41,41,41,41,41,41,41,41,42,42,43,47
Generacija 1, Fitness 91,89716, Gen ;0,8435;0,414;0,4864;0,7629;0,2253;0,2232;0,3257;0,5672;0,5567;0,5506;0,4475;0,0359;0,0219;0,6786;0,3911;0,2768;0,5413;0,6144;0,1013;0,9927;0,3587
,39,39,39,39,39,39,39,39,39,39,39,39,39,39,39,39,39,39,39,39,39,40,40,40,40,40,40,40,40,40,40,40,40,40,40,40,40,40,40,40,40,40,40,40,40,41,41,41,41,41,41,41,41,41,41,41,41,41,41,41,41,41,41,42,42,42,42,42,42,42,42,42,42,43,44
Generacija 1, Fitness 86,21514, Gen ;0,8435;0,414;0,4864;0,7629;0,2253;0,2232;0,3257;0,5672;0,5567;0,5506;0,4475;0,0359;0,0219;0,6786;0,3911;0,2768;0,5413;0,6144;0,1013;0,9927;0,3587
,37,40,40,40,40,40,40,40,40,40,40,40,40,40,40,40,40,40,40,40,40,40,40,40,40,41,41,41,41,41,41,41,41,41,42,42,42,42,42,42,42,42,42,42,43,43,43,43,43,43,43,43,43,43,43,43,43,43,43,43,43,44,44,44,44,44,44,44,44,44,44,45,46,46,48
Generacija 1, Fitness 74,41543, Gen ;0,8435;0,414;0,4864;0,7629;0,2253;0,2232;0,3257;0,5672;0,5567;0,5506;0,4475;0,0359;0,0219;0,6786;0,3911;0,2768;0,5413;0,6144;0,1013;0,9927;0,3587
,44,45,45,45,46,46,46,46,46,46,46,46,46,46,46,46,47,47,47,47,47,47,47,47,47,47,47,47,47,47,47,47,47,47,47,47,47,47,47,47,47,48,48,48,48,48,48,48,48,49,49,49,49,49,50,50,50,50,50,50,50,50,50,50,50,51,51,51,51,51,52,52,53,53,54
Generacija 1, Fitness 93,09371, Gen ;0,8435;0,414;0,4864;0,7629;0,2253;0,2232;0,3257;0,5672;0,5567;0,5506;0,4475;0,0359;0,0219;0,6786;0,3911;0,2768;0,5413;0,6144;0,1013;0,9927;0,3587
,36,36,36,36,36,36,36,36,36,36,36,36,36,36,36,36,36,36,36,36,36,37,37,37,37,37,37,37,37,37,37,37,37,37,37,37,37,37,38,38,38,38,38,38,38,38,38,38,38,38,39,39,39,39,39,39,39,39,39,39,39,40,40,40,40,40,40,40,40,40,41,41,41,42,44
Generacija 1, Fitness 69,87868, Gen ;0,8435;0,414;0,4864;0,7629;0,2253;0,2232;0,3257;0,5672;0,5567;0,5506;0,4475;0,0359;0,0219;0,6786;0,3911;0,2768;0,5413;0,6144;0,1013;0,9927;0,3587
,45,45,45,46,46,46,46,47,47,48,48,48,48,48,48,48,48,48,48,48,48,48,48,48,48,48,48,48,48,48,48,48,48,48,48,49,49,49,49,49,49,49,49,49,49,49,49,49,49,49,49,49,50,50,50,50,50,50,50,51,51,51,51,52,53,53,53,53,53,53,53,54,54,56,57
Generacija 1, Fitness 82,54793, Gen ;0,8435;0,414;0,4864;0,7629;0,2253;0,2232;0,3257;0,5672;0,5567;0,5506;0,4475;0,0359;0,0219;0,6786;0,3911;0,2768;0,5413;0,6144;0,1013;0,9927;0,3587
,39,39,41,41,42,42,42,42,42,42,42,42,42,42,42,42,42,42,42,42,42,42,42,42,42,42,42,42,42,42,42,42,42,42,43,43,43,43,43,43,43,43,43,44,44,44,44,45,45,45,45,45,45,45,45,45,45,46,46,46,46,46,46,46,47,47,47,47,47,47,47,48,48,48,50
Generacija 1, Fitness 93,4798, Gen ;0,8435;0,414;0,4864;0,7629;0,2253;0,2232;0,3257;0,5672;0,5567;0,5506;0,4475;0,0359;0,0219;0,6786;0,3911;0,2768;0,5413;0,6144;0,1013;0,9927;0,3587
,37,37,38,38,38,38,38,38,38,38,38,38,38,38,38,38,38,38,38,38,38,38,38,38,38,38,39,39,39,39,39,39,39,40,40,40,40,40,40,40,40,40,40,40,40,40,40,40,40,40,40,40,40,40,40,40,41,41,41,41,41,41,41,41,41,41,41,41,41,42,42,42,42,43,43
Generacija 1, Fitness 97,91387, Gen ;0,8435;0,414;0,4864;0,7629;0,2253;0,2232;0,3257;0,5672;0,5567;0,5506;0,4475;0,0359;0,0219;0,6786;0,3911;0,2768;0,5413;0,6144;0,1013;0,9927;0,3587
,35,35,35,35,35,35,35,35,35,35,35,35,35,35,35,36,36,36,36,36,36,36,36,36,36,36,36,37,37,37,37,37,37,37,37,37,37,37,37,37,37,37,37,37,37,37,37,37,37,37,37,37,37,37,37,38,38,38,38,38,38,38,38,38,38,38,38,38,38,38,38,39,40,40,41
Generacija 1, Fitness 78,34274, Gen ;0,8435;0,414;0,4864;0,7629;0,2253;0,2232;0,3257;0,5672;0,5567;0,5506;0,4475;0,0359;0,0219;0,6786;0,3911;0,2768;0,5413;0,6144;0,1013;0,9927;0,3587
,35,37,38,38,38,38,38,38,38,38,38,38,38,38,38,38,38,38,38,38,38,38,38,38,38,38,39,39,39,39,39,39,39,39,39,39,39,39,39,39,39,39,40,40,40,40,40,40,40,40,40,40,40,40,40,40,41,41,41,41,41,41,41,41,42,42,42,42,43,44,44,44,45,50,55
Generacija 1, Fitness 78,2821, Gen ;0,8435;0,414;0,4864;0,7629;0,2253;0,2232;0,3257;0,5672;0,5567;0,5506;0,4475;0,0359;0,0219;0,6786;0,3911;0,2768;0,5413;0,6144;0,1013;0,9927;0,3587
,44,44,44,44,44,44,44,44,44,44,44,44,44,44,44,44,44,44,44,44,44,44,44,44,44,44,45,45,45,45,45,45,45,45,45,45,45,45,45,45,45,45,45,45,45,46,46,46,46,46,46,46,46,46,46,46,46,46,46,47,47,47,47,47,47,48,48,48,48,49,49,49,49,50,52
Generacija 1, Fitness 88,68977, Gen ;0,8435;0,414;0,4864;0,7629;0,2253;0,2232;0,3257;0,5672;0,5567;0,5506;0,4475;0,0359;0,0219;0,6786;0,3911;0,2768;0,5413;0,6144;0,1013;0,9927;0,3587
,39,39,39,39,39,39,39,39,39,39,39,39,39,39,39,39,39,39,39,39,39,39,39,40,40,40,40,40,40,40,40,40,40,40,40,40,40,40,41,41,41,41,41,41,41,41,41,41,41,41,41,42,42,42,42,42,42,42,43,43,43,43,43,43,43,43,43,43,43,43,43,44,45,46,46
Generacija 1, Fitness 92,61052, Gen ;0,8435;0,414;0,4864;0,7629;0,2253;0,2232;0,3257;0,5672;0,5567;0,5506;0,4475;0,0359;0,0219;0,6786;0,3911;0,2768;0,5413;0,6144;0,1013;0,9927;0,3587
,38,38,38,38,38,38,38,38,38,38,38,38,38,38,38,38,38,38,38,38,38,38,38,38,38,38,38,38,38,38,39,39,39,39,39,39,40,40,40,40,40,40,40,40,41,41,41,41,41,41,41,41,41,41,41,41,41,41,41,41,42,42,42,42,42,42,42,42,42,42,43,43,43,44,44
Generacija 1, Fitness 90,20633, Gen ;0,8435;0,414;0,4864;0,7629;0,2253;0,2232;0,3257;0,5672;0,5567;0,5506;0,4475;0,0359;0,0219;0,6786;0,3911;0,2768;0,5413;0,6144;0,1013;0,9927;0,3587
,36,38,38,38,38,38,38,38,39,39,39,39,39,39,39,39,39,39,39,39,39,39,39,39,39,39,39,39,40,40,40,40,40,40,40,40,40,40,40,40,40,40,40,40,41,41,41,41,41,41,41,41,41,41,41,41,41,42,42,42,42,42,42,42,42,42,42,43,43,43,43,43,43,43,45
Generacija 1, Fitness 88,46281, Gen ;0,8435;0,414;0,4864;0,7629;0,2253;0,2232;0,3257;0,5672;0,5567;0,5506;0,4475;0,0359;0,0219;0,6786;0,3911;0,2768;0,5413;0,6144;0,1013;0,9927;0,3587
,39,39,39,39,39,39,39,39,39,39,39,39,39,39,39,39,40,40,40,40,40,40,40,40,40,40,40,40,40,40,40,40,40,40,40,41,41,41,41,41,41,41,41,41,41,41,41,41,41,41,41,41,41,41,41,41,41,41,41,41,42,42,42,42,42,42,42,42,42,42,43,44,44,45,46
Generacija 1, Fitness 70,07561, Gen ;0,8435;0,414;0,4864;0,7629;0,2253;0,2232;0,3257;0,5672;0,5567;0,5506;0,4475;0,0359;0,0219;0,6786;0,3911;0,2768;0,5413;0,6144;0,1013;0,9927;0,3587
,45,46,47,47,47,47,47,47,47,48,48,48,48,48,48,48,48,48,48,48,48,48,48,48,48,48,48,48,48,49,49,49,49,49,49,49,49,49,49,49,49,49,49,49,49,49,50,50,50,50,50,50,50,50,51,51,51,51,51,51,51,51,52,52,52,52,52,52,53,53,54,55,55,55,57
Generacija 1, Fitness 93,38905, Gen ;0,8435;0,414;0,4864;0,7629;0,2253;0,2232;0,3257;0,5672;0,5567;0,5506;0,4475;0,0359;0,0219;0,6786;0,3911;0,2768;0,5413;0,6144;0,1013;0,9927;0,3587
,39,39,39,39,39,39,39,39,39,39,39,39,40,40,40,40,40,40,40,40,40,40,40,40,40,40,40,40,40,40,40,40,40,40,40,41,41,41,41,41,41,41,41,41,41,41,41,41,41,41,41,41,41,41,41,41,41,41,41,41,42,42,42,42,42,42,42,42,42,42,42,42,42,42,43
Generacija 1, Fitness 88,95029, Gen ;0,8435;0,414;0,4864;0,7629;0,2253;0,2232;0,3257;0,5672;0,5567;0,5506;0,4475;0,0359;0,0219;0,6786;0,3911;0,2768;0,5413;0,6144;0,1013;0,9927;0,3587
,36,37,37,37,37,37,37,37,37,37,37,37,37,37,37,37,37,37,37,37,37,38,38,38,38,38,38,38,38,38,38,38,38,38,38,38,38,38,38,38,38,38,38,38,38,38,39,39,39,39,39,39,39,39,39,39,39,39,39,39,39,39,39,39,39,39,39,39,39,39,40,40,40,43,47
Generacija 1, Fitness 87,36582, Gen ;0,8435;0,414;0,4864;0,7629;0,2253;0,2232;0,3257;0,5672;0,5567;0,5506;0,4475;0,0359;0,0219;0,6786;0,3911;0,2768;0,5413;0,6144;0,1013;0,9927;0,3587
,37,37,40,40,40,40,40,40,40,40,40,40,40,40,40,40,40,40,40,40,40,40,40,40,40,40,40,40,40,40,40,40,40,41,41,41,41,41,41,42,42,42,42,42,42,42,42,42,42,42,42,43,43,43,43,43,43,43,43,43,43,43,44,45,45,45,45,45,46,46,46,46,46,46,47
Generacija 1, Fitness 92,18675, Gen ;0,8435;0,414;0,4864;0,7629;0,2253;0,2232;0,3257;0,5672;0,5567;0,5506;0,4475;0,0359;0,0219;0,6786;0,3911;0,2768;0,5413;0,6144;0,1013;0,9927;0,3587
,38,39,39,39,39,39,39,39,39,39,39,39,39,39,39,39,39,39,39,39,39,39,39,40,40,40,40,40,40,40,40,40,40,40,40,40,40,41,41,41,41,41,41,41,41,41,41,41,41,41,41,41,41,41,41,41,41,42,42,42,42,42,42,42,42,42,42,42,42,42,42,42,43,43,44
Generacija 1, Fitness 62,72213, Gen ;0,8435;0,414;0,4864;0,7629;0,2253;0,2232;0,3257;0,5672;0,5567;0,5506;0,4475;0,0359;0,0219;0,6786;0,3911;0,2768;0,5413;0,6144;0,1013;0,9927;0,3587
,44,45,46,46,46,46,47,47,47,47,47,47,47,47,47,47,47,47,47,47,48,48,48,48,48,48,48,48,48,48,48,48,48,48,48,49,49,50,50,50,50,50,51,51,51,51,51,51,51,51,51,51,51,51,51,51,52,52,53,53,53,53,54,55,55,56,56,56,56,56,56,56,57,57,63
Generacija 1, Fitness 88,69392, Gen ;0,8435;0,414;0,4864;0,7629;0,2253;0,2232;0,3257;0,5672;0,5567;0,5506;0,4475;0,0359;0,0219;0,6786;0,3911;0,2768;0,5413;0,6144;0,1013;0,9927;0,3587
,36,37,37,37,37,37,37,37,37,37,37,37,37,37,37,37,37,37,37,37,37,37,37,38,38,38,38,38,38,38,38,38,38,38,38,38,38,39,39,39,39,39,39,39,39,39,39,39,39,40,40,40,40,40,40,40,40,41,41,41,41,41,41,41,41,41,41,41,42,42,42,43,43,44,47
Generacija 1, Fitness 94,79919, Gen ;0,8435;0,414;0,4864;0,7629;0,2253;0,2232;0,3257;0,5672;0,5567;0,5506;0,4475;0,0359;0,0219;0,6786;0,3911;0,2768;0,5413;0,6144;0,1013;0,9927;0,3587
,37,37,37,38,38,38,38,38,38,38,38,38,38,38,38,38,38,38,38,38,38,38,38,38,39,39,39,39,39,39,39,39,39,39,39,39,39,39,39,39,39,39,39,39,39,39,39,39,39,39,39,39,40,40,40,40,40,40,40,40,40,40,40,40,40,41,41,41,41,41,41,41,41,42,43
Generacija 1, Fitness 99,50285, Gen ;0,8435;0,414;0,4864;0,7629;0,2253;0,2232;0,3257;0,5672;0,5567;0,5506;0,4475;0,0359;0,0219;0,6786;0,3911;0,2768;0,5413;0,6144;0,1013;0,9927;0,3587
,36,36,36,36,36,36,36,36,36,37,37,37,37,37,37,37,37,37,37,37,37,37,37,37,37,37,37,37,37,37,37,37,37,37,37,38,38,38,38,38,38,38,38,38,38,38,38,38,38,38,38,38,38,39,39,39,39,39,39,39,39,39,39,39,39,39,39,39,39,39,39,40,40,40,40
Generacija 1, Fitness 95,67891, Gen ;0,8435;0,414;0,4864;0,7629;0,2253;0,2232;0,3257;0,5672;0,5567;0,5506;0,4475;0,0359;0,0219;0,6786;0,3911;0,2768;0,5413;0,6144;0,1013;0,9927;0,3587
,37,37,37,37,37,37,37,37,37,37,37,37,37,37,38,38,38,38,38,38,38,38,38,38,38,38,38,38,38,38,38,38,39,39,39,39,39,39,39,39,39,39,39,39,39,39,39,39,39,39,39,39,39,39,39,39,39,39,39,39,39,39,39,40,40,40,40,40,40,40,40,40,41,41,42
Generacija 1, Fitness 27,16866, Gen ;0,8435;0,414;0,4864;0,7629;0,2253;0,2232;0,3257;0,5672;0,5567;0,5506;0,4475;0,0359;0,0219;0,6786;0,3911;0,2768;0,5413;0,6144;0,1013;0,9927;0,3587
,40,40,40,40,40,40,40,40,40,40,40,40,40,40,40,41,41,41,41,41,41,41,41,41,41,41,41,41,41,41,41,41,41,41,41,41,41,41,41,42,42,42,42,42,42,42,42,42,42,42,42,42,42,42,42,42,42,42,42,43,43,43,43,43,44,44,44,44,45,45,45,46,46,47,105
Generacija 1, Fitness 94,08948, Gen ;0,8435;0,414;0,4864;0,7629;0,2253;0,2232;0,3257;0,5672;0,5567;0,5506;0,4475;0,0359;0,0219;0,6786;0,3911;0,2768;0,5413;0,6144;0,1013;0,9927;0,3587
,38,38,38,38,38,38,38,38,38,38,38,38,38,38,38,38,38,38,38,38,38,38,38,39,39,39,39,39,39,39,39,39,39,39,39,40,40,40,40,40,40,40,40,40,40,40,40,40,40,40,40,41,41,41,41,41,41,41,41,41,41,41,41,41,41,41,41,41,42,42,42,42,43,43,43
Generacija 1, Fitness 82,70706, Gen ;0,8435;0,414;0,4864;0,7629;0,2253;0,2232;0,3257;0,5672;0,5567;0,5506;0,4475;0,0359;0,0219;0,6786;0,3911;0,2768;0,5413;0,6144;0,1013;0,9927;0,3587
,41,41,41,41,41,41,41,41,41,41,41,41,41,41,41,41,41,41,42,42,42,42,42,42,42,42,42,42,42,42,42,42,42,42,42,42,42,42,42,43,43,43,43,43,43,43,43,43,43,43,43,43,43,43,43,43,44,44,44,44,44,44,44,44,44,44,44,45,45,45,45,45,45,47,50
Generacija 1, Fitness 91,44823, Gen ;0,8435;0,414;0,4864;0,7629;0,2253;0,2232;0,3257;0,5672;0,5567;0,5506;0,4475;0,0359;0,0219;0,6786;0,3911;0,2768;0,5413;0,6144;0,1013;0,9927;0,3587
,35,35,37,37,38,38,38,38,38,38,38,38,38,38,38,38,38,38,38,38,38,38,38,38,38,38,38,38,39,39,39,39,39,40,40,40,40,40,40,40,40,40,40,40,41,41,41,41,41,41,41,41,41,41,41,41,41,41,41,41,42,42,42,42,42,42,42,42,42,42,42,43,45,45,45
Generacija 1, Fitness 83,66744, Gen ;0,8435;0,414;0,4864;0,7629;0,2253;0,2232;0,3257;0,5672;0,5567;0,5506;0,4475;0,0359;0,0219;0,6786;0,3911;0,2768;0,5413;0,6144;0,1013;0,9927;0,3587
,39,41,41,41,41,41,41,41,41,41,41,41,41,42,42,42,42,42,42,42,42,42,42,42,42,42,42,42,42,42,42,42,42,42,42,42,42,42,42,42,42,42,42,43,43,43,43,43,43,43,43,43,44,44,44,44,44,45,45,45,45,45,45,45,45,46,46,46,46,47,47,47,47,48,49
Generacija 1, Fitness 92,20848, Gen ;0,8435;0,414;0,4864;0,7629;0,2253;0,2232;0,3257;0,5672;0,5567;0,5506;0,4475;0,0359;0,0219;0,6786;0,3911;0,2768;0,5413;0,6144;0,1013;0,9927;0,3587
,36,36,36,36,36,36,36,36,36,36,36,36,36,36,36,36,36,36,36,36,36,36,36,36,36,37,37,37,37,37,37,37,37,37,37,37,37,37,37,38,38,38,38,38,38,38,38,38,38,38,38,38,38,38,38,38,39,39,39,39,39,39,39,40,40,40,40,40,40,40,40,40,41,43,45
Generacija 1, Fitness 32,64569, Gen ;0,8435;0,414;0,4864;0,7629;0,2253;0,2232;0,3257;0,5672;0,5567;0,5506;0,4475;0,0359;0,0219;0,6786;0,3911;0,2768;0,5413;0,6144;0,1013;0,9927;0,3587
,70,70,70,71,71,71,71,71,72,72,72,72,72,72,73,73,74,74,74,74,74,74,74,74,74,74,74,74,75,75,75,75,75,75,76,76,76,76,76,76,76,77,77,77,77,77,77,77,77,78,78,78,78,78,78,78,79,79,79,79,79,80,80,80,80,80,80,80,81,81,81,82,85,85,86
Generacija 1, Fitness 98,54166, Gen ;0,8435;0,414;0,4864;0,7629;0,2253;0,2232;0,3257;0,5672;0,5567;0,5506;0,4475;0,0359;0,0219;0,6786;0,3911;0,2768;0,5413;0,6144;0,1013;0,9927;0,3587
,36,36,36,36,36,36,36,36,36,36,36,36,36,37,37,37,37,37,37,37,37,38,38,38,38,38,38,38,38,38,38,38,38,38,38,38,38,38,38,38,38,38,38,39,39,39,39,39,39,39,39,39,39,39,39,39,39,39,39,39,39,39,39,39,39,40,40,40,40,40,40,40,40,40,40
Generacija 1, Fitness 93,97396, Gen ;0,8435;0,414;0,4864;0,7629;0,2253;0,2232;0,3257;0,5672;0,5567;0,5506;0,4475;0,0359;0,0219;0,6786;0,3911;0,2768;0,5413;0,6144;0,1013;0,9927;0,3587
,37,37,37,37,37,37,37,37,37,37,37,37,37,37,37,37,37,37,37,37,37,37,37,37,37,37,37,37,37,37,37,37,37,38,38,38,38,38,38,38,39,39,39,39,39,39,39,39,39,39,40,40,40,40,40,40,40,40,40,40,40,40,40,40,40,40,40,40,40,40,40,41,41,43,43
Generacija 1, Fitness 45,39835, Gen ;0,8435;0,414;0,4864;0,7629;0,2253;0,2232;0,3257;0,5672;0,5567;0,5506;0,4475;0,0359;0,0219;0,6786;0,3911;0,2768;0,5413;0,6144;0,1013;0,9927;0,3587
,48,48,48,48,48,48,48,48,48,48,48,48,48,48,48,48,48,48,48,48,48,48,49,49,49,49,49,49,49,49,49,49,49,49,49,49,49,49,49,49,49,49,49,49,49,49,49,49,50,50,50,50,50,50,50,50,50,50,50,50,50,50,50,50,51,51,51,51,52,70,70,70,71,71,80
Generacija 1, Fitness 47,29351, Gen ;0,8435;0,414;0,4864;0,7629;0,2253;0,2232;0,3257;0,5672;0,5567;0,5506;0,4475;0,0359;0,0219;0,6786;0,3911;0,2768;0,5413;0,6144;0,1013;0,9927;0,3587
,36,37,37,37,37,37,37,37,37,37,37,37,37,37,37,37,37,37,37,37,37,37,37,37,37,38,38,38,38,38,38,38,38,38,38,38,38,38,38,38,38,38,38,38,38,38,39,39,39,39,39,39,39,39,39,39,39,39,39,39,39,39,39,40,40,40,70,70,71,71,80,80,80,82,82
Generacija 1, Fitness 79,21839, Gen ;0,8435;0,414;0,4864;0,7629;0,2253;0,2232;0,3257;0,5672;0,5567;0,5506;0,4475;0,0359;0,0219;0,6786;0,3911;0,2768;0,5413;0,6144;0,1013;0,9927;0,3587
,43,44,44,44,44,44,44,44,44,44,44,44,44,44,45,45,45,45,45,45,45,45,45,45,45,45,45,45,45,46,46,46,46,46,46,46,46,46,46,46,46,46,47,47,47,47,47,47,47,47,47,47,47,47,47,47,47,48,48,48,48,48,48,49,49,49,49,49,49,49,49,49,50,51,51
Generacija 1, Fitness 92,24083, Gen ;0,8435;0,414;0,4864;0,7629;0,2253;0,2232;0,3257;0,5672;0,5567;0,5506;0,4475;0,0359;0,0219;0,6786;0,3911;0,2768;0,5413;0,6144;0,1013;0,9927;0,3587
,38,38,38,38,38,38,38,39,39,39,39,39,39,39,39,39,39,39,39,39,39,39,40,40,40,40,40,40,40,40,40,40,40,40,41,41,41,41,41,41,41,41,41,41,41,41,41,41,41,41,41,41,41,41,42,42,42,42,42,42,42,42,42,42,42,42,42,42,42,42,42,43,43,43,44
Generacija 1, Fitness 85,19839, Gen ;0,8435;0,414;0,4864;0,7629;0,2253;0,2232;0,3257;0,5672;0,5567;0,5506;0,4475;0,0359;0,0219;0,6786;0,3911;0,2768;0,5413;0,6144;0,1013;0,9927;0,3587
,36,36,36,36,36,36,36,36,36,36,36,37,37,37,37,37,37,37,37,37,37,37,37,37,37,37,37,38,38,38,38,38,38,38,38,38,38,38,38,38,38,38,38,38,38,38,38,39,39,39,39,39,39,39,39,39,39,39,39,39,40,40,40,40,40,40,41,41,41,41,41,46,46,47,50
Generacija 1, Fitness 87,48856, Gen ;0,8435;0,414;0,4864;0,7629;0,2253;0,2232;0,3257;0,5672;0,5567;0,5506;0,4475;0,0359;0,0219;0,6786;0,3911;0,2768;0,5413;0,6144;0,1013;0,9927;0,3587
,40,40,40,40,40,40,40,40,40,40,40,40,40,40,40,40,40,41,41,41,41,41,41,41,41,41,41,41,41,41,41,41,41,41,41,42,42,42,42,42,42,42,42,42,42,42,42,42,42,42,42,42,42,42,42,42,42,42,43,43,43,43,43,43,43,43,43,43,43,43,43,44,44,44,47
Generacija 1, Fitness 74,34116, Gen ;0,8435;0,414;0,4864;0,7629;0,2253;0,2232;0,3257;0,5672;0,5567;0,5506;0,4475;0,0359;0,0219;0,6786;0,3911;0,2768;0,5413;0,6144;0,1013;0,9927;0,3587
,43,43,44,44,44,44,44,44,44,45,45,45,45,45,45,45,45,45,45,45,45,45,45,45,45,45,45,45,45,45,46,46,46,46,46,46,46,46,46,46,46,46,47,47,47,47,47,47,47,47,47,47,47,47,47,48,48,48,48,48,48,49,49,49,49,50,50,50,50,50,51,51,52,54,55
Generacija 1, Fitness 94,38097, Gen ;0,8435;0,414;0,4864;0,7629;0,2253;0,2232;0,3257;0,5672;0,5567;0,5506;0,4475;0,0359;0,0219;0,6786;0,3911;0,2768;0,5413;0,6144;0,1013;0,9927;0,3587
,37,37,37,37,37,37,37,37,37,37,38,38,38,38,38,38,38,38,38,38,38,38,38,38,38,38,38,38,38,38,38,38,38,39,39,39,39,39,39,39,39,39,39,39,39,39,39,39,39,39,39,40,40,40,40,40,40,40,40,40,40,40,40,41,41,41,41,41,41,41,42,42,42,42,43
Generacija 1, Fitness 72,3454, Gen ;0,8435;0,414;0,4864;0,7629;0,2253;0,2232;0,3257;0,5672;0,5567;0,5506;0,4475;0,0359;0,0219;0,6786;0,3911;0,2768;0,5413;0,6144;0,1013;0,9927;0,3587
,41,41,42,43,43,43,43,44,44,44,44,44,44,44,44,44,44,44,44,44,44,44,44,44,44,44,44,44,44,45,45,45,45,45,45,45,45,45,45,46,46,46,46,46,46,46,46,46,46,46,46,46,47,47,47,47,47,47,48,48,48,48,48,48,48,48,48,48,49,49,50,51,51,57,57
Generacija 1, Fitness 88,70955, Gen ;0,8435;0,414;0,4864;0,7629;0,2253;0,2232;0,3257;0,5672;0,5567;0,5506;0,4475;0,0359;0,0219;0,6786;0,3911;0,2768;0,5413;0,6144;0,1013;0,9927;0,3587
,36,37,37,38,38,38,38,38,38,38,38,38,38,38,38,38,38,38,38,39,39,39,39,39,39,39,39,39,39,39,39,40,40,40,40,40,40,40,40,40,40,40,40,40,40,40,40,40,40,41,41,41,41,41,41,41,41,41,41,41,41,41,41,41,41,41,41,41,41,41,42,43,43,46,47
Generacija 1, Fitness 92,31937, Gen ;0,8435;0,414;0,4864;0,7629;0,2253;0,2232;0,3257;0,5672;0,5567;0,5506;0,4475;0,0359;0,0219;0,6786;0,3911;0,2768;0,5413;0,6144;0,1013;0,9927;0,3587
,39,39,39,40,40,40,40,40,40,40,40,40,40,40,40,40,40,40,40,41,41,41,41,41,41,41,41,41,41,41,41,41,41,41,41,41,41,41,41,41,41,41,41,41,41,41,41,42,42,42,42,42,42,42,42,42,42,42,42,42,42,42,42,42,42,42,42,42,42,43,43,43,43,43,43
Generacija 1, Fitness 32,01119, Gen ;0,8435;0,414;0,4864;0,7629;0,2253;0,2232;0,3257;0,5672;0,5567;0,5506;0,4475;0,0359;0,0219;0,6786;0,3911;0,2768;0,5413;0,6144;0,1013;0,9927;0,3587
,39,39,40,40,41,41,41,41,42,42,42,42,42,42,42,42,42,42,42,42,42,42,42,42,42,42,42,42,42,42,42,42,43,43,43,43,43,43,43,43,43,43,44,44,44,44,44,44,44,44,44,44,44,45,45,45,45,45,45,45,45,45,46,46,46,47,47,47,47,48,48,50,50,55,98
Generacija 1, Fitness 93,13869, Gen ;0,8435;0,414;0,4864;0,7629;0,2253;0,2232;0,3257;0,5672;0,5567;0,5506;0,4475;0,0359;0,0219;0,6786;0,3911;0,2768;0,5413;0,6144;0,1013;0,9927;0,3587
,38,38,38,38,38,38,38,38,38,38,39,39,39,39,39,39,39,39,39,39,39,39,39,39,39,39,39,39,39,39,39,39,39,39,40,40,40,40,40,40,40,40,40,40,40,40,40,40,40,40,40,40,40,40,41,41,41,41,41,41,41,41,41,41,41,41,41,41,41,41,41,42,42,43,43
