	1Ginelli ovc
	2 AI1 ovcarjev
Generacija 1, Fitness 90,12262, Gen ;0,8642;0,8963;0,4733;0,2158;0,0643;0,906;0,842;0,3574;0,7824;0,9349;0,7334;0,9081;0,097;0,7012;0,1871;0,5745;0,3594;0,3751;0,1826;0,3273;0,5636
,44
Generacija 1, Fitness 91,92056, Gen ;0,8642;0,8963;0,4733;0,2158;0,0643;0,906;0,842;0,3574;0,7824;0,9349;0,7334;0,9081;0,097;0,7012;0,1871;0,5745;0,3594;0,3751;0,1826;0,3273;0,5636
,43
Generacija 1, Fitness 124,2743, Gen ;0,8642;0,8963;0,4733;0,2158;0,0643;0,906;0,842;0,3574;0,7824;0,9349;0,7334;0,9081;0,097;0,7012;0,1871;0,5745;0,3594;0,3751;0,1826;0,3273;0,5636
,29
Generacija 1, Fitness 74,27409, Gen ;0,8642;0,8963;0,4733;0,2158;0,0643;0,906;0,842;0,3574;0,7824;0,9349;0,7334;0,9081;0,097;0,7012;0,1871;0,5745;0,3594;0,3751;0,1826;0,3273;0,5636
,52
Generacija 1, Fitness 17,15277, Gen ;0,8642;0,8963;0,4733;0,2158;0,0643;0,906;0,842;0,3574;0,7824;0,9349;0,7334;0,9081;0,097;0,7012;0,1871;0,5745;0,3594;0,3751;0,1826;0,3273;0,5636
,102
Generacija 1, Fitness 100,7232, Gen ;0,8642;0,8963;0,4733;0,2158;0,0643;0,906;0,842;0,3574;0,7824;0,9349;0,7334;0,9081;0,097;0,7012;0,1871;0,5745;0,3594;0,3751;0,1826;0,3273;0,5636
,39
Generacija 1, Fitness 44,61203, Gen ;0,8642;0,8963;0,4733;0,2158;0,0643;0,906;0,842;0,3574;0,7824;0,9349;0,7334;0,9081;0,097;0,7012;0,1871;0,5745;0,3594;0,3751;0,1826;0,3273;0,5636
,72
Generacija 1, Fitness 103,5988, Gen ;0,8642;0,8963;0,4733;0,2158;0,0643;0,906;0,842;0,3574;0,7824;0,9349;0,7334;0,9081;0,097;0,7012;0,1871;0,5745;0,3594;0,3751;0,1826;0,3273;0,5636
,38
Generacija 1, Fitness 73,10307, Gen ;0,8642;0,8963;0,4733;0,2158;0,0643;0,906;0,842;0,3574;0,7824;0,9349;0,7334;0,9081;0,097;0,7012;0,1871;0,5745;0,3594;0,3751;0,1826;0,3273;0,5636
,53
Generacija 1, Fitness 55,26122, Gen ;0,8642;0,8963;0,4733;0,2158;0,0643;0,906;0,842;0,3574;0,7824;0,9349;0,7334;0,9081;0,097;0,7012;0,1871;0,5745;0,3594;0,3751;0,1826;0,3273;0,5636
,65
Generacija 1, Fitness 68,59606, Gen ;0,8642;0,8963;0,4733;0,2158;0,0643;0,906;0,842;0,3574;0,7824;0,9349;0,7334;0,9081;0,097;0,7012;0,1871;0,5745;0,3594;0,3751;0,1826;0,3273;0,5636
,56
Generacija 1, Fitness 70,82491, Gen ;0,8642;0,8963;0,4733;0,2158;0,0643;0,906;0,842;0,3574;0,7824;0,9349;0,7334;0,9081;0,097;0,7012;0,1871;0,5745;0,3594;0,3751;0,1826;0,3273;0,5636
,55
Generacija 1, Fitness 69,7539, Gen ;0,8642;0,8963;0,4733;0,2158;0,0643;0,906;0,842;0,3574;0,7824;0,9349;0,7334;0,9081;0,097;0,7012;0,1871;0,5745;0,3594;0,3751;0,1826;0,3273;0,5636
,55
Generacija 1, Fitness 105,792, Gen ;0,8642;0,8963;0,4733;0,2158;0,0643;0,906;0,842;0,3574;0,7824;0,9349;0,7334;0,9081;0,097;0,7012;0,1871;0,5745;0,3594;0,3751;0,1826;0,3273;0,5636
,37
Generacija 1, Fitness 23,40273, Gen ;0,8642;0,8963;0,4733;0,2158;0,0643;0,906;0,842;0,3574;0,7824;0,9349;0,7334;0,9081;0,097;0,7012;0,1871;0,5745;0,3594;0,3751;0,1826;0,3273;0,5636
,94
Generacija 1, Fitness 50,63761, Gen ;0,8642;0,8963;0,4733;0,2158;0,0643;0,906;0,842;0,3574;0,7824;0,9349;0,7334;0,9081;0,097;0,7012;0,1871;0,5745;0,3594;0,3751;0,1826;0,3273;0,5636
,68
Generacija 1, Fitness 95,12869, Gen ;0,8642;0,8963;0,4733;0,2158;0,0643;0,906;0,842;0,3574;0,7824;0,9349;0,7334;0,9081;0,097;0,7012;0,1871;0,5745;0,3594;0,3751;0,1826;0,3273;0,5636
,42
Generacija 1, Fitness 114,8792, Gen ;0,8642;0,8963;0,4733;0,2158;0,0643;0,906;0,842;0,3574;0,7824;0,9349;0,7334;0,9081;0,097;0,7012;0,1871;0,5745;0,3594;0,3751;0,1826;0,3273;0,5636
,33
Generacija 1, Fitness 69,1498, Gen ;0,8642;0,8963;0,4733;0,2158;0,0643;0,906;0,842;0,3574;0,7824;0,9349;0,7334;0,9081;0,097;0,7012;0,1871;0,5745;0,3594;0,3751;0,1826;0,3273;0,5636
,56
Generacija 1, Fitness 95,12843, Gen ;0,8642;0,8963;0,4733;0,2158;0,0643;0,906;0,842;0,3574;0,7824;0,9349;0,7334;0,9081;0,097;0,7012;0,1871;0,5745;0,3594;0,3751;0,1826;0,3273;0,5636
,42
Generacija 1, Fitness 9,082001, Gen ;0,8642;0,8963;0,4733;0,2158;0,0643;0,906;0,842;0,3574;0,7824;0,9349;0,7334;0,9081;0,097;0,7012;0,1871;0,5745;0,3594;0,3751;0,1826;0,3273;0,5636
,117
Generacija 1, Fitness 21,84119, Gen ;0,8642;0,8963;0,4733;0,2158;0,0643;0,906;0,842;0,3574;0,7824;0,9349;0,7334;0,9081;0,097;0,7012;0,1871;0,5745;0,3594;0,3751;0,1826;0,3273;0,5636
,96
Generacija 1, Fitness 88,43713, Gen ;0,8642;0,8963;0,4733;0,2158;0,0643;0,906;0,842;0,3574;0,7824;0,9349;0,7334;0,9081;0,097;0,7012;0,1871;0,5745;0,3594;0,3751;0,1826;0,3273;0,5636
,45
Generacija 1, Fitness 43,80015, Gen ;0,8642;0,8963;0,4733;0,2158;0,0643;0,906;0,842;0,3574;0,7824;0,9349;0,7334;0,9081;0,097;0,7012;0,1871;0,5745;0,3594;0,3751;0,1826;0,3273;0,5636
,73
Generacija 1, Fitness 85,21858, Gen ;0,8642;0,8963;0,4733;0,2158;0,0643;0,906;0,842;0,3574;0,7824;0,9349;0,7334;0,9081;0,097;0,7012;0,1871;0,5745;0,3594;0,3751;0,1826;0,3273;0,5636
,46
Generacija 1, Fitness 9,36088, Gen ;0,8642;0,8963;0,4733;0,2158;0,0643;0,906;0,842;0,3574;0,7824;0,9349;0,7334;0,9081;0,097;0,7012;0,1871;0,5745;0,3594;0,3751;0,1826;0,3273;0,5636
,117
Generacija 1, Fitness 27,33497, Gen ;0,8642;0,8963;0,4733;0,2158;0,0643;0,906;0,842;0,3574;0,7824;0,9349;0,7334;0,9081;0,097;0,7012;0,1871;0,5745;0,3594;0,3751;0,1826;0,3273;0,5636
,89
Generacija 1, Fitness 25,6006, Gen ;0,8642;0,8963;0,4733;0,2158;0,0643;0,906;0,842;0,3574;0,7824;0,9349;0,7334;0,9081;0,097;0,7012;0,1871;0,5745;0,3594;0,3751;0,1826;0,3273;0,5636
,91
Generacija 1, Fitness 87,79179, Gen ;0,8642;0,8963;0,4733;0,2158;0,0643;0,906;0,842;0,3574;0,7824;0,9349;0,7334;0,9081;0,097;0,7012;0,1871;0,5745;0,3594;0,3751;0,1826;0,3273;0,5636
,45
Generacija 1, Fitness 87,78246, Gen ;0,8642;0,8963;0,4733;0,2158;0,0643;0,906;0,842;0,3574;0,7824;0,9349;0,7334;0,9081;0,097;0,7012;0,1871;0,5745;0,3594;0,3751;0,1826;0,3273;0,5636
,45
Generacija 1, Fitness 25,60132, Gen ;0,8642;0,8963;0,4733;0,2158;0,0643;0,906;0,842;0,3574;0,7824;0,9349;0,7334;0,9081;0,097;0,7012;0,1871;0,5745;0,3594;0,3751;0,1826;0,3273;0,5636
,91
Generacija 1, Fitness 87,14046, Gen ;0,8642;0,8963;0,4733;0,2158;0,0643;0,906;0,842;0,3574;0,7824;0,9349;0,7334;0,9081;0,097;0,7012;0,1871;0,5745;0,3594;0,3751;0,1826;0,3273;0,5636
,45
Generacija 1, Fitness 103,6011, Gen ;0,8642;0,8963;0,4733;0,2158;0,0643;0,906;0,842;0,3574;0,7824;0,9349;0,7334;0,9081;0,097;0,7012;0,1871;0,5745;0,3594;0,3751;0,1826;0,3273;0,5636
,38
Generacija 1, Fitness 77,79684, Gen ;0,8642;0,8963;0,4733;0,2158;0,0643;0,906;0,842;0,3574;0,7824;0,9349;0,7334;0,9081;0,097;0,7012;0,1871;0,5745;0,3594;0,3751;0,1826;0,3273;0,5636
,51
Generacija 1, Fitness 86,49514, Gen ;0,8642;0,8963;0,4733;0,2158;0,0643;0,906;0,842;0,3574;0,7824;0,9349;0,7334;0,9081;0,097;0,7012;0,1871;0,5745;0,3594;0,3751;0,1826;0,3273;0,5636
,46
Generacija 1, Fitness 66,96109, Gen ;0,8642;0,8963;0,4733;0,2158;0,0643;0,906;0,842;0,3574;0,7824;0,9349;0,7334;0,9081;0,097;0,7012;0,1871;0,5745;0,3594;0,3751;0,1826;0,3273;0,5636
,57
Generacija 1, Fitness 71,95636, Gen ;0,8642;0,8963;0,4733;0,2158;0,0643;0,906;0,842;0,3574;0,7824;0,9349;0,7334;0,9081;0,097;0,7012;0,1871;0,5745;0,3594;0,3751;0,1826;0,3273;0,5636
,54
Generacija 1, Fitness 85,84702, Gen ;0,8642;0,8963;0,4733;0,2158;0,0643;0,906;0,842;0,3574;0,7824;0,9349;0,7334;0,9081;0,097;0,7012;0,1871;0,5745;0,3594;0,3751;0,1826;0,3273;0,5636
,46
Generacija 1, Fitness 102,8775, Gen ;0,8642;0,8963;0,4733;0,2158;0,0643;0,906;0,842;0,3574;0,7824;0,9349;0,7334;0,9081;0,097;0,7012;0,1871;0,5745;0,3594;0,3751;0,1826;0,3273;0,5636
,38
Generacija 1, Fitness 83,9377, Gen ;0,8642;0,8963;0,4733;0,2158;0,0643;0,906;0,842;0,3574;0,7824;0,9349;0,7334;0,9081;0,097;0,7012;0,1871;0,5745;0,3594;0,3751;0,1826;0,3273;0,5636
,47
Generacija 1, Fitness 65,34539, Gen ;0,8642;0,8963;0,4733;0,2158;0,0643;0,906;0,842;0,3574;0,7824;0,9349;0,7334;0,9081;0,097;0,7012;0,1871;0,5745;0,3594;0,3751;0,1826;0,3273;0,5636
,58
Generacija 1, Fitness 86,49306, Gen ;0,8642;0,8963;0,4733;0,2158;0,0643;0,906;0,842;0,3574;0,7824;0,9349;0,7334;0,9081;0,097;0,7012;0,1871;0,5745;0,3594;0,3751;0,1826;0,3273;0,5636
,46
Generacija 1, Fitness 116,4453, Gen ;0,8642;0,8963;0,4733;0,2158;0,0643;0,906;0,842;0,3574;0,7824;0,9349;0,7334;0,9081;0,097;0,7012;0,1871;0,5745;0,3594;0,3751;0,1826;0,3273;0,5636
,32
Generacija 1, Fitness 90,41502, Gen ;0,8642;0,8963;0,4733;0,2158;0,0643;0,906;0,842;0,3574;0,7824;0,9349;0,7334;0,9081;0,097;0,7012;0,1871;0,5745;0,3594;0,3751;0,1826;0,3273;0,5636
,44
Generacija 1, Fitness 25,60162, Gen ;0,8642;0,8963;0,4733;0,2158;0,0643;0,906;0,842;0,3574;0,7824;0,9349;0,7334;0,9081;0,097;0,7012;0,1871;0,5745;0,3594;0,3751;0,1826;0,3273;0,5636
,91
Generacija 1, Fitness 82,07252, Gen ;0,8642;0,8963;0,4733;0,2158;0,0643;0,906;0,842;0,3574;0,7824;0,9349;0,7334;0,9081;0,097;0,7012;0,1871;0,5745;0,3594;0,3751;0,1826;0,3273;0,5636
,48
Generacija 1, Fitness 94,44798, Gen ;0,8642;0,8963;0,4733;0,2158;0,0643;0,906;0,842;0,3574;0,7824;0,9349;0,7334;0,9081;0,097;0,7012;0,1871;0,5745;0,3594;0,3751;0,1826;0,3273;0,5636
,42
Generacija 1, Fitness 62,2045, Gen ;0,8642;0,8963;0,4733;0,2158;0,0643;0,906;0,842;0,3574;0,7824;0,9349;0,7334;0,9081;0,097;0,7012;0,1871;0,5745;0,3594;0,3751;0,1826;0,3273;0,5636
,60
Generacija 1, Fitness 58,16978, Gen ;0,8642;0,8963;0,4733;0,2158;0,0643;0,906;0,842;0,3574;0,7824;0,9349;0,7334;0,9081;0,097;0,7012;0,1871;0,5745;0,3594;0,3751;0,1826;0,3273;0,5636
,63
Generacija 1, Fitness 45,85915, Gen ;0,8642;0,8963;0,4733;0,2158;0,0643;0,906;0,842;0,3574;0,7824;0,9349;0,7334;0,9081;0,097;0,7012;0,1871;0,5745;0,3594;0,3751;0,1826;0,3273;0,5636
,72
Generacija 1, Fitness 122,8411, Gen ;0,8642;0,8963;0,4733;0,2158;0,0643;0,906;0,842;0,3574;0,7824;0,9349;0,7334;0,9081;0,097;0,7012;0,1871;0,5745;0,3594;0,3751;0,1826;0,3273;0,5636
,29
Generacija 1, Fitness 96,09437, Gen ;0,8642;0,8963;0,4733;0,2158;0,0643;0,906;0,842;0,3574;0,7824;0,9349;0,7334;0,9081;0,097;0,7012;0,1871;0,5745;0,3594;0,3751;0,1826;0,3273;0,5636
,41
Generacija 1, Fitness 47,1818, Gen ;0,8642;0,8963;0,4733;0,2158;0,0643;0,906;0,842;0,3574;0,7824;0,9349;0,7334;0,9081;0,097;0,7012;0,1871;0,5745;0,3594;0,3751;0,1826;0,3273;0,5636
,70
Generacija 1, Fitness 87,78625, Gen ;0,8642;0,8963;0,4733;0,2158;0,0643;0,906;0,842;0,3574;0,7824;0,9349;0,7334;0,9081;0,097;0,7012;0,1871;0,5745;0,3594;0,3751;0,1826;0,3273;0,5636
,45
Generacija 1, Fitness 83,94225, Gen ;0,8642;0,8963;0,4733;0,2158;0,0643;0,906;0,842;0,3574;0,7824;0,9349;0,7334;0,9081;0,097;0,7012;0,1871;0,5745;0,3594;0,3751;0,1826;0,3273;0,5636
,47
Generacija 1, Fitness 110,2759, Gen ;0,8642;0,8963;0,4733;0,2158;0,0643;0,906;0,842;0,3574;0,7824;0,9349;0,7334;0,9081;0,097;0,7012;0,1871;0,5745;0,3594;0,3751;0,1826;0,3273;0,5636
,34
Generacija 1, Fitness 85,21452, Gen ;0,8642;0,8963;0,4733;0,2158;0,0643;0,906;0,842;0,3574;0,7824;0,9349;0,7334;0,9081;0,097;0,7012;0,1871;0,5745;0,3594;0,3751;0,1826;0,3273;0,5636
,46
Generacija 1, Fitness 80,22055, Gen ;0,8642;0,8963;0,4733;0,2158;0,0643;0,906;0,842;0,3574;0,7824;0,9349;0,7334;0,9081;0,097;0,7012;0,1871;0,5745;0,3594;0,3751;0,1826;0,3273;0,5636
,49
Generacija 1, Fitness 76,60371, Gen ;0,8642;0,8963;0,4733;0,2158;0,0643;0,906;0,842;0,3574;0,7824;0,9349;0,7334;0,9081;0,097;0,7012;0,1871;0,5745;0,3594;0,3751;0,1826;0,3273;0,5636
,51
Generacija 1, Fitness 102,8765, Gen ;0,8642;0,8963;0,4733;0,2158;0,0643;0,906;0,842;0,3574;0,7824;0,9349;0,7334;0,9081;0,097;0,7012;0,1871;0,5745;0,3594;0,3751;0,1826;0,3273;0,5636
,38
Generacija 1, Fitness 53,84656, Gen ;0,8642;0,8963;0,4733;0,2158;0,0643;0,906;0,842;0,3574;0,7824;0,9349;0,7334;0,9081;0,097;0,7012;0,1871;0,5745;0,3594;0,3751;0,1826;0,3273;0,5636
,66
Generacija 1, Fitness 118,0167, Gen ;0,8642;0,8963;0,4733;0,2158;0,0643;0,906;0,842;0,3574;0,7824;0,9349;0,7334;0,9081;0,097;0,7012;0,1871;0,5745;0,3594;0,3751;0,1826;0,3273;0,5636
,31
Generacija 1, Fitness 13,02686, Gen ;0,8642;0,8963;0,4733;0,2158;0,0643;0,906;0,842;0,3574;0,7824;0,9349;0,7334;0,9081;0,097;0,7012;0,1871;0,5745;0,3594;0,3751;0,1826;0,3273;0,5636
,109
Generacija 1, Fitness 57,1884, Gen ;0,8642;0,8963;0,4733;0,2158;0,0643;0,906;0,842;0,3574;0,7824;0,9349;0,7334;0,9081;0,097;0,7012;0,1871;0,5745;0,3594;0,3751;0,1826;0,3273;0,5636
,63
Generacija 1, Fitness 99,30088, Gen ;0,8642;0,8963;0,4733;0,2158;0,0643;0,906;0,842;0,3574;0,7824;0,9349;0,7334;0,9081;0,097;0,7012;0,1871;0,5745;0,3594;0,3751;0,1826;0,3273;0,5636
,40
Generacija 1, Fitness 87,13853, Gen ;0,8642;0,8963;0,4733;0,2158;0,0643;0,906;0,842;0,3574;0,7824;0,9349;0,7334;0,9081;0,097;0,7012;0,1871;0,5745;0,3594;0,3751;0,1826;0,3273;0,5636
,46
Generacija 1, Fitness 109,5125, Gen ;0,8642;0,8963;0,4733;0,2158;0,0643;0,906;0,842;0,3574;0,7824;0,9349;0,7334;0,9081;0,097;0,7012;0,1871;0,5745;0,3594;0,3751;0,1826;0,3273;0,5636
,35
Generacija 1, Fitness 58,66263, Gen ;0,8642;0,8963;0,4733;0,2158;0,0643;0,906;0,842;0,3574;0,7824;0,9349;0,7334;0,9081;0,097;0,7012;0,1871;0,5745;0,3594;0,3751;0,1826;0,3273;0,5636
,62
Generacija 1, Fitness 61,18022, Gen ;0,8642;0,8963;0,4733;0,2158;0,0643;0,906;0,842;0,3574;0,7824;0,9349;0,7334;0,9081;0,097;0,7012;0,1871;0,5745;0,3594;0,3751;0,1826;0,3273;0,5636
,60
Generacija 1, Fitness 95,81618, Gen ;0,8642;0,8963;0,4733;0,2158;0,0643;0,906;0,842;0,3574;0,7824;0,9349;0,7334;0,9081;0,097;0,7012;0,1871;0,5745;0,3594;0,3751;0,1826;0,3273;0,5636
,41
Generacija 1, Fitness 23,13882, Gen ;0,8642;0,8963;0,4733;0,2158;0,0643;0,906;0,842;0,3574;0,7824;0,9349;0,7334;0,9081;0,097;0,7012;0,1871;0,5745;0,3594;0,3751;0,1826;0,3273;0,5636
,94
Generacija 1, Fitness 91,07124, Gen ;0,8642;0,8963;0,4733;0,2158;0,0643;0,906;0,842;0,3574;0,7824;0,9349;0,7334;0,9081;0,097;0,7012;0,1871;0,5745;0,3594;0,3751;0,1826;0,3273;0,5636
,44
Generacija 1, Fitness 89,75406, Gen ;0,8642;0,8963;0,4733;0,2158;0,0643;0,906;0,842;0,3574;0,7824;0,9349;0,7334;0,9081;0,097;0,7012;0,1871;0,5745;0,3594;0,3751;0,1826;0,3273;0,5636
,44
Generacija 1, Fitness 94,44568, Gen ;0,8642;0,8963;0,4733;0,2158;0,0643;0,906;0,842;0,3574;0,7824;0,9349;0,7334;0,9081;0,097;0,7012;0,1871;0,5745;0,3594;0,3751;0,1826;0,3273;0,5636
,42
Generacija 1, Fitness 84,56668, Gen ;0,8642;0,8963;0,4733;0,2158;0,0643;0,906;0,842;0,3574;0,7824;0,9349;0,7334;0,9081;0,097;0,7012;0,1871;0,5745;0,3594;0,3751;0,1826;0,3273;0,5636
,47
Generacija 1, Fitness 100,7261, Gen ;0,8642;0,8963;0,4733;0,2158;0,0643;0,906;0,842;0,3574;0,7824;0,9349;0,7334;0,9081;0,097;0,7012;0,1871;0,5745;0,3594;0,3751;0,1826;0,3273;0,5636
,39
Generacija 1, Fitness 74,25389, Gen ;0,8642;0,8963;0,4733;0,2158;0,0643;0,906;0,842;0,3574;0,7824;0,9349;0,7334;0,9081;0,097;0,7012;0,1871;0,5745;0,3594;0,3751;0,1826;0,3273;0,5636
,53
Generacija 1, Fitness 96,50886, Gen ;0,8642;0,8963;0,4733;0,2158;0,0643;0,906;0,842;0,3574;0,7824;0,9349;0,7334;0,9081;0,097;0,7012;0,1871;0,5745;0,3594;0,3751;0,1826;0,3273;0,5636
,41
Generacija 1, Fitness 58,16531, Gen ;0,8642;0,8963;0,4733;0,2158;0,0643;0,906;0,842;0,3574;0,7824;0,9349;0,7334;0,9081;0,097;0,7012;0,1871;0,5745;0,3594;0,3751;0,1826;0,3273;0,5636
,63
Generacija 1, Fitness 77,19778, Gen ;0,8642;0,8963;0,4733;0,2158;0,0643;0,906;0,842;0,3574;0,7824;0,9349;0,7334;0,9081;0,097;0,7012;0,1871;0,5745;0,3594;0,3751;0,1826;0,3273;0,5636
,51
Generacija 1, Fitness 95,13016, Gen ;0,8642;0,8963;0,4733;0,2158;0,0643;0,906;0,842;0,3574;0,7824;0,9349;0,7334;0,9081;0,097;0,7012;0,1871;0,5745;0,3594;0,3751;0,1826;0,3273;0,5636
,42
Generacija 1, Fitness 66,41993, Gen ;0,8642;0,8963;0,4733;0,2158;0,0643;0,906;0,842;0,3574;0,7824;0,9349;0,7334;0,9081;0,097;0,7012;0,1871;0,5745;0,3594;0,3751;0,1826;0,3273;0,5636
,57
Generacija 1, Fitness 28,23541, Gen ;0,8642;0,8963;0,4733;0,2158;0,0643;0,906;0,842;0,3574;0,7824;0,9349;0,7334;0,9081;0,097;0,7012;0,1871;0,5745;0,3594;0,3751;0,1826;0,3273;0,5636
,88
Generacija 1, Fitness 97,20102, Gen ;0,8642;0,8963;0,4733;0,2158;0,0643;0,906;0,842;0,3574;0,7824;0,9349;0,7334;0,9081;0,097;0,7012;0,1871;0,5745;0,3594;0,3751;0,1826;0,3273;0,5636
,41
Generacija 1, Fitness 66,96271, Gen ;0,8642;0,8963;0,4733;0,2158;0,0643;0,906;0,842;0,3574;0,7824;0,9349;0,7334;0,9081;0,097;0,7012;0,1871;0,5745;0,3594;0,3751;0,1826;0,3273;0,5636
,57
Generacija 1, Fitness 58,16587, Gen ;0,8642;0,8963;0,4733;0,2158;0,0643;0,906;0,842;0,3574;0,7824;0,9349;0,7334;0,9081;0,097;0,7012;0,1871;0,5745;0,3594;0,3751;0,1826;0,3273;0,5636
,63
Generacija 1, Fitness 71,96187, Gen ;0,8642;0,8963;0,4733;0,2158;0,0643;0,906;0,842;0,3574;0,7824;0,9349;0,7334;0,9081;0,097;0,7012;0,1871;0,5745;0,3594;0,3751;0,1826;0,3273;0,5636
,54
Generacija 1, Fitness 71,95548, Gen ;0,8642;0,8963;0,4733;0,2158;0,0643;0,906;0,842;0,3574;0,7824;0,9349;0,7334;0,9081;0,097;0,7012;0,1871;0,5745;0,3594;0,3751;0,1826;0,3273;0,5636
,54
Generacija 1, Fitness 55,74109, Gen ;0,8642;0,8963;0,4733;0,2158;0,0643;0,906;0,842;0,3574;0,7824;0,9349;0,7334;0,9081;0,097;0,7012;0,1871;0,5745;0,3594;0,3751;0,1826;0,3273;0,5636
,64
Generacija 1, Fitness 14,50804, Gen ;0,8642;0,8963;0,4733;0,2158;0,0643;0,906;0,842;0,3574;0,7824;0,9349;0,7334;0,9081;0,097;0,7012;0,1871;0,5745;0,3594;0,3751;0,1826;0,3273;0,5636
,106
Generacija 1, Fitness 90,40817, Gen ;0,8642;0,8963;0,4733;0,2158;0,0643;0,906;0,842;0,3574;0,7824;0,9349;0,7334;0,9081;0,097;0,7012;0,1871;0,5745;0,3594;0,3751;0,1826;0,3273;0,5636
,44
Generacija 1, Fitness 65,34189, Gen ;0,8642;0,8963;0,4733;0,2158;0,0643;0,906;0,842;0,3574;0,7824;0,9349;0,7334;0,9081;0,097;0,7012;0,1871;0,5745;0,3594;0,3751;0,1826;0,3273;0,5636
,58
Generacija 1, Fitness 44,19696, Gen ;0,8642;0,8963;0,4733;0,2158;0,0643;0,906;0,842;0,3574;0,7824;0,9349;0,7334;0,9081;0,097;0,7012;0,1871;0,5745;0,3594;0,3751;0,1826;0,3273;0,5636
,73
Generacija 1, Fitness 70,28716, Gen ;0,8642;0,8963;0,4733;0,2158;0,0643;0,906;0,842;0,3574;0,7824;0,9349;0,7334;0,9081;0,097;0,7012;0,1871;0,5745;0,3594;0,3751;0,1826;0,3273;0,5636
,55
Generacija 1, Fitness 52,92065, Gen ;0,8642;0,8963;0,4733;0,2158;0,0643;0,906;0,842;0,3574;0,7824;0,9349;0,7334;0,9081;0,097;0,7012;0,1871;0,5745;0,3594;0,3751;0,1826;0,3273;0,5636
,66
Generacija 1, Fitness 81,45083, Gen ;0,8642;0,8963;0,4733;0,2158;0,0643;0,906;0,842;0,3574;0,7824;0,9349;0,7334;0,9081;0,097;0,7012;0,1871;0,5745;0,3594;0,3751;0,1826;0,3273;0,5636
,48
Generacija 1, Fitness 91,07013, Gen ;0,8642;0,8963;0,4733;0,2158;0,0643;0,906;0,842;0,3574;0,7824;0,9349;0,7334;0,9081;0,097;0,7012;0,1871;0,5745;0,3594;0,3751;0,1826;0,3273;0,5636
,44
Generacija 1, Fitness 76,0135, Gen ;0,8642;0,8963;0,4733;0,2158;0,0643;0,906;0,842;0,3574;0,7824;0,9349;0,7334;0,9081;0,097;0,7012;0,1871;0,5745;0,3594;0,3751;0,1826;0,3273;0,5636
,52
Generacija 1, Fitness 59,15939, Gen ;0,8642;0,8963;0,4733;0,2158;0,0643;0,906;0,842;0,3574;0,7824;0,9349;0,7334;0,9081;0,097;0,7012;0,1871;0,5745;0,3594;0,3751;0,1826;0,3273;0,5636
,62
Generacija 1, Fitness 20,8402, Gen ;0,8642;0,8963;0,4733;0,2158;0,0643;0,906;0,842;0,3574;0,7824;0,9349;0,7334;0,9081;0,097;0,7012;0,1871;0,5745;0,3594;0,3751;0,1826;0,3273;0,5636
,97
