	100Ginelli ovc
	1 AI1 ovcarjev
Fitness 57,03717, Gen ;0,5254;0,4091;0,2879;0,2709;0,1971;0,818;0,6142;0,0554;0,7306;0,7873;0,4743;0,4832;0,6517;0,7712;0,0198;0,3499;0,5824;0,4847;0,8737;0,8259;0,2458
,46,46,46,47,47,47,47,47,47,47,47,47,48,48,48,48,49,49,49,49,49,49,49,49,49,49,50,50,51,51,51,51,51,51,51,51,51,51,51,51,51,51,51,51,51,51,51,51,51,51,51,51,51,51,51,51,51,51,51,51,51,51,51,51,51,51,51,51,52,52,52,52,52,52,52,52,52,52,52,52,52,52,52,52,52,52,52,53,53,53,54,84,84,84,84,84,84,84,84,85
Fitness 65,47799, Gen ;0,5254;0,4091;0,2879;0,2709;0,1971;0,818;0,6142;0,0554;0,7306;0,7873;0,4743;0,4832;0,6517;0,7712;0,0198;0,3499;0,5824;0,4847;0,8737;0,8259;0,2458
,49,49,49,49,49,50,50,50,50,50,50,50,50,50,51,51,51,51,51,51,51,51,51,51,51,52,52,52,52,52,52,52,52,52,52,52,52,52,52,52,52,52,52,52,52,52,52,52,52,52,52,52,52,52,52,52,52,52,52,52,52,52,52,52,52,52,52,52,53,53,53,53,53,53,53,53,53,53,53,53,53,53,53,53,53,54,54,54,54,54,54,54,54,54,54,55,55,55,55,56
Fitness 70,65467, Gen ;0,5254;0,4091;0,2879;0,2709;0,1971;0,818;0,6142;0,0554;0,7306;0,7873;0,4743;0,4832;0,6517;0,7712;0,0198;0,3499;0,5824;0,4847;0,8737;0,8259;0,2458
,56,56,57,57,57,57,57,57,57,57,57,57,57,57,57,58,58,58,58,58,58,59,59,59,60,60,60,60,60,60,60,60,60,60,60,60,60,60,60,60,60,60,60,60,60,60,60,60,61,61,61,61,61,61,61,61,61,61,61,61,61,61,61,61,61,61,61,61,61,61,62,62,62,62,62,62,62,62,62,62,63,63,63,63,63,63,63,63,63,63,66,66,66,66,68,76,76,77,77,82
Fitness 40,60153, Gen ;0,5254;0,4091;0,2879;0,2709;0,1971;0,818;0,6142;0,0554;0,7306;0,7873;0,4743;0,4832;0,6517;0,7712;0,0198;0,3499;0,5824;0,4847;0,8737;0,8259;0,2458
,52,52,52,52,53,53,53,53,53,53,53,53,53,53,54,54,54,55,55,55,55,55,55,55,56,56,56,56,56,56,56,56,56,56,56,56,56,56,56,56,56,56,56,56,56,56,56,56,56,56,57,57,57,57,57,57,57,57,57,57,57,57,57,57,57,57,57,57,57,57,57,58,58,58,58,58,58,58,58,58,58,58,58,58,58,59,59,59,59,59,59,59,59,59,60,60,60,61,62,64
Fitness 70,17837, Gen ;0,5254;0,4091;0,2879;0,2709;0,1971;0,818;0,6142;0,0554;0,7306;0,7873;0,4743;0,4832;0,6517;0,7712;0,0198;0,3499;0,5824;0,4847;0,8737;0,8259;0,2458
,63,63,63,63,63,63,63,63,63,63,63,64,64,64,64,64,64,64,65,65,65,65,66,66,66,66,66,67,67,67,67,67,67,67,67,67,67,67,67,67,67,67,67,67,67,67,67,67,67,67,67,67,67,67,67,67,67,67,67,67,67,67,67,67,67,67,67,67,67,67,67,68,68,68,68,68,68,69,69,69,69,69,69,69,69,69,69,70,70,70,70,70,71,72,72,73,73
Fitness 40,71794, Gen ;0,5254;0,4091;0,2879;0,2709;0,1971;0,818;0,6142;0,0554;0,7306;0,7873;0,4743;0,4832;0,6517;0,7712;0,0198;0,3499;0,5824;0,4847;0,8737;0,8259;0,2458
,50,50,50,50,50,50,50,50,50,51,51,51,51,51,52,52,52,52,52,52,52,52,52,53,53,53,53,53,54,54,54,54,54,54,54,54,54,54,54,54,54,54,54,54,54,54,54,54,54,54,54,54,54,54,54,54,54,54,54,54,54,54,54,54,54,54,54,54,54,54,54,54,54,54,54,55,55,55,55,55,55,55,55,55,55,55,55,56,56,56,56,56,56,56,57,58,58,58,59,60
Fitness 59,18595, Gen ;0,5254;0,4091;0,2879;0,2709;0,1971;0,818;0,6142;0,0554;0,7306;0,7873;0,4743;0,4832;0,6517;0,7712;0,0198;0,3499;0,5824;0,4847;0,8737;0,8259;0,2458
,72,72,72,72,72,73,73,73,73,73,73,73,73,73,74,74,74,74,74,74,74,75,75,75,75,75,75,75,76,76,76,76,76,76,76,76,76,76,76,76,76,76,76,76,76,76,76,76,76,76,76,76,76,76,76,76,76,76,76,76,76,76,76,76,76,76,77,77,77,77,77,77,77,77,77,78,78,78,78,78,79,79,79,79,80,80,81,82,83,83,84,84,85,85,86,86,86,88,88,93
Fitness 5,883374E-05, Gen ;0,5254;0,4091;0,2879;0,2709;0,1971;0,818;0,6142;0,0554;0,7306;0,7873;0,4743;0,4832;0,6517;0,7712;0,0198;0,3499;0,5824;0,4847;0,8737;0,8259;0,2458
,49,49,49,49,49,49,49,50,50,50,50,50,50,51,51,51,51,51,51,52,52,52,52,52,52,52,52,53,53,53,53,53,53,53,53,53,53,53,53,53,53,53,53,53,53,53,53,53,53,53,53,53,53,53,53,53,53,53,53,53,53,53,53,53,53,53,53,53,53,54,54,54,54,54,54,54,54,54,54,54,54,54,54,55,55,55,55,55,55,55,55,55,55,55,55,55,57,57,57,60
Fitness 65,24214, Gen ;0,5254;0,4091;0,2879;0,2709;0,1971;0,818;0,6142;0,0554;0,7306;0,7873;0,4743;0,4832;0,6517;0,7712;0,0198;0,3499;0,5824;0,4847;0,8737;0,8259;0,2458
,51,51,51,51,51,51,51,51,52,52,53,53,53,53,53,53,53,53,53,53,53,54,54,54,54,54,54,54,54,54,54,54,54,54,54,54,54,54,54,54,54,54,54,54,54,54,54,54,55,55,55,55,55,55,55,55,55,55,55,55,55,55,55,55,55,55,55,55,55,55,55,55,55,55,55,55,55,55,55,55,55,55,55,55,56,56,56,56,56,56,56,56,56,56,57,57,58,58,58,62
Fitness 27,72108, Gen ;0,5254;0,4091;0,2879;0,2709;0,1971;0,818;0,6142;0,0554;0,7306;0,7873;0,4743;0,4832;0,6517;0,7712;0,0198;0,3499;0,5824;0,4847;0,8737;0,8259;0,2458
,59,59,59,59,60,60,60,60,61,61,61,61,61,61,62,62,62,62,62,62,62,62,62,62,63,63,63,63,63,63,63,63,63,63,63,63,63,63,63,63,63,63,63,63,63,63,63,63,63,63,64,64,64,64,64,64,64,64,64,64,64,64,64,64,64,64,64,64,64,64,64,64,64,64,64,64,64,64,64,64,64,64,64,65,65,65,65,65,65,65,65,65,65,65,65,66,66,67,67,67
Fitness 64,96619, Gen ;0,5254;0,4091;0,2879;0,2709;0,1971;0,818;0,6142;0,0554;0,7306;0,7873;0,4743;0,4832;0,6517;0,7712;0,0198;0,3499;0,5824;0,4847;0,8737;0,8259;0,2458
,68,68,68,68,68,68,68,68,68,68,68,68,68,68,69,69,69,69,69,69,69,69,70,70,70,70,70,71,71,71,71,71,71,71,71,71,71,71,71,71,71,71,71,71,71,71,71,71,71,71,71,71,71,71,71,71,71,72,72,72,72,72,72,72,72,72,72,72,72,72,72,72,72,72,72,72,72,73,73,73,73,73,73,73,73,73,73,73,73,74,74,74,74,74,74,75,76
Fitness 62,14696, Gen ;0,5254;0,4091;0,2879;0,2709;0,1971;0,818;0,6142;0,0554;0,7306;0,7873;0,4743;0,4832;0,6517;0,7712;0,0198;0,3499;0,5824;0,4847;0,8737;0,8259;0,2458
,69,69,69,69,69,69,69,69,69,69,69,70,70,70,70,70,70,71,71,71,71,71,71,71,72,72,72,72,72,72,72,72,72,72,72,72,72,72,72,72,72,72,72,72,72,72,72,72,72,72,72,72,73,73,73,73,73,73,73,73,73,73,73,73,73,73,73,73,73,73,74,74,74,74,74,74,74,74,74,75,75,75,75,75,75,75,75,75,75,75,75,76,76,76,76,76,76,76
Fitness 52,71807, Gen ;0,5254;0,4091;0,2879;0,2709;0,1971;0,818;0,6142;0,0554;0,7306;0,7873;0,4743;0,4832;0,6517;0,7712;0,0198;0,3499;0,5824;0,4847;0,8737;0,8259;0,2458
,68,68,68,68,68,68,68,69,69,69,69,69,69,70,70,70,70,70,70,70,71,71,71,71,71,71,71,71,72,72,72,72,72,72,72,72,72,72,72,72,72,72,72,72,72,72,72,72,72,72,72,72,72,72,72,72,72,72,72,72,72,72,72,72,72,72,72,72,73,73,73,73,73,73,73,73,73,73,73,73,73,73,73,73,74,74,74,74,74,74,74,74,74,75,75,75,75,76,77,81
Fitness 3,035003E-05, Gen ;0,5254;0,4091;0,2879;0,2709;0,1971;0,818;0,6142;0,0554;0,7306;0,7873;0,4743;0,4832;0,6517;0,7712;0,0198;0,3499;0,5824;0,4847;0,8737;0,8259;0,2458
,43,44,44,44,44,44,44,45,45,45,45,45,45,45,46,46,46,46,46,46,47,47,47,47,47,47,47,47,47,47,47,47,47,47,47,47,47,47,47,47,47,47,47,47,47,47,47,47,47,48,48,48,48,48,48,48,48,48,48,48,48,48,48,48,48,48,48,48,48,48,48,48,48,48,48,48,48,48,48,48,48,48,48,48,48,49,49,49,49,49,49,49,50,50,50,51,51,51,52,52
Fitness 6,876125E-05, Gen ;0,5254;0,4091;0,2879;0,2709;0,1971;0,818;0,6142;0,0554;0,7306;0,7873;0,4743;0,4832;0,6517;0,7712;0,0198;0,3499;0,5824;0,4847;0,8737;0,8259;0,2458
,45,45,45,46,46,46,46,46,47,47,47,47,47,47,47,47,47,48,48,48,48,48,48,48,48,48,48,48,48,48,48,49,49,49,49,49,49,49,49,49,49,49,49,49,49,49,49,49,49,49,49,49,49,49,50,50,50,50,50,50,50,50,50,50,50,50,50,50,50,50,50,50,50,50,50,50,50,50,50,51,51,51,51,51,51,51,51,51,51,53,53,102,102,102,102,103,103,103,105,105
Fitness 37,60609, Gen ;0,5254;0,4091;0,2879;0,2709;0,1971;0,818;0,6142;0,0554;0,7306;0,7873;0,4743;0,4832;0,6517;0,7712;0,0198;0,3499;0,5824;0,4847;0,8737;0,8259;0,2458
,55,55,55,55,55,55,55,55,55,56,56,56,56,56,57,57,57,57,58,58,58,58,58,58,58,58,58,58,58,59,59,59,59,59,59,59,59,59,59,59,59,59,59,59,59,59,59,59,59,59,59,59,59,59,59,59,59,59,59,59,59,59,59,59,59,59,60,60,60,60,60,60,60,60,60,60,60,60,60,60,60,60,60,60,60,60,60,61,61,61,61,61,62,62,63,63,63,64,67,67
Fitness 76,9735, Gen ;0,5254;0,4091;0,2879;0,2709;0,1971;0,818;0,6142;0,0554;0,7306;0,7873;0,4743;0,4832;0,6517;0,7712;0,0198;0,3499;0,5824;0,4847;0,8737;0,8259;0,2458
,54,54,54,54,56,56,56,56,56,56,57,57,57,57,57,57,57,57,57,57,57,57,57,57,57,57,58,58,58,58,58,58,58,58,58,58,58,58,58,58,58,58,58,58,58,58,58,58,58,58,58,58,58,58,58,58,58,58,58,58,58,58,59,59,59,59,59,59,59,59,59,59,59,59,59,59,59,59,59,59,59,59,59,59,59,59,59,59,60,60,60,61,61,62,62,63,63,65,65,65
Fitness 25,15951, Gen ;0,5254;0,4091;0,2879;0,2709;0,1971;0,818;0,6142;0,0554;0,7306;0,7873;0,4743;0,4832;0,6517;0,7712;0,0198;0,3499;0,5824;0,4847;0,8737;0,8259;0,2458
,49,50,50,50,50,50,51,51,51,51,51,51,51,51,51,51,51,52,52,52,52,52,52,52,52,52,52,53,53,53,53,53,53,53,53,53,53,53,53,53,54,54,54,54,54,54,54,54,54,54,54,54,54,54,54,54,54,54,54,54,54,54,54,54,54,54,54,54,54,54,54,54,54,54,54,54,54,54,54,54,55,55,55,55,55,55,55,55,56,56,56,56,57,57,57,57,57,57,58,59
Fitness 54,57348, Gen ;0,5254;0,4091;0,2879;0,2709;0,1971;0,818;0,6142;0,0554;0,7306;0,7873;0,4743;0,4832;0,6517;0,7712;0,0198;0,3499;0,5824;0,4847;0,8737;0,8259;0,2458
,47,47,47,47,47,47,47,47,48,48,48,49,49,49,49,49,49,49,49,49,49,50,50,50,50,50,51,51,51,51,51,51,51,51,51,51,51,51,51,51,51,51,51,51,51,51,51,51,51,51,51,51,51,51,51,51,51,51,51,51,51,51,51,51,51,51,51,51,51,51,51,51,51,52,52,52,52,52,52,52,52,52,52,52,52,52,52,53,53,53,53,53,53,53,53,53,53,55,55,58
Fitness 57,43789, Gen ;0,5254;0,4091;0,2879;0,2709;0,1971;0,818;0,6142;0,0554;0,7306;0,7873;0,4743;0,4832;0,6517;0,7712;0,0198;0,3499;0,5824;0,4847;0,8737;0,8259;0,2458
,51,52,52,52,52,52,52,52,53,53,53,53,53,54,54,54,54,54,54,55,55,55,55,55,55,55,55,55,56,56,56,56,56,56,56,56,56,56,56,56,56,56,56,56,56,56,56,56,56,56,56,56,56,56,56,56,56,56,56,56,56,56,56,56,56,56,56,56,56,56,56,56,56,56,56,57,57,57,57,57,57,57,57,57,57,57,57,58,58,58,58,58,58,58,59,59,59,59,60,63
Fitness 66,33663, Gen ;0,5254;0,4091;0,2879;0,2709;0,1971;0,818;0,6142;0,0554;0,7306;0,7873;0,4743;0,4832;0,6517;0,7712;0,0198;0,3499;0,5824;0,4847;0,8737;0,8259;0,2458
,55,55,55,56,56,56,56,56,56,56,56,56,56,56,57,57,57,57,57,57,57,57,58,58,58,59,59,59,59,59,59,59,59,59,59,59,59,59,59,59,59,59,59,59,59,59,59,59,59,59,59,59,59,59,59,59,60,60,60,60,60,60,60,60,60,60,60,60,60,60,60,60,60,60,60,60,60,60,60,60,60,60,61,61,62,62,62,62,62,63,63,63,63,63,63,63,63,64,64,65
Fitness 68,2957, Gen ;0,5254;0,4091;0,2879;0,2709;0,1971;0,818;0,6142;0,0554;0,7306;0,7873;0,4743;0,4832;0,6517;0,7712;0,0198;0,3499;0,5824;0,4847;0,8737;0,8259;0,2458
,64,64,64,64,64,64,64,64,64,64,65,65,65,66,66,66,66,66,66,66,66,66,67,67,67,67,67,67,67,67,67,67,67,67,67,67,67,67,67,67,67,67,67,68,68,68,68,68,68,68,68,68,68,68,68,68,68,68,68,68,68,68,68,68,68,68,68,68,68,68,68,68,68,69,69,69,69,69,69,69,69,69,69,70,70,70,70,70,71,71,71,71,72,72,73,73,75,76,77,83
Fitness 61,12299, Gen ;0,5254;0,4091;0,2879;0,2709;0,1971;0,818;0,6142;0,0554;0,7306;0,7873;0,4743;0,4832;0,6517;0,7712;0,0198;0,3499;0,5824;0,4847;0,8737;0,8259;0,2458
,43,43,43,44,44,44,45,45,46,46,46,46,46,46,46,46,46,46,46,46,47,47,47,47,47,47,47,47,47,47,47,47,47,47,47,47,47,47,47,47,47,47,47,47,47,47,47,47,47,47,47,47,47,47,47,48,48,48,48,48,48,48,48,48,48,48,48,48,48,48,48,48,48,48,48,48,48,48,48,48,48,48,48,48,48,48,48,49,49,49,49,49,58,58,58,58,58,59
Fitness 56,71977, Gen ;0,5254;0,4091;0,2879;0,2709;0,1971;0,818;0,6142;0,0554;0,7306;0,7873;0,4743;0,4832;0,6517;0,7712;0,0198;0,3499;0,5824;0,4847;0,8737;0,8259;0,2458
,48,49,49,49,50,50,50,50,50,50,50,50,50,50,51,51,51,51,51,51,51,52,52,52,52,52,52,52,52,52,52,52,52,52,52,52,52,52,52,52,52,52,52,52,52,52,52,52,52,52,52,52,52,52,52,52,52,52,52,52,52,52,53,53,53,53,53,53,53,53,53,53,53,53,53,53,53,53,53,53,53,53,53,53,53,53,53,53,53,53,54,54,54,54,54,54,55,55,55,55
Fitness 37,12036, Gen ;0,5254;0,4091;0,2879;0,2709;0,1971;0,818;0,6142;0,0554;0,7306;0,7873;0,4743;0,4832;0,6517;0,7712;0,0198;0,3499;0,5824;0,4847;0,8737;0,8259;0,2458
,61,61,61,61,61,61,61,61,61,62,62,62,62,62,63,63,63,63,63,63,64,64,64,64,64,64,64,64,64,64,64,64,64,64,64,64,64,65,65,65,65,65,65,65,65,65,65,65,65,65,65,65,65,65,65,65,65,65,65,65,65,65,65,65,65,65,65,65,65,65,66,66,66,66,66,66,66,66,66,66,66,66,66,66,66,66,67,67,67,67,68
Fitness 0,0001549753, Gen ;0,5254;0,4091;0,2879;0,2709;0,1971;0,818;0,6142;0,0554;0,7306;0,7873;0,4743;0,4832;0,6517;0,7712;0,0198;0,3499;0,5824;0,4847;0,8737;0,8259;0,2458
,43,43,44,44,45,45,45,45,45,45,45,46,46,46,46,46,46,46,46,46,46,46,46,46,47,47,47,47,47,47,47,47,47,47,47,47,47,47,47,47,47,47,47,47,47,47,47,47,47,47,47,47,47,47,47,47,47,47,47,47,47,47,47,47,47,47,47,47,47,48,48,48,48,48,48,48,48,48,48,48,48,48,48,48,48,48,48,48,49,49,49,49,49,49,50,50,50,50,51,53
Fitness 70,88711, Gen ;0,5254;0,4091;0,2879;0,2709;0,1971;0,818;0,6142;0,0554;0,7306;0,7873;0,4743;0,4832;0,6517;0,7712;0,0198;0,3499;0,5824;0,4847;0,8737;0,8259;0,2458
,53,53,53,53,53,53,53,53,54,54,54,54,54,54,55,55,55,55,55,55,55,56,56,56,56,56,56,56,56,56,56,56,56,56,56,56,56,56,56,56,56,56,56,56,56,56,56,56,57,57,57,57,57,57,57,57,57,57,57,57,57,57,57,57,57,57,57,57,57,57,57,57,57,57,57,57,57,57,58,58,58,58,58,58,59,59,62,63,67,67,67,67,67,67,68,68,69,70
Fitness 5,622302E-05, Gen ;0,5254;0,4091;0,2879;0,2709;0,1971;0,818;0,6142;0,0554;0,7306;0,7873;0,4743;0,4832;0,6517;0,7712;0,0198;0,3499;0,5824;0,4847;0,8737;0,8259;0,2458
,43,43,43,43,43,43,43,43,44,44,44,45,45,45,45,45,45,46,46,46,46,46,46,47,47,47,47,47,47,47,47,47,47,47,47,47,47,47,47,47,47,47,47,47,47,47,47,47,47,47,47,47,47,47,47,47,47,47,47,47,47,47,47,47,48,48,48,48,48,48,48,48,48,48,48,48,48,48,48,48,48,48,48,48,48,48,49,49,49,49,49,49,49,50,50,50,50,52,53,53
Fitness 76,99804, Gen ;0,5254;0,4091;0,2879;0,2709;0,1971;0,818;0,6142;0,0554;0,7306;0,7873;0,4743;0,4832;0,6517;0,7712;0,0198;0,3499;0,5824;0,4847;0,8737;0,8259;0,2458
,49,49,49,49,49,49,49,49,49,49,50,50,50,50,51,51,51,51,51,51,51,52,52,52,52,52,52,53,53,53,53,53,53,53,53,53,53,53,53,53,53,53,53,53,53,53,53,53,53,53,53,53,53,53,53,53,53,53,53,53,53,53,53,53,53,53,54,54,54,54,54,54,54,54,54,54,54,54,54,54,54,54,54,54,54,54,54,54,54,54,54,54,55,55,55,55,80,80,80,83
Fitness 4,583381E-05, Gen ;0,5254;0,4091;0,2879;0,2709;0,1971;0,818;0,6142;0,0554;0,7306;0,7873;0,4743;0,4832;0,6517;0,7712;0,0198;0,3499;0,5824;0,4847;0,8737;0,8259;0,2458
,61,61,61,61,62,62,62,62,62,62,63,63,63,63,63,63,63,63,63,64,64,64,64,64,64,64,64,65,65,65,65,65,65,65,65,65,65,65,65,65,65,65,65,65,65,65,65,65,65,65,66,66,66,66,66,66,66,66,66,66,66,66,66,66,66,66,66,66,66,66,66,66,66,66,66,66,66,66,66,66,66,67,67,67,67,67,67,67,67,67,67,68,68,69,69,70,70,70,71
Fitness 76,24909, Gen ;0,5254;0,4091;0,2879;0,2709;0,1971;0,818;0,6142;0,0554;0,7306;0,7873;0,4743;0,4832;0,6517;0,7712;0,0198;0,3499;0,5824;0,4847;0,8737;0,8259;0,2458
,65,65,65,65,65,65,65,65,66,66,66,66,67,67,67,67,67,67,68,68,68,68,68,68,69,69,69,69,69,69,69,69,69,69,69,69,69,69,69,69,69,69,69,69,69,69,69,69,69,69,69,70,70,70,70,70,70,70,70,70,70,70,70,70,70,70,70,70,70,70,70,70,70,70,70,70,70,70,70,71,71,71,71,71,71,71,71,71,71,71,71,71,71,71,71,72,72,72,73,74
Fitness 42,66788, Gen ;0,5254;0,4091;0,2879;0,2709;0,1971;0,818;0,6142;0,0554;0,7306;0,7873;0,4743;0,4832;0,6517;0,7712;0,0198;0,3499;0,5824;0,4847;0,8737;0,8259;0,2458
,53,53,53,53,54,54,54,54,54,54,54,54,54,54,54,55,55,55,56,56,56,56,56,56,56,56,57,57,57,57,57,57,57,57,57,57,57,57,57,57,57,57,57,57,57,57,57,57,57,57,57,58,58,58,58,58,58,58,58,58,58,58,58,58,58,58,58,58,58,58,58,58,58,58,58,58,59,59,59,59,59,59,59,59,59,59,59,60,60,60,60,60,60,60,60,61,61,61,62,62
Fitness 4,127855E-05, Gen ;0,5254;0,4091;0,2879;0,2709;0,1971;0,818;0,6142;0,0554;0,7306;0,7873;0,4743;0,4832;0,6517;0,7712;0,0198;0,3499;0,5824;0,4847;0,8737;0,8259;0,2458
,60,60,60,60,60,61,61,61,61,61,61,61,62,62,63,63,63,63,63,63,63,63,64,64,64,64,64,64,64,64,64,64,64,64,64,64,64,64,64,64,64,64,64,64,64,64,64,64,64,64,65,65,65,65,65,65,65,65,65,65,65,65,65,65,65,65,65,65,65,65,65,65,65,65,65,65,65,65,65,65,65,66,66,66,66,66,66,66,67,67,67,67,67,67,68,70,78,79
Fitness 44,41412, Gen ;0,5254;0,4091;0,2879;0,2709;0,1971;0,818;0,6142;0,0554;0,7306;0,7873;0,4743;0,4832;0,6517;0,7712;0,0198;0,3499;0,5824;0,4847;0,8737;0,8259;0,2458
,42,43,43,44,44,44,44,44,44,44,44,44,45,45,45,45,45,45,45,45,45,46,46,46,46,46,46,46,46,46,46,46,46,46,46,47,47,47,47,47,47,47,47,47,47,47,47,47,47,47,47,47,47,47,47,47,47,47,47,47,47,47,47,47,47,47,47,47,47,47,47,47,47,47,47,47,47,47,47,47,48,48,48,48,48,48,48,48,48,49,49,49,49,49,49,50,50,50,53,55
Fitness 60,78641, Gen ;0,5254;0,4091;0,2879;0,2709;0,1971;0,818;0,6142;0,0554;0,7306;0,7873;0,4743;0,4832;0,6517;0,7712;0,0198;0,3499;0,5824;0,4847;0,8737;0,8259;0,2458
,54,54,54,54,55,55,55,56,56,56,56,56,56,57,57,57,57,57,57,57,57,57,57,57,57,57,57,57,57,58,58,58,58,58,58,58,58,58,58,58,58,58,58,58,58,58,58,58,58,58,58,58,58,58,58,58,58,58,58,58,58,58,58,58,58,58,58,58,59,59,59,59,59,59,59,59,59,59,59,59,59,59,59,59,59,59,60,60,60,60,60,60,60,60,60,60,60,61,61,61
Fitness 3,082218E-05, Gen ;0,5254;0,4091;0,2879;0,2709;0,1971;0,818;0,6142;0,0554;0,7306;0,7873;0,4743;0,4832;0,6517;0,7712;0,0198;0,3499;0,5824;0,4847;0,8737;0,8259;0,2458
,61,61,61,61,61,61,61,62,62,62,62,62,63,63,63,63,63,63,63,63,63,64,64,64,64,65,65,65,65,65,65,65,65,65,65,65,65,65,65,65,65,65,65,65,65,65,65,65,65,65,65,65,65,65,65,65,65,65,65,65,66,66,66,66,66,66,66,66,66,66,66,66,66,66,66,66,66,66,66,66,66,67,67,67,67,67,67,67,67,67,67,67,68,68,68,68,68,71,71,73
Fitness 73,95284, Gen ;0,5254;0,4091;0,2879;0,2709;0,1971;0,818;0,6142;0,0554;0,7306;0,7873;0,4743;0,4832;0,6517;0,7712;0,0198;0,3499;0,5824;0,4847;0,8737;0,8259;0,2458
,50,51,51,51,51,51,51,51,51,51,51,52,52,52,52,52,52,52,53,53,53,53,53,53,53,54,54,54,54,54,54,55,55,55,55,55,55,55,55,55,55,55,55,55,55,55,55,55,55,55,55,55,55,55,55,55,55,55,55,55,55,55,55,56,56,56,56,56,56,56,56,56,56,56,56,56,56,56,56,57,57,57,57,57,57,57,57,57,57,58,58,58,58
Fitness 61,34523, Gen ;0,5254;0,4091;0,2879;0,2709;0,1971;0,818;0,6142;0,0554;0,7306;0,7873;0,4743;0,4832;0,6517;0,7712;0,0198;0,3499;0,5824;0,4847;0,8737;0,8259;0,2458
,58,58,58,59,59,59,59,59,59,59,59,59,60,60,60,60,60,61,61,61,61,61,61,61,61,62,62,62,62,62,62,62,62,62,62,62,62,62,62,62,62,62,62,62,62,62,62,62,62,62,62,62,62,62,62,62,63,63,63,63,63,63,63,63,63,63,63,63,63,63,63,63,63,63,63,63,63,63,63,63,63,63,64,64,64,64,64,64,64,64,64,64,64,64,64,67,67,67,67,70
Fitness 46,47458, Gen ;0,5254;0,4091;0,2879;0,2709;0,1971;0,818;0,6142;0,0554;0,7306;0,7873;0,4743;0,4832;0,6517;0,7712;0,0198;0,3499;0,5824;0,4847;0,8737;0,8259;0,2458
,47,47,47,47,47,47,48,48,48,48,48,48,48,48,48,48,49,49,49,49,49,49,49,50,50,50,50,51,51,51,51,51,51,51,51,51,51,51,51,51,51,51,51,51,51,51,51,51,51,51,51,51,51,51,51,51,51,51,51,51,52,52,52,52,52,52,52,52,52,52,52,52,52,52,52,52,52,52,52,52,52,52,52,52,53,53,53,53,53,53,53,53,87,87,88,88,88,88,89,90
Fitness 3,723902E-05, Gen ;0,5254;0,4091;0,2879;0,2709;0,1971;0,818;0,6142;0,0554;0,7306;0,7873;0,4743;0,4832;0,6517;0,7712;0,0198;0,3499;0,5824;0,4847;0,8737;0,8259;0,2458
,62,62,62,62,62,62,62,62,62,63,63,63,63,64,64,64,64,64,64,64,65,65,65,65,65,65,66,66,66,66,66,66,66,66,66,66,66,66,66,66,66,66,66,66,66,66,66,66,66,66,66,66,66,66,66,66,66,66,66,66,66,66,66,66,66,66,66,66,66,66,66,66,66,67,67,67,67,67,67,67,67,67,67,67,67,67,68,68,68,68,68,68,68,68,68,68,70,70,71,71
Fitness 50,68855, Gen ;0,5254;0,4091;0,2879;0,2709;0,1971;0,818;0,6142;0,0554;0,7306;0,7873;0,4743;0,4832;0,6517;0,7712;0,0198;0,3499;0,5824;0,4847;0,8737;0,8259;0,2458
,68,68,68,68,68,68,68,68,68,68,68,69,69,69,69,69,69,70,70,70,70,70,70,71,71,71,71,72,72,72,72,72,72,72,72,72,72,72,72,72,72,72,72,72,72,72,72,72,72,72,72,72,72,72,72,72,72,72,73,73,73,73,73,73,73,73,73,73,73,73,73,73,73,73,73,73,73,73,73,73,73,74,74,74,115,115,115,116,117,117,117,118,118,119,119,120,120,120,122,126
Fitness 36,34721, Gen ;0,5254;0,4091;0,2879;0,2709;0,1971;0,818;0,6142;0,0554;0,7306;0,7873;0,4743;0,4832;0,6517;0,7712;0,0198;0,3499;0,5824;0,4847;0,8737;0,8259;0,2458
,61,62,62,62,62,62,62,62,62,62,62,63,63,64,64,64,64,64,64,64,64,65,65,65,65,65,65,65,66,66,66,66,66,66,66,66,66,66,66,66,66,66,66,66,66,66,66,66,66,66,66,66,66,66,66,67,67,67,67,67,67,67,67,67,67,67,67,67,67,67,67,67,67,67,67,67,67,67,68,68,68,68,68,68,68,68,68,69,69,103,104,104,104,104,104,104,105,105,105,107
Fitness 48,49629, Gen ;0,5254;0,4091;0,2879;0,2709;0,1971;0,818;0,6142;0,0554;0,7306;0,7873;0,4743;0,4832;0,6517;0,7712;0,0198;0,3499;0,5824;0,4847;0,8737;0,8259;0,2458
,52,53,53,53,53,53,53,53,53,53,53,53,53,53,53,54,54,55,55,55,55,55,55,56,56,56,56,56,56,56,56,57,57,57,57,57,57,57,57,57,57,57,57,57,57,57,57,57,57,57,57,57,57,57,57,57,57,57,57,57,57,57,57,57,57,57,57,57,57,57,57,57,57,58,58,58,58,58,58,58,58,58,58,58,58,58,59,59,59,59,59,59,59,60,61,61,62,62,63,64
Fitness 10,5389, Gen ;0,5254;0,4091;0,2879;0,2709;0,1971;0,818;0,6142;0,0554;0,7306;0,7873;0,4743;0,4832;0,6517;0,7712;0,0198;0,3499;0,5824;0,4847;0,8737;0,8259;0,2458
,61,62,62,62,62,62,62,62,63,63,63,63,63,64,64,64,64,64,64,64,64,65,65,65,65,65,65,65,66,66,66,66,66,66,66,66,66,66,66,66,66,66,66,66,66,66,66,66,67,67,67,67,67,67,67,67,67,67,67,67,67,67,67,67,67,68,68,68,68,68,68,68,68,72,72,74,74,74,74,74,74,75,75,75,75,75,75,75,75,77,78,78,79,79,79,80,81,81
Fitness 20,93579, Gen ;0,5254;0,4091;0,2879;0,2709;0,1971;0,818;0,6142;0,0554;0,7306;0,7873;0,4743;0,4832;0,6517;0,7712;0,0198;0,3499;0,5824;0,4847;0,8737;0,8259;0,2458
,49,49,50,50,50,50,50,50,50,51,51,51,51,51,51,51,51,51,52,52,52,52,52,52,52,53,53,53,53,53,53,53,53,53,53,53,53,53,53,53,53,53,53,53,53,53,53,53,53,53,53,53,54,54,54,54,54,54,54,54,54,54,54,54,54,54,54,54,54,54,54,54,54,54,54,55,55,55,55,55,55,55,55,56,56,56,56,56,56,56,56,56,56,56,57,57
Fitness 59,13818, Gen ;0,5254;0,4091;0,2879;0,2709;0,1971;0,818;0,6142;0,0554;0,7306;0,7873;0,4743;0,4832;0,6517;0,7712;0,0198;0,3499;0,5824;0,4847;0,8737;0,8259;0,2458
,62,62,62,62,62,62,62,62,63,63,63,63,63,63,64,64,64,64,65,65,65,65,65,65,65,66,66,66,66,66,66,66,66,66,66,66,66,66,66,66,66,66,66,66,66,66,66,66,66,66,66,66,66,66,66,66,66,66,66,66,66,66,67,67,67,67,67,67,67,67,67,67,68,68,68,68,69,69,69,69,69,69,69,69,70,70,70,70,71,71,71,72,72,72,73,74,76,81,81,82
Fitness 5,308647E-05, Gen ;0,5254;0,4091;0,2879;0,2709;0,1971;0,818;0,6142;0,0554;0,7306;0,7873;0,4743;0,4832;0,6517;0,7712;0,0198;0,3499;0,5824;0,4847;0,8737;0,8259;0,2458
,52,52,52,53,53,53,53,53,53,53,53,53,54,54,54,54,54,55,55,55,55,55,55,56,56,56,56,56,56,56,56,56,56,56,56,56,56,56,56,56,56,56,56,56,56,56,56,56,56,57,57,57,57,57,57,57,57,57,57,57,57,57,57,57,57,57,57,57,57,57,57,57,57,57,57,57,57,57,57,57,57,57,58,58,58,58,59,59,59,59,59,59,59,60,60,61,61,61,61,62
Fitness 3,088888E-05, Gen ;0,5254;0,4091;0,2879;0,2709;0,1971;0,818;0,6142;0,0554;0,7306;0,7873;0,4743;0,4832;0,6517;0,7712;0,0198;0,3499;0,5824;0,4847;0,8737;0,8259;0,2458
,50,51,51,51,51,51,51,51,52,52,52,52,52,53,53,53,53,53,53,53,54,54,54,54,54,54,54,54,54,54,54,54,54,54,54,54,54,54,54,54,54,54,54,54,54,54,55,55,55,55,55,55,55,55,55,55,55,55,55,55,55,55,55,55,55,55,55,55,55,55,55,55,56,56,56,56,56,56,56,56,56,56,56,56,56,56,56,57,57,57,57,57,57,57,57,57,58,59,60,61
Fitness 38,66237, Gen ;0,5254;0,4091;0,2879;0,2709;0,1971;0,818;0,6142;0,0554;0,7306;0,7873;0,4743;0,4832;0,6517;0,7712;0,0198;0,3499;0,5824;0,4847;0,8737;0,8259;0,2458
,62,62,62,64,64,64,64,64,64,64,65,65,65,65,65,65,65,65,65,65,65,65,65,65,65,65,65,65,65,65,65,65,65,65,65,65,65,65,65,66,66,66,66,66,66,66,66,66,66,66,66,66,66,66,66,66,66,66,66,66,66,67,67,67,67,67,67,67,67,67,67,67,67,67,67,67,67,67,68,68,68,68,68,68,69,69,69,70,70,71,72,73,73,74,74,74,75,76,77,83
Fitness 61,73847, Gen ;0,5254;0,4091;0,2879;0,2709;0,1971;0,818;0,6142;0,0554;0,7306;0,7873;0,4743;0,4832;0,6517;0,7712;0,0198;0,3499;0,5824;0,4847;0,8737;0,8259;0,2458
,54,54,54,54,55,55,55,55,55,55,55,55,56,56,56,56,56,56,56,57,57,57,57,57,57,57,58,58,58,58,58,58,58,58,58,58,58,58,58,58,58,58,58,58,58,58,58,58,58,58,58,58,58,58,58,58,58,58,58,58,58,59,59,59,59,59,59,59,59,59,59,59,59,59,59,59,59,59,59,59,59,59,60,60,60,60,60,60,60,60,61,61,61,61,61,61,62,62,154,154
Fitness 62,89964, Gen ;0,5254;0,4091;0,2879;0,2709;0,1971;0,818;0,6142;0,0554;0,7306;0,7873;0,4743;0,4832;0,6517;0,7712;0,0198;0,3499;0,5824;0,4847;0,8737;0,8259;0,2458
,46,46,46,47,48,48,48,48,48,48,48,48,48,48,48,49,49,49,49,49,49,49,49,49,49,49,49,50,50,50,50,50,50,50,50,50,50,50,50,50,50,50,50,50,50,50,50,50,50,50,50,50,50,50,50,50,50,50,50,50,50,50,50,50,50,50,50,50,50,50,50,50,50,50,50,50,50,50,50,50,50,51,51,51,51,51,51,52,52,52,52,52,52,52,53,53,54,54,56,57
Fitness 37,94835, Gen ;0,5254;0,4091;0,2879;0,2709;0,1971;0,818;0,6142;0,0554;0,7306;0,7873;0,4743;0,4832;0,6517;0,7712;0,0198;0,3499;0,5824;0,4847;0,8737;0,8259;0,2458
,68,68,68,68,68,68,68,68,68,69,69,70,70,70,70,70,70,70,70,70,70,71,71,71,71,71,71,71,72,72,72,72,72,72,72,72,72,72,72,72,72,72,72,72,72,72,72,72,72,72,72,72,72,72,72,72,72,72,72,72,72,72,72,72,72,72,72,73,73,73,73,73,73,73,73,73,73,73,73,73,73,73,73,73,74,74,74,75,75,75,75,75,75,75,77,77,77
Fitness 2,798345, Gen ;0,5254;0,4091;0,2879;0,2709;0,1971;0,818;0,6142;0,0554;0,7306;0,7873;0,4743;0,4832;0,6517;0,7712;0,0198;0,3499;0,5824;0,4847;0,8737;0,8259;0,2458
,61,61,61,61,61,61,61,62,62,62,62,62,62,63,63,63,63,63,63,63,64,64,64,64,64,64,64,65,65,65,65,65,65,65,65,65,65,65,65,65,65,65,65,65,65,65,65,65,65,65,65,65,65,65,65,65,65,66,66,66,66,66,66,66,66,66,66,66,66,66,66,66,66,66,66,66,66,66,66,66,66,66,66,66,67,67,67,67,67,67,68,68,68,68,68,69,69,70,71,71
Fitness 70,2804, Gen ;0,5254;0,4091;0,2879;0,2709;0,1971;0,818;0,6142;0,0554;0,7306;0,7873;0,4743;0,4832;0,6517;0,7712;0,0198;0,3499;0,5824;0,4847;0,8737;0,8259;0,2458
,62,62,62,62,63,63,63,63,63,63,63,64,64,64,64,64,64,64,64,65,65,65,65,65,65,65,65,66,66,66,66,66,66,66,66,66,66,66,66,66,66,66,66,66,66,66,66,66,66,66,66,66,66,66,66,66,66,66,66,67,67,67,67,67,67,67,67,67,67,67,67,67,67,67,67,67,67,68,68,68,68,68,68,68,68,68,68,68,68,68,69,69,69,71,71,71,71,73,73,78
Fitness 3,288042E-05, Gen ;0,5254;0,4091;0,2879;0,2709;0,1971;0,818;0,6142;0,0554;0,7306;0,7873;0,4743;0,4832;0,6517;0,7712;0,0198;0,3499;0,5824;0,4847;0,8737;0,8259;0,2458
,53,53,53,53,53,53,53,54,54,54,54,54,54,54,54,55,55,55,56,56,56,56,56,57,57,57,57,57,57,57,57,57,57,57,57,57,57,57,57,57,57,57,57,58,58,58,58,58,58,58,58,58,58,58,58,58,58,58,58,58,58,58,58,58,58,58,58,58,58,58,58,58,58,58,58,58,58,58,59,59,59,59,59,59,59,59,60,60,60,60,60,60,60,60,60,61,63,63,64,67
Fitness 48,37439, Gen ;0,5254;0,4091;0,2879;0,2709;0,1971;0,818;0,6142;0,0554;0,7306;0,7873;0,4743;0,4832;0,6517;0,7712;0,0198;0,3499;0,5824;0,4847;0,8737;0,8259;0,2458
,55,55,55,56,56,56,56,56,56,57,57,57,57,57,57,57,58,58,58,58,58,58,58,58,58,58,59,59,59,59,59,59,59,59,59,59,59,59,59,59,59,59,59,59,59,59,59,59,59,59,59,59,59,59,59,59,59,59,59,59,59,59,59,60,60,60,60,60,60,60,60,60,60,60,60,60,60,60,60,60,60,60,60,60,60,60,60,61,61,61,61,61,61,62,62,63,63,63,64,64
Fitness 42,16145, Gen ;0,5254;0,4091;0,2879;0,2709;0,1971;0,818;0,6142;0,0554;0,7306;0,7873;0,4743;0,4832;0,6517;0,7712;0,0198;0,3499;0,5824;0,4847;0,8737;0,8259;0,2458
,53,53,53,54,54,54,54,54,55,55,55,56,56,56,56,56,56,56,56,56,56,56,56,57,57,57,57,57,57,57,57,57,57,57,57,57,57,57,57,57,57,57,57,57,57,57,57,57,57,57,57,57,57,57,58,58,58,58,58,58,58,58,58,58,58,58,58,58,58,58,58,58,58,58,58,58,58,58,58,58,58,58,58,58,58,59,59,59,59,59,59,59,59,60,60,60,61,61,61,65
Fitness 55,62744, Gen ;0,5254;0,4091;0,2879;0,2709;0,1971;0,818;0,6142;0,0554;0,7306;0,7873;0,4743;0,4832;0,6517;0,7712;0,0198;0,3499;0,5824;0,4847;0,8737;0,8259;0,2458
,46,46,46,47,47,47,48,48,48,48,48,48,48,48,49,49,49,49,49,49,49,49,50,50,50,50,50,50,50,50,50,50,50,50,50,50,50,50,50,50,50,50,50,50,50,50,50,50,50,50,50,50,50,50,50,50,50,50,50,50,50,50,50,50,50,50,50,50,50,50,50,50,50,51,51,51,51,51,51,51,51,51,51,51,51,51,51,52,52,52,52,52,52,52,53,53,53,54,55,56
Fitness 57,50932, Gen ;0,5254;0,4091;0,2879;0,2709;0,1971;0,818;0,6142;0,0554;0,7306;0,7873;0,4743;0,4832;0,6517;0,7712;0,0198;0,3499;0,5824;0,4847;0,8737;0,8259;0,2458
,59,59,59,59,59,59,59,59,60,60,60,60,60,60,60,60,60,61,61,61,61,61,61,62,62,62,62,62,62,62,63,63,63,63,63,63,63,63,63,63,63,63,63,63,63,63,63,63,63,63,63,63,63,63,63,63,63,63,63,63,63,63,63,63,63,63,63,63,63,63,64,64,64,64,64,64,64,64,64,64,64,64,64,64,64,64,64,64,65,65,65,65,65,65,66,66,95,95,95,97
Fitness 58,15008, Gen ;0,5254;0,4091;0,2879;0,2709;0,1971;0,818;0,6142;0,0554;0,7306;0,7873;0,4743;0,4832;0,6517;0,7712;0,0198;0,3499;0,5824;0,4847;0,8737;0,8259;0,2458
,53,53,53,53,53,53,53,54,54,54,54,54,54,55,55,55,56,56,56,56,56,56,56,56,56,57,57,57,57,57,57,57,57,57,57,57,57,57,57,57,57,57,57,57,57,57,57,57,57,57,57,57,57,57,57,57,57,57,57,57,57,57,58,58,58,58,58,58,58,58,58,58,58,58,58,58,58,58,58,58,58,58,58,58,58,59,59,59,59,59,59,59
Fitness 71,18069, Gen ;0,5254;0,4091;0,2879;0,2709;0,1971;0,818;0,6142;0,0554;0,7306;0,7873;0,4743;0,4832;0,6517;0,7712;0,0198;0,3499;0,5824;0,4847;0,8737;0,8259;0,2458
,48,48,48,49,49,49,49,50,50,50,50,50,50,50,51,51,51,51,51,51,51,51,51,51,51,52,52,52,52,52,52,52,52,52,52,52,52,52,52,52,52,52,52,52,52,52,52,52,52,52,52,52,53,53,53,53,53,53,53,53,53,53,53,53,53,53,53,53,53,53,53,53,53,53,53,53,53,53,53,53,53,53,53,53,54,54,54,54,54,54,54,55,55,55,55,56,56,58
Fitness 28,22068, Gen ;0,5254;0,4091;0,2879;0,2709;0,1971;0,818;0,6142;0,0554;0,7306;0,7873;0,4743;0,4832;0,6517;0,7712;0,0198;0,3499;0,5824;0,4847;0,8737;0,8259;0,2458
,44,44,44,44,44,45,45,45,45,45,45,45,46,46,46,46,46,46,46,46,47,47,47,47,47,47,47,47,48,48,48,48,48,48,48,48,48,48,48,48,48,48,48,48,48,48,48,48,48,48,48,48,48,48,48,48,48,48,48,48,48,48,48,48,48,48,48,48,48,48,48,48,48,48,48,48,48,48,49,49,49,49,49,49,49,49,49,50,50,50,50,50,50,51,51,51,53,54,54,54
Fitness 3,07403E-05, Gen ;0,5254;0,4091;0,2879;0,2709;0,1971;0,818;0,6142;0,0554;0,7306;0,7873;0,4743;0,4832;0,6517;0,7712;0,0198;0,3499;0,5824;0,4847;0,8737;0,8259;0,2458
,68,68,68,68,68,68,68,68,69,69,69,69,69,69,69,69,69,70,70,70,70,70,71,71,71,71,71,71,72,72,72,72,72,72,72,72,72,72,72,72,72,72,72,73,73,73,73,73,73,73,73,73,73,73,73,73,73,73,73,73,73,73,73,73,73,73,73,73,73,73,73,73,73,73,73,73,73,73,73,74,74,74,74,74,74,74,74,74,74,74,119,119,119,120,121,121,122,124,126,133
Fitness 3,879019E-05, Gen ;0,5254;0,4091;0,2879;0,2709;0,1971;0,818;0,6142;0,0554;0,7306;0,7873;0,4743;0,4832;0,6517;0,7712;0,0198;0,3499;0,5824;0,4847;0,8737;0,8259;0,2458
,59,59,59,60,60,60,60,60,60,60,60,60,61,61,61,61,61,62,62,62,63,63,63,63,63,63,63,63,63,63,63,63,63,63,63,63,63,63,63,63,63,63,63,63,63,63,63,64,64,64,64,64,64,64,64,64,64,64,64,64,64,64,64,64,64,64,64,64,64,64,64,64,64,64,64,64,64,65,65,65,65,65,65,65,65,65,65,65,66,66,66,66,66,66,66,66,66,67,67,68
Fitness 74,59379, Gen ;0,5254;0,4091;0,2879;0,2709;0,1971;0,818;0,6142;0,0554;0,7306;0,7873;0,4743;0,4832;0,6517;0,7712;0,0198;0,3499;0,5824;0,4847;0,8737;0,8259;0,2458
,49,49,49,49,49,50,50,50,50,50,50,51,51,51,51,51,51,51,51,51,52,52,52,52,52,53,53,53,53,53,53,53,53,53,53,53,53,53,53,53,53,53,53,53,53,53,53,53,53,53,53,53,53,53,53,53,53,53,53,53,53,53,53,53,53,53,53,53,53,54,54,54,54,54,54,54,54,54,54,54,54,54,54,54,54,54,55,55,55,55,55,55,55,55,55,56,57,57,57,57
Fitness 8,099705, Gen ;0,5254;0,4091;0,2879;0,2709;0,1971;0,818;0,6142;0,0554;0,7306;0,7873;0,4743;0,4832;0,6517;0,7712;0,0198;0,3499;0,5824;0,4847;0,8737;0,8259;0,2458
,55,55,55,55,55,55,56,56,56,56,56,56,56,56,56,56,56,56,57,57,57,57,57,58,58,58,58,58,58,59,59,59,59,59,59,59,59,59,59,59,59,59,59,59,59,59,59,59,59,59,59,59,59,59,59,59,59,59,59,59,59,59,60,60,60,60,60,60,60,60,60,60,60,60,60,60,60,60,60,60,60,60,60,61,61,61,61,61,61,61,61,62,65,66,69,69
Fitness 51,85776, Gen ;0,5254;0,4091;0,2879;0,2709;0,1971;0,818;0,6142;0,0554;0,7306;0,7873;0,4743;0,4832;0,6517;0,7712;0,0198;0,3499;0,5824;0,4847;0,8737;0,8259;0,2458
,66,66,66,66,66,66,66,67,67,67,67,67,67,67,67,68,68,68,68,68,68,69,69,69,69,69,69,69,70,70,70,70,70,70,70,70,70,70,70,70,70,70,70,70,70,70,70,70,70,70,70,70,70,70,70,70,70,70,70,70,70,70,70,70,70,70,71,71,71,71,71,71,71,71,71,71,71,71,71,71,72,72,72,72,72,72,72,72,72,72,72,72,73,73,73,73,74,74,76,77
Fitness 68,47413, Gen ;0,5254;0,4091;0,2879;0,2709;0,1971;0,818;0,6142;0,0554;0,7306;0,7873;0,4743;0,4832;0,6517;0,7712;0,0198;0,3499;0,5824;0,4847;0,8737;0,8259;0,2458
,51,51,51,51,51,52,52,52,52,52,53,53,53,53,54,54,54,54,54,54,54,54,54,54,55,55,55,55,55,55,55,55,55,55,55,55,55,55,55,55,55,55,55,55,55,55,55,55,55,55,55,55,55,55,55,55,55,55,55,55,55,55,55,55,55,55,55,55,55,55,55,55,56,56,56,56,56,56,56,56,56,56,56,56,56,56,56,56,57,57,57,57,57,57,58,58,58,58,60,60
Fitness 2,983583E-05, Gen ;0,5254;0,4091;0,2879;0,2709;0,1971;0,818;0,6142;0,0554;0,7306;0,7873;0,4743;0,4832;0,6517;0,7712;0,0198;0,3499;0,5824;0,4847;0,8737;0,8259;0,2458
,52,52,52,52,52,53,53,53,53,53,53,54,54,54,54,54,54,54,54,55,55,55,55,55,55,55,55,55,55,56,56,56,56,56,56,56,56,56,56,56,56,56,56,56,56,56,56,56,56,56,56,56,56,56,56,56,56,56,56,56,56,56,56,56,56,56,56,56,56,56,56,56,56,56,56,56,56,57,57,57,57,57,57,57,57,57,58,58,58,58,58,59,59,60,60,60,61,62,62,63
Fitness 41,29292, Gen ;0,5254;0,4091;0,2879;0,2709;0,1971;0,818;0,6142;0,0554;0,7306;0,7873;0,4743;0,4832;0,6517;0,7712;0,0198;0,3499;0,5824;0,4847;0,8737;0,8259;0,2458
,45,45,45,45,45,45,45,45,45,46,46,46,46,46,47,47,47,47,47,48,48,48,48,48,48,48,48,48,48,48,48,48,49,49,49,49,49,49,49,49,49,49,49,49,49,49,49,49,49,49,49,49,49,49,49,49,49,49,49,49,49,49,49,49,49,49,49,49,49,49,49,49,49,49,49,49,49,49,50,50,50,50,50,50,50,51,51,51,51,52,52,52,52,95,96,96,96,96,98,98
Fitness 64,1073, Gen ;0,5254;0,4091;0,2879;0,2709;0,1971;0,818;0,6142;0,0554;0,7306;0,7873;0,4743;0,4832;0,6517;0,7712;0,0198;0,3499;0,5824;0,4847;0,8737;0,8259;0,2458
,50,50,50,50,50,50,50,50,50,50,50,51,51,51,51,52,52,52,52,52,53,53,53,53,53,53,53,54,54,54,54,54,54,54,54,54,54,54,54,54,54,54,54,54,54,54,54,54,54,54,54,54,54,54,54,54,54,54,54,54,54,54,54,54,54,54,54,54,54,54,54,55,55,55,55,55,55,55,55,55,55,55,55,55,55,92,92,93,93,94,94,95
Fitness 60,67175, Gen ;0,5254;0,4091;0,2879;0,2709;0,1971;0,818;0,6142;0,0554;0,7306;0,7873;0,4743;0,4832;0,6517;0,7712;0,0198;0,3499;0,5824;0,4847;0,8737;0,8259;0,2458
,66,66,66,66,66,66,66,66,66,66,66,66,66,66,67,67,67,67,67,68,68,68,68,69,69,69,69,69,69,69,70,70,70,70,70,70,70,70,70,70,70,70,70,70,70,70,70,70,70,70,70,70,70,70,71,71,71,71,71,71,71,71,71,71,71,71,71,71,71,71,71,71,71,71,71,71,71,71,71,72,72,72,72,72,73,73,73,73,73,73,73,73,73,74,75,75,75,76,76,78
Fitness 30,86241, Gen ;0,5254;0,4091;0,2879;0,2709;0,1971;0,818;0,6142;0,0554;0,7306;0,7873;0,4743;0,4832;0,6517;0,7712;0,0198;0,3499;0,5824;0,4847;0,8737;0,8259;0,2458
,46,46,46,46,46,46,47,47,47,48,48,48,48,49,49,49,49,49,49,49,49,49,49,49,50,50,50,50,50,50,50,50,50,50,50,50,50,50,50,50,50,50,50,50,50,50,50,50,50,50,50,50,50,50,50,50,51,51,51,51,51,51,51,51,51,51,51,51,51,51,51,51,51,51,51,51,51,51,51,51,51,52,52,52,52,52,52,54,54,55,55,97,98,98,98,98,99,99,99,99
Fitness 3,625671E-05, Gen ;0,5254;0,4091;0,2879;0,2709;0,1971;0,818;0,6142;0,0554;0,7306;0,7873;0,4743;0,4832;0,6517;0,7712;0,0198;0,3499;0,5824;0,4847;0,8737;0,8259;0,2458
,50,50,50,50,50,50,50,50,50,51,51,51,51,51,51,52,52,52,52,52,53,53,53,53,53,53,53,54,54,54,54,54,54,54,54,54,54,54,54,54,54,54,54,54,54,54,54,54,54,54,54,54,54,54,54,54,54,54,54,54,54,54,54,54,54,54,54,54,54,54,54,54,54,54,54,54,55,55,55,55,55,55,55,55,55,55,55,55,56,56,56,56,56,56,56,57,57,57,57,58
Fitness 40,5927, Gen ;0,5254;0,4091;0,2879;0,2709;0,1971;0,818;0,6142;0,0554;0,7306;0,7873;0,4743;0,4832;0,6517;0,7712;0,0198;0,3499;0,5824;0,4847;0,8737;0,8259;0,2458
,64,64,65,65,65,65,65,65,65,65,65,65,65,66,66,66,67,67,67,67,67,67,67,68,68,68,68,68,68,69,69,69,69,69,69,69,69,69,69,69,69,69,69,69,69,69,69,69,69,69,69,69,69,69,69,69,69,69,69,69,69,69,69,69,69,69,69,69,69,69,69,69,69,69,69,69,70,70,70,70,70,70,70,70,70,70,70,70,70,70,70,70,71,71,71,71,72,73,73,74
Fitness 29,01589, Gen ;0,5254;0,4091;0,2879;0,2709;0,1971;0,818;0,6142;0,0554;0,7306;0,7873;0,4743;0,4832;0,6517;0,7712;0,0198;0,3499;0,5824;0,4847;0,8737;0,8259;0,2458
,56,57,57,57,57,57,57,57,57,57,58,58,58,58,58,59,59,59,59,59,60,60,60,60,60,60,60,60,60,60,60,60,60,60,60,60,60,60,60,60,60,60,60,60,60,60,60,60,60,60,60,60,60,60,60,60,60,60,60,61,61,61,61,61,61,61,61,61,61,61,61,61,61,61,61,61,61,61,61,61,61,61,61,61,61,62,62,62,62,62,62,62,62,62,62,62,63,63,63,64
Fitness 67,04884, Gen ;0,5254;0,4091;0,2879;0,2709;0,1971;0,818;0,6142;0,0554;0,7306;0,7873;0,4743;0,4832;0,6517;0,7712;0,0198;0,3499;0,5824;0,4847;0,8737;0,8259;0,2458
,68,68,68,68,68,68,68,68,69,69,69,69,69,69,69,70,70,70,70,71,71,71,71,71,71,71,71,71,71,71,71,71,71,71,71,71,71,71,71,71,71,71,71,71,71,71,71,72,72,72,72,72,72,72,72,72,72,72,72,72,72,72,72,72,72,72,72,72,72,72,72,72,73,73,73,73,73,73,73,73,73,73,73,73,73,73,73,74,74,74,74,74,74,74,74,74,75,75,75
Fitness 44,72996, Gen ;0,5254;0,4091;0,2879;0,2709;0,1971;0,818;0,6142;0,0554;0,7306;0,7873;0,4743;0,4832;0,6517;0,7712;0,0198;0,3499;0,5824;0,4847;0,8737;0,8259;0,2458
,63,63,63,63,63,63,63,64,64,64,64,65,65,65,65,65,65,65,66,66,66,66,66,66,67,67,67,67,67,67,67,67,67,67,67,67,67,67,67,67,67,67,67,67,67,67,67,67,67,67,67,67,67,67,67,67,67,67,67,67,67,67,67,68,68,68,68,68,68,68,68,68,68,68,68,68,68,68,68,68,68,69,69,69,69,69,69,69,69,69,69,70,70,70,70,71,71,73
Fitness 57,80509, Gen ;0,5254;0,4091;0,2879;0,2709;0,1971;0,818;0,6142;0,0554;0,7306;0,7873;0,4743;0,4832;0,6517;0,7712;0,0198;0,3499;0,5824;0,4847;0,8737;0,8259;0,2458
,59,59,59,59,59,59,59,59,59,59,59,59,59,60,60,60,60,60,61,61,62,62,62,62,62,62,62,62,62,62,62,62,62,62,62,62,62,62,62,62,62,62,62,62,62,62,62,62,62,62,62,62,62,62,62,62,63,63,63,63,63,63,63,63,63,63,63,63,63,63,63,63,63,63,64,64,64,64,64,64,64,64,65,65,65,65,66,66,66,66,66,67,67,68,69,69,69,71
Fitness 7,320827E-05, Gen ;0,5254;0,4091;0,2879;0,2709;0,1971;0,818;0,6142;0,0554;0,7306;0,7873;0,4743;0,4832;0,6517;0,7712;0,0198;0,3499;0,5824;0,4847;0,8737;0,8259;0,2458
,46,46,46,46,47,47,47,47,47,47,48,48,48,48,48,48,49,49,49,49,49,49,49,49,50,50,50,50,50,50,50,50,50,50,50,50,50,50,50,50,50,50,50,50,50,50,50,50,50,50,50,50,50,50,50,50,50,50,50,50,50,50,50,51,51,51,51,51,51,51,51,51,51,51,51,51,51,51,51,51,51,51,51,51,51,51,52,52,52,52,52,52,52,52,53,61,62
Fitness 3,302045E-05, Gen ;0,5254;0,4091;0,2879;0,2709;0,1971;0,818;0,6142;0,0554;0,7306;0,7873;0,4743;0,4832;0,6517;0,7712;0,0198;0,3499;0,5824;0,4847;0,8737;0,8259;0,2458
,55,55,55,56,56,56,56,56,56,56,56,56,56,56,56,57,58,58,58,58,58,59,59,59,59,59,59,59,59,59,59,59,59,59,59,59,59,59,59,59,59,59,59,59,59,59,59,59,59,59,59,59,60,60,60,60,60,60,60,60,60,60,60,60,60,60,60,60,60,60,60,60,60,60,61,61,61,62,62,62,62,63,64,64,64,65,65,66,66,67,68,68,69,69,69,70,71,71,72
Fitness 4,847759E-05, Gen ;0,5254;0,4091;0,2879;0,2709;0,1971;0,818;0,6142;0,0554;0,7306;0,7873;0,4743;0,4832;0,6517;0,7712;0,0198;0,3499;0,5824;0,4847;0,8737;0,8259;0,2458
,44,44,45,45,45,45,45,45,45,46,46,46,46,46,46,46,46,47,47,47,47,47,47,47,47,47,47,47,47,47,48,48,48,48,48,48,48,48,48,48,48,48,48,48,48,48,48,48,48,48,48,48,48,48,48,48,48,48,48,48,48,48,48,48,48,48,48,48,48,48,48,48,48,48,48,49,49,49,49,49,49,49,49,49,49,49,49,49,49,50,50,50,50,50,52,53,54,55,61,61
Fitness 3,062067E-05, Gen ;0,5254;0,4091;0,2879;0,2709;0,1971;0,818;0,6142;0,0554;0,7306;0,7873;0,4743;0,4832;0,6517;0,7712;0,0198;0,3499;0,5824;0,4847;0,8737;0,8259;0,2458
,60,60,60,60,60,60,60,60,60,60,61,61,61,61,61,61,61,61,61,61,62,62,62,62,62,62,62,63,63,63,63,63,63,63,63,63,63,64,64,64,64,64,64,64,64,64,64,64,64,64,64,64,64,64,64,64,64,64,64,64,64,64,64,64,64,65,65,65,65,65,65,65,65,65,65,65,65,65,65,65,65,65,65,65,65,66,66,66,66,66,67
Fitness 4,969148E-05, Gen ;0,5254;0,4091;0,2879;0,2709;0,1971;0,818;0,6142;0,0554;0,7306;0,7873;0,4743;0,4832;0,6517;0,7712;0,0198;0,3499;0,5824;0,4847;0,8737;0,8259;0,2458
,45,45,45,45,46,46,46,47,47,47,47,47,48,48,48,48,48,48,48,48,48,49,49,49,49,49,49,49,49,49,49,49,49,49,49,49,49,49,49,49,49,49,49,49,49,49,49,49,49,49,49,49,49,49,49,49,49,49,50,50,50,50,50,50,50,50,50,50,50,50,50,50,50,50,50,50,50,50,50,50,50,50,50,50,51,51,51,51,51,52,52,52,52,52,52,52,52,53,53,54
Fitness 66,39511, Gen ;0,5254;0,4091;0,2879;0,2709;0,1971;0,818;0,6142;0,0554;0,7306;0,7873;0,4743;0,4832;0,6517;0,7712;0,0198;0,3499;0,5824;0,4847;0,8737;0,8259;0,2458
,56,56,56,57,57,57,57,57,57,57,57,57,58,58,58,58,59,59,59,59,59,59,59,59,60,60,60,60,60,60,60,60,60,60,60,60,60,60,60,60,60,60,60,60,60,60,60,60,60,60,61,61,61,61,61,61,61,61,61,61,61,61,61,61,61,61,61,61,61,61,61,61,61,61,61,61,61,61,61,61,61,61,61,61,61,62,62,62,62,62,62,62,62,62
Fitness 6,667904E-05, Gen ;0,5254;0,4091;0,2879;0,2709;0,1971;0,818;0,6142;0,0554;0,7306;0,7873;0,4743;0,4832;0,6517;0,7712;0,0198;0,3499;0,5824;0,4847;0,8737;0,8259;0,2458
,62,62,62,62,62,63,63,63,63,63,63,63,64,64,64,64,64,64,65,65,65,65,65,65,66,66,66,66,66,66,66,66,66,66,66,66,66,66,66,66,66,66,66,66,66,66,66,66,66,66,66,66,66,66,66,66,66,66,66,67,67,67,67,67,67,67,67,67,67,67,67,67,67,67,67,67,67,67,67,68,68,68,68,68,69,69,70,70,70,70,71,71,71,72,72,72,72,73,74,85
Fitness 74,13068, Gen ;0,5254;0,4091;0,2879;0,2709;0,1971;0,818;0,6142;0,0554;0,7306;0,7873;0,4743;0,4832;0,6517;0,7712;0,0198;0,3499;0,5824;0,4847;0,8737;0,8259;0,2458
,56,56,56,57,57,57,57,57,57,57,57,57,57,57,57,57,58,58,58,58,58,59,59,59,59,60,60,60,60,60,60,60,60,60,60,60,60,60,60,60,60,60,60,60,60,60,60,60,60,60,61,61,61,61,61,61,61,61,61,61,61,61,61,61,61,61,61,61,61,61,61,61,61,61,61,61,61,61,61,62,62,62,62,62,62,62,62,62,62,62,62,63,63,63,64
Fitness 7,305283E-05, Gen ;0,5254;0,4091;0,2879;0,2709;0,1971;0,818;0,6142;0,0554;0,7306;0,7873;0,4743;0,4832;0,6517;0,7712;0,0198;0,3499;0,5824;0,4847;0,8737;0,8259;0,2458
,59,59,59,59,59,59,60,60,60,60,60,61,61,61,61,61,61,61,61,62,62,62,62,62,62,62,62,62,63,63,63,63,63,63,63,63,63,63,63,63,63,63,63,63,63,63,63,63,63,64,64,64,64,64,64,64,64,64,64,64,64,64,64,64,64,64,64,64,64,64,64,64,64,64,64,64,64,64,64,64,64,64,65,65,65,65,65,66,66,66,67,67,68,68,68,68,69,69,69,74
Fitness 36,6215, Gen ;0,5254;0,4091;0,2879;0,2709;0,1971;0,818;0,6142;0,0554;0,7306;0,7873;0,4743;0,4832;0,6517;0,7712;0,0198;0,3499;0,5824;0,4847;0,8737;0,8259;0,2458
,41,41,41,42,42,42,43,43,43,44,44,44,44,44,44,45,45,45,45,45,45,45,45,45,45,45,45,45,45,45,45,45,45,45,45,45,45,45,45,45,45,45,45,45,45,45,45,45,45,45,45,45,45,45,45,45,45,45,45,45,45,45,45,45,45,45,45,45,45,45,46,46,46,46,46,46,46,46,46,46,46,46,46,46,46,46,46,46,46,46,46,46,46,46,46,46,47,47
Fitness 4,69706E-05, Gen ;0,5254;0,4091;0,2879;0,2709;0,1971;0,818;0,6142;0,0554;0,7306;0,7873;0,4743;0,4832;0,6517;0,7712;0,0198;0,3499;0,5824;0,4847;0,8737;0,8259;0,2458
,51,51,52,52,52,53,53,54,54,54,54,54,54,54,54,54,54,55,55,55,55,55,55,55,55,55,55,55,55,55,55,55,55,55,55,55,55,55,55,55,55,55,55,55,55,55,55,55,55,55,55,55,55,55,55,55,55,55,55,55,55,55,55,55,55,55,55,55,55,56,56,56,56,56,56,56,56,57,57,114,114,115,115,115,115,115,115,115,116,116,117,117,117,117,118
Fitness 46,32682, Gen ;0,5254;0,4091;0,2879;0,2709;0,1971;0,818;0,6142;0,0554;0,7306;0,7873;0,4743;0,4832;0,6517;0,7712;0,0198;0,3499;0,5824;0,4847;0,8737;0,8259;0,2458
,50,50,50,50,50,50,50,50,51,51,51,51,51,51,51,51,52,52,52,52,52,52,52,52,53,53,54,54,54,54,54,54,54,54,54,54,54,54,54,54,54,54,54,54,54,54,54,54,54,54,54,54,54,54,54,54,54,54,54,54,54,54,54,54,54,54,54,54,54,54,54,54,55,55,55,55,55,55,55,55,55,55,55,55,55,55,55,56,56,56,56,56,57,57,57,57,57,59,65,65
Fitness 3,654937E-05, Gen ;0,5254;0,4091;0,2879;0,2709;0,1971;0,818;0,6142;0,0554;0,7306;0,7873;0,4743;0,4832;0,6517;0,7712;0,0198;0,3499;0,5824;0,4847;0,8737;0,8259;0,2458
,65,65,65,65,65,65,65,65,65,65,65,65,65,65,66,66,66,66,66,66,66,66,66,66,67,67,67,67,67,67,67,68,68,68,68,68,68,68,68,68,69,69,69,69,69,69,69,69,69,69,70,70,70,70,70,70,70,70,70,70,70,70,70,70,70,70,70,70,70,70,70,70,70,70,70,70,70,70,70,70,70,70,71,71,71,71,71,71,71,71,71,72,72,73,73,73,73,74,76
Fitness 5,14317E-05, Gen ;0,5254;0,4091;0,2879;0,2709;0,1971;0,818;0,6142;0,0554;0,7306;0,7873;0,4743;0,4832;0,6517;0,7712;0,0198;0,3499;0,5824;0,4847;0,8737;0,8259;0,2458
,68,68,68,68,68,68,68,68,68,69,69,69,69,69,69,69,69,70,70,70,70,71,71,71,71,71,71,71,71,71,72,72,72,72,72,72,72,72,72,72,72,72,72,72,72,72,72,72,72,72,72,72,72,72,72,72,73,73,73,73,73,73,73,73,73,73,73,73,73,73,73,73,73,73,73,73,73,73,73,73,73,73,73,74,74,74,74,74,74,75,130,130,130,130,130,130,130,130,131,132
Fitness 59,30856, Gen ;0,5254;0,4091;0,2879;0,2709;0,1971;0,818;0,6142;0,0554;0,7306;0,7873;0,4743;0,4832;0,6517;0,7712;0,0198;0,3499;0,5824;0,4847;0,8737;0,8259;0,2458
,60,60,60,60,60,60,60,61,61,61,61,61,61,61,62,62,62,62,62,63,63,63,63,63,63,63,64,64,64,64,64,64,64,64,64,64,64,64,64,64,64,64,64,64,64,64,64,64,64,64,64,64,64,64,64,64,64,64,65,65,65,65,65,65,65,65,65,65,65,65,65,65,65,65,65,65,65,65,65,65,65,65,65,65,65,65,65,65,65,65,66,66
Fitness 7,836599E-05, Gen ;0,5254;0,4091;0,2879;0,2709;0,1971;0,818;0,6142;0,0554;0,7306;0,7873;0,4743;0,4832;0,6517;0,7712;0,0198;0,3499;0,5824;0,4847;0,8737;0,8259;0,2458
,57,57,57,57,57,57,57,57,58,58,58,58,58,58,58,59,59,59,59,59,59,59,59,59,60,60,60,61,61,61,61,61,61,61,61,61,61,61,61,61,61,61,61,61,61,61,61,61,61,61,61,61,61,61,61,61,61,61,61,61,61,61,61,62,62,62,62,62,62,62,62,62,62,62,62,62,62,62,62,62,62,62,63,63,63,63,63,63,63,63,63,64,64,64,64,64,65,65,65,73
Fitness 8,24074, Gen ;0,5254;0,4091;0,2879;0,2709;0,1971;0,818;0,6142;0,0554;0,7306;0,7873;0,4743;0,4832;0,6517;0,7712;0,0198;0,3499;0,5824;0,4847;0,8737;0,8259;0,2458
,46,46,46,46,46,46,46,46,47,47,47,47,47,47,47,48,48,48,48,48,49,49,49,49,49,49,49,49,49,49,49,50,50,50,50,50,50,50,50,50,50,50,50,50,50,50,50,50,50,50,50,50,50,50,50,50,50,50,50,50,50,50,50,50,50,50,50,50,50,50,50,50,50,50,50,50,50,50,51,51,51,51,51,51,51,51,51,51,52,52,52,52,52,52,53,53,53,53
Fitness 4,45115E-05, Gen ;0,5254;0,4091;0,2879;0,2709;0,1971;0,818;0,6142;0,0554;0,7306;0,7873;0,4743;0,4832;0,6517;0,7712;0,0198;0,3499;0,5824;0,4847;0,8737;0,8259;0,2458
,50,50,50,50,51,51,51,51,51,51,52,52,52,52,52,52,52,52,52,53,53,53,53,53,53,53,54,54,54,54,54,54,54,54,54,54,54,54,54,54,54,54,54,54,54,54,54,54,54,54,54,54,54,54,54,54,54,54,54,54,54,54,54,54,54,54,54,54,55,55,55,55,55,55,55,55,55,55,55,55,55,55,55,55,55,55,55,55,56,56,56,57,57,58,58,58,58,58,61,61
Fitness 48,77827, Gen ;0,5254;0,4091;0,2879;0,2709;0,1971;0,818;0,6142;0,0554;0,7306;0,7873;0,4743;0,4832;0,6517;0,7712;0,0198;0,3499;0,5824;0,4847;0,8737;0,8259;0,2458
,52,52,52,52,53,53,53,54,54,54,54,54,54,54,54,54,54,54,55,55,55,55,55,55,55,55,56,56,56,56,56,56,56,56,56,56,57,57,57,57,57,57,57,57,57,57,57,57,57,57,57,57,57,57,57,57,57,57,57,57,57,57,57,57,57,57,57,57,57,57,58,58,58,58,58,58,58,58,58,58,58,58,58,59,59,59,113,114,114,115,115,115,115,115,116,116,116,116,116,118
Fitness 3,730915E-05, Gen ;0,5254;0,4091;0,2879;0,2709;0,1971;0,818;0,6142;0,0554;0,7306;0,7873;0,4743;0,4832;0,6517;0,7712;0,0198;0,3499;0,5824;0,4847;0,8737;0,8259;0,2458
,50,50,51,51,51,51,51,51,51,52,52,52,52,52,52,52,52,52,52,52,52,53,53,53,53,53,53,53,53,53,53,53,53,54,54,54,54,54,54,55,55,55,55,55,55,55,55,55,55,55,55,55,55,55,55,55,55,55,55,55,55,55,55,55,55,55,55,55,55,55,55,55,55,55,55,55,56,56,56,56,56,56,56,56,56,56,56,56,56,57,57,57,57,57,57,57
Fitness 63,64829, Gen ;0,5254;0,4091;0,2879;0,2709;0,1971;0,818;0,6142;0,0554;0,7306;0,7873;0,4743;0,4832;0,6517;0,7712;0,0198;0,3499;0,5824;0,4847;0,8737;0,8259;0,2458
,55,55,55,55,55,55,55,55,56,56,56,56,56,56,56,56,56,56,56,57,57,57,57,57,57,57,57,57,57,58,58,58,59,59,59,59,59,59,59,59,60,60,60,60,60,61,61,61,61,62,62,62,62,62,62,62,62,62,62,63,63,63,63,63,63,63,63,63,63,63,63,63,63,63,63,63,64,64,64,64,64,64,64,64,64,64,64,64,64,65,65,65,65,65,65,65,65,65,65,66
