	10Ginelli ovc
	3 AI1 ovcarjev
Fitness 63,53562, Gen ;0,509;0,7108;0,5232;0,8374;0,0366;0,4019;0,2408;0,0495;0,8753;0,3271;0,8164;0,9876;0,0502;0,7626;0,5232;0,4318;0,2739;0,674;0,2419;0,6463;0,5701
,52,53,53,53,53,53,53,53,53,54
Fitness 65,81371, Gen ;0,509;0,7108;0,5232;0,8374;0,0366;0,4019;0,2408;0,0495;0,8753;0,3271;0,8164;0,9876;0,0502;0,7626;0,5232;0,4318;0,2739;0,674;0,2419;0,6463;0,5701
,75,75,75,75,75,75,75,75,76,76
Fitness 71,3195, Gen ;0,509;0,7108;0,5232;0,8374;0,0366;0,4019;0,2408;0,0495;0,8753;0,3271;0,8164;0,9876;0,0502;0,7626;0,5232;0,4318;0,2739;0,674;0,2419;0,6463;0,5701
,66,66,66,66,66,66,66,66,66,66
Fitness 66,25175, Gen ;0,509;0,7108;0,5232;0,8374;0,0366;0,4019;0,2408;0,0495;0,8753;0,3271;0,8164;0,9876;0,0502;0,7626;0,5232;0,4318;0,2739;0,674;0,2419;0,6463;0,5701
,50,50,50,50,50,50,50,50,50,51
Fitness 45,0894, Gen ;0,509;0,7108;0,5232;0,8374;0,0366;0,4019;0,2408;0,0495;0,8753;0,3271;0,8164;0,9876;0,0502;0,7626;0,5232;0,4318;0,2739;0,674;0,2419;0,6463;0,5701
,75,76,76,76,76,76,76,76,76,81
Fitness 53,51283, Gen ;0,509;0,7108;0,5232;0,8374;0,0366;0,4019;0,2408;0,0495;0,8753;0,3271;0,8164;0,9876;0,0502;0,7626;0,5232;0,4318;0,2739;0,674;0,2419;0,6463;0,5701
,80,80,80,80,80,80,80,80,81,83
Fitness 69,39778, Gen ;0,509;0,7108;0,5232;0,8374;0,0366;0,4019;0,2408;0,0495;0,8753;0,3271;0,8164;0,9876;0,0502;0,7626;0,5232;0,4318;0,2739;0,674;0,2419;0,6463;0,5701
,61,61,61,61,61,61,61,61,62,63
Fitness 42,03849, Gen ;0,509;0,7108;0,5232;0,8374;0,0366;0,4019;0,2408;0,0495;0,8753;0,3271;0,8164;0,9876;0,0502;0,7626;0,5232;0,4318;0,2739;0,674;0,2419;0,6463;0,5701
,63,63,63,63,63,63,63,63,64,65
Fitness 40,06913, Gen ;0,509;0,7108;0,5232;0,8374;0,0366;0,4019;0,2408;0,0495;0,8753;0,3271;0,8164;0,9876;0,0502;0,7626;0,5232;0,4318;0,2739;0,674;0,2419;0,6463;0,5701
,68,68,68,68,68,68,68,68,69,69
Fitness 56,71577, Gen ;0,509;0,7108;0,5232;0,8374;0,0366;0,4019;0,2408;0,0495;0,8753;0,3271;0,8164;0,9876;0,0502;0,7626;0,5232;0,4318;0,2739;0,674;0,2419;0,6463;0,5701
,71,71,71,71,71,71,72,72,72,72
Fitness 55,01355, Gen ;0,509;0,7108;0,5232;0,8374;0,0366;0,4019;0,2408;0,0495;0,8753;0,3271;0,8164;0,9876;0,0502;0,7626;0,5232;0,4318;0,2739;0,674;0,2419;0,6463;0,5701
,64,64,64,64,64,64,64,64,64,66
Fitness 51,43652, Gen ;0,509;0,7108;0,5232;0,8374;0,0366;0,4019;0,2408;0,0495;0,8753;0,3271;0,8164;0,9876;0,0502;0,7626;0,5232;0,4318;0,2739;0,674;0,2419;0,6463;0,5701
,54,54,54,54,54,54,54,54,54,57
Fitness 48,51921, Gen ;0,509;0,7108;0,5232;0,8374;0,0366;0,4019;0,2408;0,0495;0,8753;0,3271;0,8164;0,9876;0,0502;0,7626;0,5232;0,4318;0,2739;0,674;0,2419;0,6463;0,5701
,66,66,66,66,66,66,66,66,66,70
Fitness 54,50381, Gen ;0,509;0,7108;0,5232;0,8374;0,0366;0,4019;0,2408;0,0495;0,8753;0,3271;0,8164;0,9876;0,0502;0,7626;0,5232;0,4318;0,2739;0,674;0,2419;0,6463;0,5701
,54,55,55,55,55,55,55,55,55,55
Fitness 63,5834, Gen ;0,509;0,7108;0,5232;0,8374;0,0366;0,4019;0,2408;0,0495;0,8753;0,3271;0,8164;0,9876;0,0502;0,7626;0,5232;0,4318;0,2739;0,674;0,2419;0,6463;0,5701
,57,57,57,57,57,57,57,58,58,59
Fitness 50,9794, Gen ;0,509;0,7108;0,5232;0,8374;0,0366;0,4019;0,2408;0,0495;0,8753;0,3271;0,8164;0,9876;0,0502;0,7626;0,5232;0,4318;0,2739;0,674;0,2419;0,6463;0,5701
,48,48,48,48,48,48,48,49,49,50
Fitness 64,75004, Gen ;0,509;0,7108;0,5232;0,8374;0,0366;0,4019;0,2408;0,0495;0,8753;0,3271;0,8164;0,9876;0,0502;0,7626;0,5232;0,4318;0,2739;0,674;0,2419;0,6463;0,5701
,47,47,47,47,47,47,47,47,47,48
Fitness 61,21166, Gen ;0,509;0,7108;0,5232;0,8374;0,0366;0,4019;0,2408;0,0495;0,8753;0,3271;0,8164;0,9876;0,0502;0,7626;0,5232;0,4318;0,2739;0,674;0,2419;0,6463;0,5701
,58,58,58,58,58,58,58,59,59,59
Fitness 70,49488, Gen ;0,509;0,7108;0,5232;0,8374;0,0366;0,4019;0,2408;0,0495;0,8753;0,3271;0,8164;0,9876;0,0502;0,7626;0,5232;0,4318;0,2739;0,674;0,2419;0,6463;0,5701
,54,54,54,54,54,54,54,54,54,55
Fitness 72,42487, Gen ;0,509;0,7108;0,5232;0,8374;0,0366;0,4019;0,2408;0,0495;0,8753;0,3271;0,8164;0,9876;0,0502;0,7626;0,5232;0,4318;0,2739;0,674;0,2419;0,6463;0,5701
,53,53,53,54,54,54,54,54,54,55
Fitness 60,59573, Gen ;0,509;0,7108;0,5232;0,8374;0,0366;0,4019;0,2408;0,0495;0,8753;0,3271;0,8164;0,9876;0,0502;0,7626;0,5232;0,4318;0,2739;0,674;0,2419;0,6463;0,5701
,65,65,65,66,66,66,66,66,66,66
Fitness 65,35636, Gen ;0,509;0,7108;0,5232;0,8374;0,0366;0,4019;0,2408;0,0495;0,8753;0,3271;0,8164;0,9876;0,0502;0,7626;0,5232;0,4318;0,2739;0,674;0,2419;0,6463;0,5701
,57,57,57,57,57,57,57,57,58,59
Fitness 64,89066, Gen ;0,509;0,7108;0,5232;0,8374;0,0366;0,4019;0,2408;0,0495;0,8753;0,3271;0,8164;0,9876;0,0502;0,7626;0,5232;0,4318;0,2739;0,674;0,2419;0,6463;0,5701
,105,105,105,105,105,105,105,105,106,106
Fitness 53,73683, Gen ;0,509;0,7108;0,5232;0,8374;0,0366;0,4019;0,2408;0,0495;0,8753;0,3271;0,8164;0,9876;0,0502;0,7626;0,5232;0,4318;0,2739;0,674;0,2419;0,6463;0,5701
,87,87,88,88,88,88,89,89,91,91
Fitness 61,02215, Gen ;0,509;0,7108;0,5232;0,8374;0,0366;0,4019;0,2408;0,0495;0,8753;0,3271;0,8164;0,9876;0,0502;0,7626;0,5232;0,4318;0,2739;0,674;0,2419;0,6463;0,5701
,47,47,47,47,47,47,47,47,48,50
Fitness 24,47548, Gen ;0,509;0,7108;0,5232;0,8374;0,0366;0,4019;0,2408;0,0495;0,8753;0,3271;0,8164;0,9876;0,0502;0,7626;0,5232;0,4318;0,2739;0,674;0,2419;0,6463;0,5701
,53,53,53,53,53,53,53,53,53,54
Fitness 34,18768, Gen ;0,509;0,7108;0,5232;0,8374;0,0366;0,4019;0,2408;0,0495;0,8753;0,3271;0,8164;0,9876;0,0502;0,7626;0,5232;0,4318;0,2739;0,674;0,2419;0,6463;0,5701
,66,66,66,66,66,66,66,66,66,67
Fitness 71,26581, Gen ;0,509;0,7108;0,5232;0,8374;0,0366;0,4019;0,2408;0,0495;0,8753;0,3271;0,8164;0,9876;0,0502;0,7626;0,5232;0,4318;0,2739;0,674;0,2419;0,6463;0,5701
,66,66,66,66,66,66,66,66,66,71
Fitness 65,80477, Gen ;0,509;0,7108;0,5232;0,8374;0,0366;0,4019;0,2408;0,0495;0,8753;0,3271;0,8164;0,9876;0,0502;0,7626;0,5232;0,4318;0,2739;0,674;0,2419;0,6463;0,5701
,46,46,46,46,46,46,46,46,47,49
Fitness 53,07104, Gen ;0,509;0,7108;0,5232;0,8374;0,0366;0,4019;0,2408;0,0495;0,8753;0,3271;0,8164;0,9876;0,0502;0,7626;0,5232;0,4318;0,2739;0,674;0,2419;0,6463;0,5701
,63,63,63,63,63,63,63,63,63,63
Fitness 50,90378, Gen ;0,509;0,7108;0,5232;0,8374;0,0366;0,4019;0,2408;0,0495;0,8753;0,3271;0,8164;0,9876;0,0502;0,7626;0,5232;0,4318;0,2739;0,674;0,2419;0,6463;0,5701
,55,55,55,55,55,55,55,55,55,58
Fitness 71,77914, Gen ;0,509;0,7108;0,5232;0,8374;0,0366;0,4019;0,2408;0,0495;0,8753;0,3271;0,8164;0,9876;0,0502;0,7626;0,5232;0,4318;0,2739;0,674;0,2419;0,6463;0,5701
,80,80,80,80,80,80,80,80,80,83
Fitness 56,31757, Gen ;0,509;0,7108;0,5232;0,8374;0,0366;0,4019;0,2408;0,0495;0,8753;0,3271;0,8164;0,9876;0,0502;0,7626;0,5232;0,4318;0,2739;0,674;0,2419;0,6463;0,5701
,82,82,83,83,83,83,83,83,83,87
Fitness 62,33416, Gen ;0,509;0,7108;0,5232;0,8374;0,0366;0,4019;0,2408;0,0495;0,8753;0,3271;0,8164;0,9876;0,0502;0,7626;0,5232;0,4318;0,2739;0,674;0,2419;0,6463;0,5701
,49,49,49,49,49,49,49,49,49,50
Fitness 40,19692, Gen ;0,509;0,7108;0,5232;0,8374;0,0366;0,4019;0,2408;0,0495;0,8753;0,3271;0,8164;0,9876;0,0502;0,7626;0,5232;0,4318;0,2739;0,674;0,2419;0,6463;0,5701
,65,65,65,65,65,65,65,65,65,69
Fitness 37,60826, Gen ;0,509;0,7108;0,5232;0,8374;0,0366;0,4019;0,2408;0,0495;0,8753;0,3271;0,8164;0,9876;0,0502;0,7626;0,5232;0,4318;0,2739;0,674;0,2419;0,6463;0,5701
,54,54,54,54,54,54,54,54,55,55
Fitness 70,36654, Gen ;0,509;0,7108;0,5232;0,8374;0,0366;0,4019;0,2408;0,0495;0,8753;0,3271;0,8164;0,9876;0,0502;0,7626;0,5232;0,4318;0,2739;0,674;0,2419;0,6463;0,5701
,55,55,56,56,56,56,56,56,56,57
Fitness 52,12411, Gen ;0,509;0,7108;0,5232;0,8374;0,0366;0,4019;0,2408;0,0495;0,8753;0,3271;0,8164;0,9876;0,0502;0,7626;0,5232;0,4318;0,2739;0,674;0,2419;0,6463;0,5701
,71,71,72,72,72,72,72,72,72,76
Fitness 64,55038, Gen ;0,509;0,7108;0,5232;0,8374;0,0366;0,4019;0,2408;0,0495;0,8753;0,3271;0,8164;0,9876;0,0502;0,7626;0,5232;0,4318;0,2739;0,674;0,2419;0,6463;0,5701
,58,59,59,59,59,59,59,59,59,59
Fitness 62,95425, Gen ;0,509;0,7108;0,5232;0,8374;0,0366;0,4019;0,2408;0,0495;0,8753;0,3271;0,8164;0,9876;0,0502;0,7626;0,5232;0,4318;0,2739;0,674;0,2419;0,6463;0,5701
,65,65,65,65,65,65,65,65,65,66
Fitness 46,26662, Gen ;0,509;0,7108;0,5232;0,8374;0,0366;0,4019;0,2408;0,0495;0,8753;0,3271;0,8164;0,9876;0,0502;0,7626;0,5232;0,4318;0,2739;0,674;0,2419;0,6463;0,5701
,51,51,51,51,51,51,51,51,52,52
Fitness 60,61737, Gen ;0,509;0,7108;0,5232;0,8374;0,0366;0,4019;0,2408;0,0495;0,8753;0,3271;0,8164;0,9876;0,0502;0,7626;0,5232;0,4318;0,2739;0,674;0,2419;0,6463;0,5701
,66,66,66,66,66,66,66,66,67,70
Fitness 53,88181, Gen ;0,509;0,7108;0,5232;0,8374;0,0366;0,4019;0,2408;0,0495;0,8753;0,3271;0,8164;0,9876;0,0502;0,7626;0,5232;0,4318;0,2739;0,674;0,2419;0,6463;0,5701
,99,99,99,99,99,100,101,102,103,134
Fitness 67,86567, Gen ;0,509;0,7108;0,5232;0,8374;0,0366;0,4019;0,2408;0,0495;0,8753;0,3271;0,8164;0,9876;0,0502;0,7626;0,5232;0,4318;0,2739;0,674;0,2419;0,6463;0,5701
,68,68,68,68,68,68,68,68,68,69
Fitness 51,17002, Gen ;0,509;0,7108;0,5232;0,8374;0,0366;0,4019;0,2408;0,0495;0,8753;0,3271;0,8164;0,9876;0,0502;0,7626;0,5232;0,4318;0,2739;0,674;0,2419;0,6463;0,5701
,46,46,46,46,46,46,46,46,46,47
Fitness 15,55992, Gen ;0,509;0,7108;0,5232;0,8374;0,0366;0,4019;0,2408;0,0495;0,8753;0,3271;0,8164;0,9876;0,0502;0,7626;0,5232;0,4318;0,2739;0,674;0,2419;0,6463;0,5701
,72,72,72,72,72,72,72,72,73,79
Fitness 51,60251, Gen ;0,509;0,7108;0,5232;0,8374;0,0366;0,4019;0,2408;0,0495;0,8753;0,3271;0,8164;0,9876;0,0502;0,7626;0,5232;0,4318;0,2739;0,674;0,2419;0,6463;0,5701
,62,62,62,62,62,62,62,62,62,65
Fitness 73,58902, Gen ;0,509;0,7108;0,5232;0,8374;0,0366;0,4019;0,2408;0,0495;0,8753;0,3271;0,8164;0,9876;0,0502;0,7626;0,5232;0,4318;0,2739;0,674;0,2419;0,6463;0,5701
,73,79,79,79,79,79,79,79,82,84
Fitness 43,98623, Gen ;0,509;0,7108;0,5232;0,8374;0,0366;0,4019;0,2408;0,0495;0,8753;0,3271;0,8164;0,9876;0,0502;0,7626;0,5232;0,4318;0,2739;0,674;0,2419;0,6463;0,5701
,65,65,65,66,66,66,67,67,67,73
Fitness 55,79996, Gen ;0,509;0,7108;0,5232;0,8374;0,0366;0,4019;0,2408;0,0495;0,8753;0,3271;0,8164;0,9876;0,0502;0,7626;0,5232;0,4318;0,2739;0,674;0,2419;0,6463;0,5701
,75,75,75,75,75,75,75,75,76,76
Fitness 39,71464, Gen ;0,509;0,7108;0,5232;0,8374;0,0366;0,4019;0,2408;0,0495;0,8753;0,3271;0,8164;0,9876;0,0502;0,7626;0,5232;0,4318;0,2739;0,674;0,2419;0,6463;0,5701
,58,58,58,58,58,58,58,58,59,59
Fitness 49,10886, Gen ;0,509;0,7108;0,5232;0,8374;0,0366;0,4019;0,2408;0,0495;0,8753;0,3271;0,8164;0,9876;0,0502;0,7626;0,5232;0,4318;0,2739;0,674;0,2419;0,6463;0,5701
,120,120,120,120,120,120,120,120,121,121
Fitness 45,01435, Gen ;0,509;0,7108;0,5232;0,8374;0,0366;0,4019;0,2408;0,0495;0,8753;0,3271;0,8164;0,9876;0,0502;0,7626;0,5232;0,4318;0,2739;0,674;0,2419;0,6463;0,5701
,51,51,51,51,51,51,51,51,52,54
Fitness 60,84111, Gen ;0,509;0,7108;0,5232;0,8374;0,0366;0,4019;0,2408;0,0495;0,8753;0,3271;0,8164;0,9876;0,0502;0,7626;0,5232;0,4318;0,2739;0,674;0,2419;0,6463;0,5701
,42,42,42,42,42,42,42,42,43,43
Fitness 17,1158, Gen ;0,509;0,7108;0,5232;0,8374;0,0366;0,4019;0,2408;0,0495;0,8753;0,3271;0,8164;0,9876;0,0502;0,7626;0,5232;0,4318;0,2739;0,674;0,2419;0,6463;0,5701
,51,51,51,51,51,51,51,51,51,55
Fitness 66,45161, Gen ;0,509;0,7108;0,5232;0,8374;0,0366;0,4019;0,2408;0,0495;0,8753;0,3271;0,8164;0,9876;0,0502;0,7626;0,5232;0,4318;0,2739;0,674;0,2419;0,6463;0,5701
,65,65,66,66,66,66,66,66,66,69
Fitness 78,7543, Gen ;0,509;0,7108;0,5232;0,8374;0,0366;0,4019;0,2408;0,0495;0,8753;0,3271;0,8164;0,9876;0,0502;0,7626;0,5232;0,4318;0,2739;0,674;0,2419;0,6463;0,5701
,72,72,72,72,72,72,72,72,72,72
Fitness 66,00156, Gen ;0,509;0,7108;0,5232;0,8374;0,0366;0,4019;0,2408;0,0495;0,8753;0,3271;0,8164;0,9876;0,0502;0,7626;0,5232;0,4318;0,2739;0,674;0,2419;0,6463;0,5701
,51,51,51,51,51,51,51,51,51,51
Fitness 52,05296, Gen ;0,509;0,7108;0,5232;0,8374;0,0366;0,4019;0,2408;0,0495;0,8753;0,3271;0,8164;0,9876;0,0502;0,7626;0,5232;0,4318;0,2739;0,674;0,2419;0,6463;0,5701
,53,54,54,54,54,54,54,54,54,55
Fitness 48,44418, Gen ;0,509;0,7108;0,5232;0,8374;0,0366;0,4019;0,2408;0,0495;0,8753;0,3271;0,8164;0,9876;0,0502;0,7626;0,5232;0,4318;0,2739;0,674;0,2419;0,6463;0,5701
,53,53,53,53,53,54,54,54,54,54
Fitness 68,72488, Gen ;0,509;0,7108;0,5232;0,8374;0,0366;0,4019;0,2408;0,0495;0,8753;0,3271;0,8164;0,9876;0,0502;0,7626;0,5232;0,4318;0,2739;0,674;0,2419;0,6463;0,5701
,59,59,59,59,59,59,59,59,59,62
Fitness 65,05074, Gen ;0,509;0,7108;0,5232;0,8374;0,0366;0,4019;0,2408;0,0495;0,8753;0,3271;0,8164;0,9876;0,0502;0,7626;0,5232;0,4318;0,2739;0,674;0,2419;0,6463;0,5701
,54,54,54,54,54,54,54,54,55,55
Fitness 65,82665, Gen ;0,509;0,7108;0,5232;0,8374;0,0366;0,4019;0,2408;0,0495;0,8753;0,3271;0,8164;0,9876;0,0502;0,7626;0,5232;0,4318;0,2739;0,674;0,2419;0,6463;0,5701
,54,54,54,54,54,55,55,55,55,57
Fitness 58,0847, Gen ;0,509;0,7108;0,5232;0,8374;0,0366;0,4019;0,2408;0,0495;0,8753;0,3271;0,8164;0,9876;0,0502;0,7626;0,5232;0,4318;0,2739;0,674;0,2419;0,6463;0,5701
,51,51,51,51,51,51,51,51,51,51
Fitness 65,00699, Gen ;0,509;0,7108;0,5232;0,8374;0,0366;0,4019;0,2408;0,0495;0,8753;0,3271;0,8164;0,9876;0,0502;0,7626;0,5232;0,4318;0,2739;0,674;0,2419;0,6463;0,5701
,76,76,76,76,76,76,76,76,76,77
Fitness 63,57702, Gen ;0,509;0,7108;0,5232;0,8374;0,0366;0,4019;0,2408;0,0495;0,8753;0,3271;0,8164;0,9876;0,0502;0,7626;0,5232;0,4318;0,2739;0,674;0,2419;0,6463;0,5701
,49,49,49,49,49,49,49,49,50,53
Fitness 68,71649, Gen ;0,509;0,7108;0,5232;0,8374;0,0366;0,4019;0,2408;0,0495;0,8753;0,3271;0,8164;0,9876;0,0502;0,7626;0,5232;0,4318;0,2739;0,674;0,2419;0,6463;0,5701
,75,75,75,75,75,75,75,75,75,76
Fitness 44,54551, Gen ;0,509;0,7108;0,5232;0,8374;0,0366;0,4019;0,2408;0,0495;0,8753;0,3271;0,8164;0,9876;0,0502;0,7626;0,5232;0,4318;0,2739;0,674;0,2419;0,6463;0,5701
,65,65,65,66,66,66,66,66,66,67
Fitness 68,31689, Gen ;0,509;0,7108;0,5232;0,8374;0,0366;0,4019;0,2408;0,0495;0,8753;0,3271;0,8164;0,9876;0,0502;0,7626;0,5232;0,4318;0,2739;0,674;0,2419;0,6463;0,5701
,66,66,66,66,66,66,66,66,67,67
Fitness 45,09455, Gen ;0,509;0,7108;0,5232;0,8374;0,0366;0,4019;0,2408;0,0495;0,8753;0,3271;0,8164;0,9876;0,0502;0,7626;0,5232;0,4318;0,2739;0,674;0,2419;0,6463;0,5701
,54,54,54,54,54,54,54,54,54,55
Fitness 53,3386, Gen ;0,509;0,7108;0,5232;0,8374;0,0366;0,4019;0,2408;0,0495;0,8753;0,3271;0,8164;0,9876;0,0502;0,7626;0,5232;0,4318;0,2739;0,674;0,2419;0,6463;0,5701
,57,57,57,58,58,58,59,59,59,60
Fitness 53,39434, Gen ;0,509;0,7108;0,5232;0,8374;0,0366;0,4019;0,2408;0,0495;0,8753;0,3271;0,8164;0,9876;0,0502;0,7626;0,5232;0,4318;0,2739;0,674;0,2419;0,6463;0,5701
,59,59,59,59,59,59,59,59,59,61
Fitness 65,08428, Gen ;0,509;0,7108;0,5232;0,8374;0,0366;0,4019;0,2408;0,0495;0,8753;0,3271;0,8164;0,9876;0,0502;0,7626;0,5232;0,4318;0,2739;0,674;0,2419;0,6463;0,5701
,100,100,100,100,101,101,101,101,102,103
Fitness 60,25814, Gen ;0,509;0,7108;0,5232;0,8374;0,0366;0,4019;0,2408;0,0495;0,8753;0,3271;0,8164;0,9876;0,0502;0,7626;0,5232;0,4318;0,2739;0,674;0,2419;0,6463;0,5701
,77,78,78,78,78,78,78,78,78,81
Fitness 59,12579, Gen ;0,509;0,7108;0,5232;0,8374;0,0366;0,4019;0,2408;0,0495;0,8753;0,3271;0,8164;0,9876;0,0502;0,7626;0,5232;0,4318;0,2739;0,674;0,2419;0,6463;0,5701
,53,53,53,53,53,53,53,53,54,54
Fitness 26,67938, Gen ;0,509;0,7108;0,5232;0,8374;0,0366;0,4019;0,2408;0,0495;0,8753;0,3271;0,8164;0,9876;0,0502;0,7626;0,5232;0,4318;0,2739;0,674;0,2419;0,6463;0,5701
,54,54,54,54,54,54,54,55,55,56
Fitness 41,74171, Gen ;0,509;0,7108;0,5232;0,8374;0,0366;0,4019;0,2408;0,0495;0,8753;0,3271;0,8164;0,9876;0,0502;0,7626;0,5232;0,4318;0,2739;0,674;0,2419;0,6463;0,5701
,66,66,66,66,67,67,67,67,67,68
Fitness 66,15041, Gen ;0,509;0,7108;0,5232;0,8374;0,0366;0,4019;0,2408;0,0495;0,8753;0,3271;0,8164;0,9876;0,0502;0,7626;0,5232;0,4318;0,2739;0,674;0,2419;0,6463;0,5701
,57,57,57,57,57,57,57,57,57,58
Fitness 64,0652, Gen ;0,509;0,7108;0,5232;0,8374;0,0366;0,4019;0,2408;0,0495;0,8753;0,3271;0,8164;0,9876;0,0502;0,7626;0,5232;0,4318;0,2739;0,674;0,2419;0,6463;0,5701
,63,63,63,63,63,63,63,64,64,64
Fitness 52,27511, Gen ;0,509;0,7108;0,5232;0,8374;0,0366;0,4019;0,2408;0,0495;0,8753;0,3271;0,8164;0,9876;0,0502;0,7626;0,5232;0,4318;0,2739;0,674;0,2419;0,6463;0,5701
,95,95,95,95,96,96,96,96,96,97
Fitness 62,07456, Gen ;0,509;0,7108;0,5232;0,8374;0,0366;0,4019;0,2408;0,0495;0,8753;0,3271;0,8164;0,9876;0,0502;0,7626;0,5232;0,4318;0,2739;0,674;0,2419;0,6463;0,5701
,68,68,68,68,68,68,68,68,68,68
Fitness 56,02734, Gen ;0,509;0,7108;0,5232;0,8374;0,0366;0,4019;0,2408;0,0495;0,8753;0,3271;0,8164;0,9876;0,0502;0,7626;0,5232;0,4318;0,2739;0,674;0,2419;0,6463;0,5701
,56,56,56,56,56,56,56,56,57,57
Fitness 30,33029, Gen ;0,509;0,7108;0,5232;0,8374;0,0366;0,4019;0,2408;0,0495;0,8753;0,3271;0,8164;0,9876;0,0502;0,7626;0,5232;0,4318;0,2739;0,674;0,2419;0,6463;0,5701
,88,88,88,88,88,88,88,88,88,90
Fitness 51,68707, Gen ;0,509;0,7108;0,5232;0,8374;0,0366;0,4019;0,2408;0,0495;0,8753;0,3271;0,8164;0,9876;0,0502;0,7626;0,5232;0,4318;0,2739;0,674;0,2419;0,6463;0,5701
,61,61,61,61,61,61,61,62,62,63
Fitness 62,63658, Gen ;0,509;0,7108;0,5232;0,8374;0,0366;0,4019;0,2408;0,0495;0,8753;0,3271;0,8164;0,9876;0,0502;0,7626;0,5232;0,4318;0,2739;0,674;0,2419;0,6463;0,5701
,89,90,90,90,90,90,91,91,92,95
Fitness 34,66593, Gen ;0,509;0,7108;0,5232;0,8374;0,0366;0,4019;0,2408;0,0495;0,8753;0,3271;0,8164;0,9876;0,0502;0,7626;0,5232;0,4318;0,2739;0,674;0,2419;0,6463;0,5701
,53,53,53,53,53,53,53,53,53,54
Fitness 57,12106, Gen ;0,509;0,7108;0,5232;0,8374;0,0366;0,4019;0,2408;0,0495;0,8753;0,3271;0,8164;0,9876;0,0502;0,7626;0,5232;0,4318;0,2739;0,674;0,2419;0,6463;0,5701
,62,62,62,62,62,62,63,63,63,64
Fitness 31,77675, Gen ;0,509;0,7108;0,5232;0,8374;0,0366;0,4019;0,2408;0,0495;0,8753;0,3271;0,8164;0,9876;0,0502;0,7626;0,5232;0,4318;0,2739;0,674;0,2419;0,6463;0,5701
,77,78,78,78,78,78,78,78,78,78
Fitness 66,02296, Gen ;0,509;0,7108;0,5232;0,8374;0,0366;0,4019;0,2408;0,0495;0,8753;0,3271;0,8164;0,9876;0,0502;0,7626;0,5232;0,4318;0,2739;0,674;0,2419;0,6463;0,5701
,58,58,58,58,58,59,59,59,59,60
Fitness 55,79739, Gen ;0,509;0,7108;0,5232;0,8374;0,0366;0,4019;0,2408;0,0495;0,8753;0,3271;0,8164;0,9876;0,0502;0,7626;0,5232;0,4318;0,2739;0,674;0,2419;0,6463;0,5701
,105,105,105,105,105,105,105,105,105,106
Fitness 43,21197, Gen ;0,509;0,7108;0,5232;0,8374;0,0366;0,4019;0,2408;0,0495;0,8753;0,3271;0,8164;0,9876;0,0502;0,7626;0,5232;0,4318;0,2739;0,674;0,2419;0,6463;0,5701
,48,48,48,48,48,48,48,49,49,50
Fitness 59,72744, Gen ;0,509;0,7108;0,5232;0,8374;0,0366;0,4019;0,2408;0,0495;0,8753;0,3271;0,8164;0,9876;0,0502;0,7626;0,5232;0,4318;0,2739;0,674;0,2419;0,6463;0,5701
,49,49,49,49,49,49,49,49,49,50
Fitness 24,76829, Gen ;0,509;0,7108;0,5232;0,8374;0,0366;0,4019;0,2408;0,0495;0,8753;0,3271;0,8164;0,9876;0,0502;0,7626;0,5232;0,4318;0,2739;0,674;0,2419;0,6463;0,5701
,50,50,50,50,50,50,50,50,51,51
Fitness 70,43401, Gen ;0,509;0,7108;0,5232;0,8374;0,0366;0,4019;0,2408;0,0495;0,8753;0,3271;0,8164;0,9876;0,0502;0,7626;0,5232;0,4318;0,2739;0,674;0,2419;0,6463;0,5701
,70,71,71,71,71,71,71,71,71,75
Fitness 70,43815, Gen ;0,509;0,7108;0,5232;0,8374;0,0366;0,4019;0,2408;0,0495;0,8753;0,3271;0,8164;0,9876;0,0502;0,7626;0,5232;0,4318;0,2739;0,674;0,2419;0,6463;0,5701
,56,56,56,56,56,56,56,56,56,57
Fitness 68,92416, Gen ;0,509;0,7108;0,5232;0,8374;0,0366;0,4019;0,2408;0,0495;0,8753;0,3271;0,8164;0,9876;0,0502;0,7626;0,5232;0,4318;0,2739;0,674;0,2419;0,6463;0,5701
,77,77,77,77,77,77,77,77,78,78
Fitness 46,64378, Gen ;0,509;0,7108;0,5232;0,8374;0,0366;0,4019;0,2408;0,0495;0,8753;0,3271;0,8164;0,9876;0,0502;0,7626;0,5232;0,4318;0,2739;0,674;0,2419;0,6463;0,5701
,61,61,61,61,61,61,61,62,62,62
Fitness 63,26055, Gen ;0,509;0,7108;0,5232;0,8374;0,0366;0,4019;0,2408;0,0495;0,8753;0,3271;0,8164;0,9876;0,0502;0,7626;0,5232;0,4318;0,2739;0,674;0,2419;0,6463;0,5701
,43,43,43,43,44,44,44,44,44,44
Fitness 43,67649, Gen ;0,509;0,7108;0,5232;0,8374;0,0366;0,4019;0,2408;0,0495;0,8753;0,3271;0,8164;0,9876;0,0502;0,7626;0,5232;0,4318;0,2739;0,674;0,2419;0,6463;0,5701
,56,56,56,56,56,56,56,56,56,58
Fitness 58,08149, Gen ;0,509;0,7108;0,5232;0,8374;0,0366;0,4019;0,2408;0,0495;0,8753;0,3271;0,8164;0,9876;0,0502;0,7626;0,5232;0,4318;0,2739;0,674;0,2419;0,6463;0,5701
,61,61,61,61,61,61,61,61,61,62
