	50PopravljenStroembom ovc
	3 AI1 ovcarjev
Fitness 54,39426, Gen ;0,7174;0,5082;0,2546;0,4625;0,0106;0,8432;0,0266;0,219;0,9825;0,7019;0,9344;0,4709;0,0552;0,0446;0,5761;0,3071;0,2508;0,9141;0,0933;0,344;0,5234
,69,69,69,69,69,69,69,69,69,69,69,69,70,70,70,70,70,70,70,70,70,70,70,70,70,71,71,71,71,71,71,72,72,72,72,72,73,73,73,73,73,73,74,74,81,82
Fitness 57,81751, Gen ;0,7174;0,5082;0,2546;0,4625;0,0106;0,8432;0,0266;0,219;0,9825;0,7019;0,9344;0,4709;0,0552;0,0446;0,5761;0,3071;0,2508;0,9141;0,0933;0,344;0,5234
,62,62,62,62,63,63,63,63,63,63,63,63,63,63,63,63,64,64,64,64,64,64,64,64,64,64,64,64,64,64,64,64,64,64,64,64,64,64,64,65,65,65,65,65,65,65,65,66,66,66
Fitness 70,44263, Gen ;0,7174;0,5082;0,2546;0,4625;0,0106;0,8432;0,0266;0,219;0,9825;0,7019;0,9344;0,4709;0,0552;0,0446;0,5761;0,3071;0,2508;0,9141;0,0933;0,344;0,5234
,57,57,57,58,58,58,58,58,58,58,58,58,58,58,58,58,58,58,58,58,58,58,58,59,59,59,59,59,59,59,59,59,59,59,59,59,59,59,60,60,62,62,65,65,66,69,73,106,111,112
Fitness 0,0002423874, Gen ;0,7174;0,5082;0,2546;0,4625;0,0106;0,8432;0,0266;0,219;0,9825;0,7019;0,9344;0,4709;0,0552;0,0446;0,5761;0,3071;0,2508;0,9141;0,0933;0,344;0,5234
,69,70,70,70,70,70,71,71,71,71,71,72,72,72,72,72,72,72,72,72,72,72,72,72,73,73,73,73,73,73,74,74,74,74,74,74,75,75,75,76,77,78,79,82,82,84,85,86,88,88
Fitness 53,64548, Gen ;0,7174;0,5082;0,2546;0,4625;0,0106;0,8432;0,0266;0,219;0,9825;0,7019;0,9344;0,4709;0,0552;0,0446;0,5761;0,3071;0,2508;0,9141;0,0933;0,344;0,5234
,59,59,59,59,59,59,59,59,60,60,60,60,60,60,60,60,60,60,60,60,60,60,60,60,60,61,61,61,61,61,61,61,61,61,61,61,61,61,62,62,62,62,62,62,62,62,84,85,85,112
Fitness 19,39136, Gen ;0,7174;0,5082;0,2546;0,4625;0,0106;0,8432;0,0266;0,219;0,9825;0,7019;0,9344;0,4709;0,0552;0,0446;0,5761;0,3071;0,2508;0,9141;0,0933;0,344;0,5234
,60,60,60,60,60,60,60,60,60,60,61,61,61,61,61,61,61,61,61,61,61,61,61,61,61,61,61,62,62,62,62,62,62,62,62,62,62,62,62,62,62,62,63,63,63,63,64,65,65
Fitness 31,63244, Gen ;0,7174;0,5082;0,2546;0,4625;0,0106;0,8432;0,0266;0,219;0,9825;0,7019;0,9344;0,4709;0,0552;0,0446;0,5761;0,3071;0,2508;0,9141;0,0933;0,344;0,5234
,54,54,54,54,54,54,54,54,54,54,55,55,55,55,55,55,55,55,55,55,55,55,55,55,55,55,55,55,55,55,55,55,56,56,56,56,56,56,56,56,57,57,57,57,57,57,57,59,59,61
Fitness 19,11039, Gen ;0,7174;0,5082;0,2546;0,4625;0,0106;0,8432;0,0266;0,219;0,9825;0,7019;0,9344;0,4709;0,0552;0,0446;0,5761;0,3071;0,2508;0,9141;0,0933;0,344;0,5234
,72,72,72,73,73,73,73,73,73,73,73,73,73,73,73,73,73,73,73,73,74,74,74,74,74,74,74,75,75,76,76,96,105,105,120,121,121,123,123,123,123,123,124,129,136,137,137,139,140,142
Fitness 0,0002835899, Gen ;0,7174;0,5082;0,2546;0,4625;0,0106;0,8432;0,0266;0,219;0,9825;0,7019;0,9344;0,4709;0,0552;0,0446;0,5761;0,3071;0,2508;0,9141;0,0933;0,344;0,5234
,94,94,94,94,94,94,94,94,94,94,94,95,95,95,95,95,95,95,95,95,95,95,95,95,95,96,96,96,96,96,96,96,96,96,96,96,96,97,97,97,97,98,98,98,98,98,98,99,99,106
Fitness 62,95175, Gen ;0,7174;0,5082;0,2546;0,4625;0,0106;0,8432;0,0266;0,219;0,9825;0,7019;0,9344;0,4709;0,0552;0,0446;0,5761;0,3071;0,2508;0,9141;0,0933;0,344;0,5234
,68,68,68,68,68,68,68,68,69,69,69,69,69,69,69,69,69,69,69,69,69,69,69,69,69,69,69,70,70,70,70,70,70,70,70,70,70,70,70,70,71,71,71,71,72,72,72,72,82,84
Fitness 4,478442, Gen ;0,7174;0,5082;0,2546;0,4625;0,0106;0,8432;0,0266;0,219;0,9825;0,7019;0,9344;0,4709;0,0552;0,0446;0,5761;0,3071;0,2508;0,9141;0,0933;0,344;0,5234
,70,70,70,70,70,70,70,70,70,70,70,70,70,70,70,70,70,70,70,70,70,70,70,70,70,70,70,71,71,71,71,71,71,71,71,71,72,72,76,77,77,77,78,78,78,78,78,78
Fitness 16,30136, Gen ;0,7174;0,5082;0,2546;0,4625;0,0106;0,8432;0,0266;0,219;0,9825;0,7019;0,9344;0,4709;0,0552;0,0446;0,5761;0,3071;0,2508;0,9141;0,0933;0,344;0,5234
,69,69,69,69,69,69,69,69,69,69,69,70,70,70,70,70,70,70,70,70,70,70,70,70,70,70,70,70,71,71,71,71,71,71,71,71,71,71,71,71,71,71,71,71,72,72,72,72,89,89
Fitness 36,19517, Gen ;0,7174;0,5082;0,2546;0,4625;0,0106;0,8432;0,0266;0,219;0,9825;0,7019;0,9344;0,4709;0,0552;0,0446;0,5761;0,3071;0,2508;0,9141;0,0933;0,344;0,5234
,65,65,65,65,65,65,65,65,65,65,65,66,66,66,66,66,66,66,66,66,66,66,66,67,67,67,67,67,67,67,67,67,67,67,67,67,67,67,67,68,68,68,68,68,68,68,68,69,69,70
Fitness 0,0002722358, Gen ;0,7174;0,5082;0,2546;0,4625;0,0106;0,8432;0,0266;0,219;0,9825;0,7019;0,9344;0,4709;0,0552;0,0446;0,5761;0,3071;0,2508;0,9141;0,0933;0,344;0,5234
,70,70,70,70,70,70,70,70,71,71,71,71,71,71,71,71,71,71,71,71,71,71,72,72,72,72,72,72,72,72,72,72,72,72,73,73,73,73,73,74,74,74,75,75,76,76,76,77,77,79
Fitness 31,84526, Gen ;0,7174;0,5082;0,2546;0,4625;0,0106;0,8432;0,0266;0,219;0,9825;0,7019;0,9344;0,4709;0,0552;0,0446;0,5761;0,3071;0,2508;0,9141;0,0933;0,344;0,5234
,59,60,60,60,60,60,60,60,60,60,60,60,60,60,61,61,61,61,61,61,61,61,61,61,61,61,61,61,61,61,61,62,62,62,62,62,62,62,62,63,63,70,70,70,71,71,71,72,72,77
Fitness 49,29294, Gen ;0,7174;0,5082;0,2546;0,4625;0,0106;0,8432;0,0266;0,219;0,9825;0,7019;0,9344;0,4709;0,0552;0,0446;0,5761;0,3071;0,2508;0,9141;0,0933;0,344;0,5234
,58,58,58,58,58,58,58,58,58,58,58,58,58,58,58,58,58,58,58,59,59,59,59,59,59,59,59,59,59,59,59,59,59,59,60,60,60,60,60,60,60,60,60,60,60,60,60,67,68,69
Fitness 38,57118, Gen ;0,7174;0,5082;0,2546;0,4625;0,0106;0,8432;0,0266;0,219;0,9825;0,7019;0,9344;0,4709;0,0552;0,0446;0,5761;0,3071;0,2508;0,9141;0,0933;0,344;0,5234
,58,58,58,58,58,58,58,58,59,59,59,59,59,59,59,59,59,59,59,59,59,59,59,59,59,59,59,59,60,60,60,60,60,60,60,60,60,60,61,61,61,61,61,61,62,62,63,63,64,64
Fitness 44,64404, Gen ;0,7174;0,5082;0,2546;0,4625;0,0106;0,8432;0,0266;0,219;0,9825;0,7019;0,9344;0,4709;0,0552;0,0446;0,5761;0,3071;0,2508;0,9141;0,0933;0,344;0,5234
,79,79,79,79,79,79,79,79,79,79,80,80,80,80,80,80,80,80,80,80,80,80,80,81,81,81,81,81,81,81,82,82,82,82,82,82,82,82,83,83,83,83,83,84,84,85,85,86,86,86
Fitness 53,17946, Gen ;0,7174;0,5082;0,2546;0,4625;0,0106;0,8432;0,0266;0,219;0,9825;0,7019;0,9344;0,4709;0,0552;0,0446;0,5761;0,3071;0,2508;0,9141;0,0933;0,344;0,5234
,78,78,78,78,78,78,78,78,78,78,78,79,79,79,79,79,79,79,79,79,79,79,79,79,79,79,80,80,80,80,80,80,80,80,80,80,80,80,80,80,81,81,81,81,81,81,82,82,83,92
Fitness 57,44174, Gen ;0,7174;0,5082;0,2546;0,4625;0,0106;0,8432;0,0266;0,219;0,9825;0,7019;0,9344;0,4709;0,0552;0,0446;0,5761;0,3071;0,2508;0,9141;0,0933;0,344;0,5234
,91,91,91,91,91,91,91,91,91,91,91,91,91,91,91,91,91,92,92,92,92,92,92,92,92,92,92,92,92,92,92,93,93,93,93,93,93,93,93,93,93,94,94,95,95,95,96,96,97,98
Fitness 31,11196, Gen ;0,7174;0,5082;0,2546;0,4625;0,0106;0,8432;0,0266;0,219;0,9825;0,7019;0,9344;0,4709;0,0552;0,0446;0,5761;0,3071;0,2508;0,9141;0,0933;0,344;0,5234
,53,53,53,53,53,53,53,53,53,53,53,53,53,54,54,54,54,54,54,54,54,54,54,54,54,54,54,55,55,55,55,55,55,55,55,56,56,56,56,56,57,58,58,61,61,62,62,62,62,63
Fitness 27,53303, Gen ;0,7174;0,5082;0,2546;0,4625;0,0106;0,8432;0,0266;0,219;0,9825;0,7019;0,9344;0,4709;0,0552;0,0446;0,5761;0,3071;0,2508;0,9141;0,0933;0,344;0,5234
,49,49,49,49,49,49,50,50,50,50,50,50,50,50,50,50,50,50,50,50,50,50,50,50,50,51,51,51,51,51,51,51,51,51,51,51,51,51,51,51,52,52,52,52,52,62,62,62,62,63
Fitness 21,10967, Gen ;0,7174;0,5082;0,2546;0,4625;0,0106;0,8432;0,0266;0,219;0,9825;0,7019;0,9344;0,4709;0,0552;0,0446;0,5761;0,3071;0,2508;0,9141;0,0933;0,344;0,5234
,174
Fitness 60,91552, Gen ;0,7174;0,5082;0,2546;0,4625;0,0106;0,8432;0,0266;0,219;0,9825;0,7019;0,9344;0,4709;0,0552;0,0446;0,5761;0,3071;0,2508;0,9141;0,0933;0,344;0,5234
,71,71,71,71,71,71,71,71,71,71,71,71,71,71,71,71,72,72,72,72,72,72,72,72,72,72,72,73,73,73,73,73,73,73,73,73,74,74,74,74,77,77,77,77,78,78,79,79,80,81
Fitness 62,82687, Gen ;0,7174;0,5082;0,2546;0,4625;0,0106;0,8432;0,0266;0,219;0,9825;0,7019;0,9344;0,4709;0,0552;0,0446;0,5761;0,3071;0,2508;0,9141;0,0933;0,344;0,5234
,57,57,57,57,57,57,57,57,57,57,57,57,57,57,57,57,58,58,58,58,58,58,58,58,58,58,58,58,58,59,59,59,59,59,59,59,59,61,62,62,62,62,62,62,62,62,63,63,63,64
Fitness 0,0003136102, Gen ;0,7174;0,5082;0,2546;0,4625;0,0106;0,8432;0,0266;0,219;0,9825;0,7019;0,9344;0,4709;0,0552;0,0446;0,5761;0,3071;0,2508;0,9141;0,0933;0,344;0,5234
,65,66,66,66,66,66,66,66,66,66,66,66,66,67,67,67,67,67,67,67,67,67,67,67,67,68,68,68,68,68,68,68,68,68,68,69,69,69,69,69,69,69,69,70,70,70,70,97,97,98
Fitness 37,43382, Gen ;0,7174;0,5082;0,2546;0,4625;0,0106;0,8432;0,0266;0,219;0,9825;0,7019;0,9344;0,4709;0,0552;0,0446;0,5761;0,3071;0,2508;0,9141;0,0933;0,344;0,5234
,90,90,90,90,90,90,90,90,91,91,91,91,91,91,91,91,91,91,91,91,91,91,91,91,91,91,91,92,92,92,92,92,92,92,92,92,92,93,93,93,93,93,93,93,94,94,94,95,95
Fitness 57,93713, Gen ;0,7174;0,5082;0,2546;0,4625;0,0106;0,8432;0,0266;0,219;0,9825;0,7019;0,9344;0,4709;0,0552;0,0446;0,5761;0,3071;0,2508;0,9141;0,0933;0,344;0,5234
,54,54,54,54,54,54,54,54,54,54,54,54,54,54,54,54,54,54,54,54,54,54,55,55,55,55,55,55,55,55,55,55,55,55,55,55,56,56,56,56,56,56,58,58,58,58,58,60,60,73
Fitness 26,54321, Gen ;0,7174;0,5082;0,2546;0,4625;0,0106;0,8432;0,0266;0,219;0,9825;0,7019;0,9344;0,4709;0,0552;0,0446;0,5761;0,3071;0,2508;0,9141;0,0933;0,344;0,5234
,96,96,97,97,97,97,98,98,98,98,99,99,99,99,99,99,100,101,101,102,104,143,158,158,161,161,162,162,162,162,163,163,163,163,163,163,163,164,164,164,164,164,164,164,165,165,165,165,165,166
Fitness 0,0005199467, Gen ;0,7174;0,5082;0,2546;0,4625;0,0106;0,8432;0,0266;0,219;0,9825;0,7019;0,9344;0,4709;0,0552;0,0446;0,5761;0,3071;0,2508;0,9141;0,0933;0,344;0,5234
,71,71,72,72,73,75,75,75,76,76,76,76,76,76,76,76,77,77,77,77,77,78,78,78,78,78,78,78,78,78,78,78,78,78,78,79,79,79,79,79,79,79,79,79,79,79,79,80,83,92
Fitness 50,65802, Gen ;0,7174;0,5082;0,2546;0,4625;0,0106;0,8432;0,0266;0,219;0,9825;0,7019;0,9344;0,4709;0,0552;0,0446;0,5761;0,3071;0,2508;0,9141;0,0933;0,344;0,5234
,58,58,58,58,58,58,59,59,59,59,59,59,59,59,59,59,59,59,59,59,59,59,59,60,60,60,60,60,60,60,60,60,60,60,60,60,60,60,60,61,61,61,61,61,61,61,61,61,66,67
Fitness 0,3106661, Gen ;0,7174;0,5082;0,2546;0,4625;0,0106;0,8432;0,0266;0,219;0,9825;0,7019;0,9344;0,4709;0,0552;0,0446;0,5761;0,3071;0,2508;0,9141;0,0933;0,344;0,5234
,55,55,55,55,55,55,55,55,55,55,56,56,56,56,56,56,56,56,56,56,56,56,56,56,57,57,57,57,57,57,57,57,57,57,57,58,58,58,58,58,58,59,60,61,61,61,61,61,61,72
Fitness 27,8938, Gen ;0,7174;0,5082;0,2546;0,4625;0,0106;0,8432;0,0266;0,219;0,9825;0,7019;0,9344;0,4709;0,0552;0,0446;0,5761;0,3071;0,2508;0,9141;0,0933;0,344;0,5234
,57,57,57,57,57,57,57,57,57,57,57,58,58,58,58,58,58,58,58,58,58,58,58,58,58,58,58,58,59,59,59,59,59,59,59,59,59,59,59,59,59,60,60,60,60,60,60,61,62,63
Fitness 54,30827, Gen ;0,7174;0,5082;0,2546;0,4625;0,0106;0,8432;0,0266;0,219;0,9825;0,7019;0,9344;0,4709;0,0552;0,0446;0,5761;0,3071;0,2508;0,9141;0,0933;0,344;0,5234
,61,61,61,61,61,61,61,61,62,62,62,62,62,62,62,62,62,62,62,63,63,63,63,63,64,64,64,64,64,64,64,64,64,65,65,65,65,65,65,66,66,66,66,66,67,67,67,68,69,71
Fitness 50,48279, Gen ;0,7174;0,5082;0,2546;0,4625;0,0106;0,8432;0,0266;0,219;0,9825;0,7019;0,9344;0,4709;0,0552;0,0446;0,5761;0,3071;0,2508;0,9141;0,0933;0,344;0,5234
,97,97,97,97,97,97,97,97,97,97,97,97,97,97,98,98,98,98,98,98,98,98,98,98,98,98,98,98,98,98,98,98,98,98,98,99,99,99,99,99,99,99,99,99,99,100,101,101,101,112
Fitness 59,47307, Gen ;0,7174;0,5082;0,2546;0,4625;0,0106;0,8432;0,0266;0,219;0,9825;0,7019;0,9344;0,4709;0,0552;0,0446;0,5761;0,3071;0,2508;0,9141;0,0933;0,344;0,5234
,76,76,76,76,76,76,76,76,76,76,76,76,76,76,77,77,77,77,77,77,77,77,77,77,77,78,78,78,78,78,78,78,78,78,78,78,78,79,79,79,80,81,86,87,87,87,90,94,94,95
Fitness 49,14252, Gen ;0,7174;0,5082;0,2546;0,4625;0,0106;0,8432;0,0266;0,219;0,9825;0,7019;0,9344;0,4709;0,0552;0,0446;0,5761;0,3071;0,2508;0,9141;0,0933;0,344;0,5234
,71,71,71,71,71,71,71,71,71,71,71,71,71,71,71,71,71,71,71,72,72,72,72,72,72,72,72,72,72,72,72,72,73,73,73,73,74,76,78,78,79,81,81,82,82,82,82,82,83,101
Fitness 13,23892, Gen ;0,7174;0,5082;0,2546;0,4625;0,0106;0,8432;0,0266;0,219;0,9825;0,7019;0,9344;0,4709;0,0552;0,0446;0,5761;0,3071;0,2508;0,9141;0,0933;0,344;0,5234
,58,58,59,59,59,59,59,59,59,59,59,59,59,59,60,60,60,60,60,60,60,60,60,60,60,60,60,60,61,61,61,61,61,61,61,61,61,61,62,62,62,62,62,63,64,65,65,65,66,66
Fitness 25,74632, Gen ;0,7174;0,5082;0,2546;0,4625;0,0106;0,8432;0,0266;0,219;0,9825;0,7019;0,9344;0,4709;0,0552;0,0446;0,5761;0,3071;0,2508;0,9141;0,0933;0,344;0,5234
,63,63,63,63,63,63,63,63,63,63,63,63,63,63,63,63,63,63,64,64,64,64,64,64,64,64,65,65,65,65,65,65,65,65,65,65,66,66,66,66,66,66,66,66,66,66,66,66,66,66
Fitness 23,4593, Gen ;0,7174;0,5082;0,2546;0,4625;0,0106;0,8432;0,0266;0,219;0,9825;0,7019;0,9344;0,4709;0,0552;0,0446;0,5761;0,3071;0,2508;0,9141;0,0933;0,344;0,5234
,51,51,51,51,52,52,52,52,52,52,52,52,52,52,52,52,52,52,52,52,52,53,53,53,53,53,53,53,53,53,53,53,53,53,53,53,53,54,54,54,54,54,54,54,55,56,56,57,57,62
Fitness 55,39016, Gen ;0,7174;0,5082;0,2546;0,4625;0,0106;0,8432;0,0266;0,219;0,9825;0,7019;0,9344;0,4709;0,0552;0,0446;0,5761;0,3071;0,2508;0,9141;0,0933;0,344;0,5234
,46,46,46,46,46,46,46,46,46,46,46,46,46,47,47,47,47,47,47,47,47,47,47,47,47,47,47,47,47,47,47,47,47,48,48,48,48,48,48,48,48,48,49,50,50,50,51,52,52,53
Fitness 53,1032, Gen ;0,7174;0,5082;0,2546;0,4625;0,0106;0,8432;0,0266;0,219;0,9825;0,7019;0,9344;0,4709;0,0552;0,0446;0,5761;0,3071;0,2508;0,9141;0,0933;0,344;0,5234
,66,66,67,67,67,67,67,67,67,67,67,67,67,67,68,68,68,68,68,68,68,68,68,68,68,68,68,68,68,68,68,68,68,69,69,69,69,69,69,69,69,69,69,69,69,69,69,69,70,73
Fitness 63,18934, Gen ;0,7174;0,5082;0,2546;0,4625;0,0106;0,8432;0,0266;0,219;0,9825;0,7019;0,9344;0,4709;0,0552;0,0446;0,5761;0,3071;0,2508;0,9141;0,0933;0,344;0,5234
,51,51,51,51,51,51,51,51,51,51,51,51,51,51,52,52,52,52,52,52,52,52,52,52,52,52,52,52,52,52,53,53,53,53,53,54,55,55,55,56,56,56,56,57,59,59,59,60,60,60
Fitness 75,58384, Gen ;0,7174;0,5082;0,2546;0,4625;0,0106;0,8432;0,0266;0,219;0,9825;0,7019;0,9344;0,4709;0,0552;0,0446;0,5761;0,3071;0,2508;0,9141;0,0933;0,344;0,5234
,72,72,72,72,72,72,72,73,73,73,73,73,73,73,73,73,73,73,73,73,73,74,74,74,74,74,74,74,74,74,74,74,74,75,75,75,75,75,75,75,75,76,76,76,76,77,77,83,83,84
Fitness 45,75162, Gen ;0,7174;0,5082;0,2546;0,4625;0,0106;0,8432;0,0266;0,219;0,9825;0,7019;0,9344;0,4709;0,0552;0,0446;0,5761;0,3071;0,2508;0,9141;0,0933;0,344;0,5234
,65,65,65,65,65,65,65,65,65,65,65,65,65,65,65,65,65,65,66,66,66,66,66,66,66,66,66,66,66,66,66,66,66,66,67,67,67,67,67,67,67,67,67,67,67,67,68,68,71,71
Fitness 65,08427, Gen ;0,7174;0,5082;0,2546;0,4625;0,0106;0,8432;0,0266;0,219;0,9825;0,7019;0,9344;0,4709;0,0552;0,0446;0,5761;0,3071;0,2508;0,9141;0,0933;0,344;0,5234
,89,90,91,91,91,91,91,91,91,91,91,91,91,92,92,92,92,92,92,92,92,92,92,93,112,113,113,113,114,114,114,114,114,115,115,115,115,115,116,116,118,128,129,132,132,133,135,135,136,136
Fitness 34,49368, Gen ;0,7174;0,5082;0,2546;0,4625;0,0106;0,8432;0,0266;0,219;0,9825;0,7019;0,9344;0,4709;0,0552;0,0446;0,5761;0,3071;0,2508;0,9141;0,0933;0,344;0,5234
,51,51,51,51,52,52,52,52,52,52,52,52,52,52,52,52,52,52,52,52,52,52,52,53,53,53,53,53,53,53,53,53,53,53,53,53,54,54,54,54,54,54,54,54,55,56,56,59,76,77
Fitness 47,88892, Gen ;0,7174;0,5082;0,2546;0,4625;0,0106;0,8432;0,0266;0,219;0,9825;0,7019;0,9344;0,4709;0,0552;0,0446;0,5761;0,3071;0,2508;0,9141;0,0933;0,344;0,5234
,82,82,82,82,82,82,82,82,82,82,83,83,83,83,83,83,83,83,83,83,83,83,83,83,84,84,84,84,84,84,84,84,84,84,84,84,85,85,85,85,85,85,87,91,98,99,99,99,100,101
Fitness 5,009388, Gen ;0,7174;0,5082;0,2546;0,4625;0,0106;0,8432;0,0266;0,219;0,9825;0,7019;0,9344;0,4709;0,0552;0,0446;0,5761;0,3071;0,2508;0,9141;0,0933;0,344;0,5234
,82,82,82,82,82,82,82,82,82,83,83,83,83,83,83,83,83,83,83,83,83,83,83,83,84,84,84,84,84,84,84,84,84,84,84,84,84,85,85,85,85,90,91,91,91,92,92,92,97,100
Fitness 47,89473, Gen ;0,7174;0,5082;0,2546;0,4625;0,0106;0,8432;0,0266;0,219;0,9825;0,7019;0,9344;0,4709;0,0552;0,0446;0,5761;0,3071;0,2508;0,9141;0,0933;0,344;0,5234
,113,114,114,119,132,132,132,132,132,132,132,132,132,133,133,133,133,133,133,133,133,133,133,133,133,133,134,134,134,134,134,134,134,135,136,139,140,140,141,144,144,145,145,145,145,146,152,153,153,153
Fitness 21,09117, Gen ;0,7174;0,5082;0,2546;0,4625;0,0106;0,8432;0,0266;0,219;0,9825;0,7019;0,9344;0,4709;0,0552;0,0446;0,5761;0,3071;0,2508;0,9141;0,0933;0,344;0,5234
,63,63,63,63,63,63,63,63,63,63,63,64,64,64,64,64,64,64,64,64,64,64,64,64,64,64,64,64,65,65,65,65,65,65,65,65,65,65,65,65,66,66,66,66,66,66,67,67,69,70
Fitness 21,72104, Gen ;0,7174;0,5082;0,2546;0,4625;0,0106;0,8432;0,0266;0,219;0,9825;0,7019;0,9344;0,4709;0,0552;0,0446;0,5761;0,3071;0,2508;0,9141;0,0933;0,344;0,5234
,106,107,107,107,107,107,107,107,108,108,108,108,108,108,108,108,108,108,108,108,108,108,108,109,109,109,109,109,109,109,109,109,109,109,109,109,109,110,110,110,110,110,110,111,112,113,113,122,123
Fitness 1,139132, Gen ;0,7174;0,5082;0,2546;0,4625;0,0106;0,8432;0,0266;0,219;0,9825;0,7019;0,9344;0,4709;0,0552;0,0446;0,5761;0,3071;0,2508;0,9141;0,0933;0,344;0,5234
,72,72,72,73,73,73,73,73,73,73,73,73,73,73,73,73,73,73,74,74,74,74,74,74,74,74,74,74,74,74,74,74,74,75,75,75,75,75,75,75,75,75,75,75,75,76,76,76,76,83
Fitness 49,96236, Gen ;0,7174;0,5082;0,2546;0,4625;0,0106;0,8432;0,0266;0,219;0,9825;0,7019;0,9344;0,4709;0,0552;0,0446;0,5761;0,3071;0,2508;0,9141;0,0933;0,344;0,5234
,61,61,61,61,61,61,61,61,61,61,61,62,62,62,62,62,62,62,62,62,62,62,62,62,62,63,63,63,63,63,63,63,63,63,63,63,63,63,63,63,63,63,63,63,64,64,64,64,83,84
Fitness 0,000447008, Gen ;0,7174;0,5082;0,2546;0,4625;0,0106;0,8432;0,0266;0,219;0,9825;0,7019;0,9344;0,4709;0,0552;0,0446;0,5761;0,3071;0,2508;0,9141;0,0933;0,344;0,5234
,58,58,58,58,58,58,58,58,58,58,58,58,58,58,59,59,59,59,59,59,59,59,59,59,59,59,59,59,59,59,59,59,59,59,60,60,60,60,60,60,60,60,60,60,61,61,63,63,63,87
Fitness 35,73987, Gen ;0,7174;0,5082;0,2546;0,4625;0,0106;0,8432;0,0266;0,219;0,9825;0,7019;0,9344;0,4709;0,0552;0,0446;0,5761;0,3071;0,2508;0,9141;0,0933;0,344;0,5234
,83,84,84,84,84,84,84,84,84,84,84,84,84,84,84,84,84,84,84,84,85,85,85,85,85,85,85,85,85,85,85,85,86,86,86,86,86,86,86,86,86,87,87,87,87,87,88,95,95,118
Fitness 38,39909, Gen ;0,7174;0,5082;0,2546;0,4625;0,0106;0,8432;0,0266;0,219;0,9825;0,7019;0,9344;0,4709;0,0552;0,0446;0,5761;0,3071;0,2508;0,9141;0,0933;0,344;0,5234
,72,72,72,72,72,73,73,73,73,73,73,73,73,73,73,73,73,73,73,73,73,74,74,74,74,74,74,74,74,74,74,74,74,74,74,74,74,75,75,75,75,75,75,75,75,76,76,77,77,77
Fitness 37,19989, Gen ;0,7174;0,5082;0,2546;0,4625;0,0106;0,8432;0,0266;0,219;0,9825;0,7019;0,9344;0,4709;0,0552;0,0446;0,5761;0,3071;0,2508;0,9141;0,0933;0,344;0,5234
,53,53,53,53,53,53,53,53,53,53,53,53,53,53,53,53,53,53,53,53,53,53,53,54,54,54,54,54,54,54,54,54,54,54,54,54,57,58,58,58,72,72,73,75,79,82,84,92,92,94
Fitness 12,74905, Gen ;0,7174;0,5082;0,2546;0,4625;0,0106;0,8432;0,0266;0,219;0,9825;0,7019;0,9344;0,4709;0,0552;0,0446;0,5761;0,3071;0,2508;0,9141;0,0933;0,344;0,5234
,66,66,66,66,66,66,66,66,66,66,66,67,67,67,67,67,67,67,67,67,67,67,67,67,68,68,68,68,68,68,68,68,68,68,68,69,69,69,69,69,69,69,71,71,71,72,72,72,73,73
Fitness 40,36523, Gen ;0,7174;0,5082;0,2546;0,4625;0,0106;0,8432;0,0266;0,219;0,9825;0,7019;0,9344;0,4709;0,0552;0,0446;0,5761;0,3071;0,2508;0,9141;0,0933;0,344;0,5234
,76,76,76,76,76,76,76,76,76,76,76,76,77,77,77,77,77,77,77,77,77,77,77,77,77,77,77,78,78,78,78,78,78,78,78,79,79,79,80,80,80,80,80,80,80,81,81,81,81,82
Fitness 31,78988, Gen ;0,7174;0,5082;0,2546;0,4625;0,0106;0,8432;0,0266;0,219;0,9825;0,7019;0,9344;0,4709;0,0552;0,0446;0,5761;0,3071;0,2508;0,9141;0,0933;0,344;0,5234
,76,76,76,76,76,76,76,77,77,77,77,77,77,77,77,77,77,77,77,77,77,77,77,77,77,78,78,78,78,78,78,78,78,78,78,78,78,78,79,79,79,79,79,80,80,80,81,89,90,103
Fitness 45,57212, Gen ;0,7174;0,5082;0,2546;0,4625;0,0106;0,8432;0,0266;0,219;0,9825;0,7019;0,9344;0,4709;0,0552;0,0446;0,5761;0,3071;0,2508;0,9141;0,0933;0,344;0,5234
,55,55,55,55,55,55,55,55,55,55,55,56,56,56,56,56,56,56,56,56,56,56,56,56,56,56,56,56,56,56,56,56,56,56,56,57,57,57,57,57,57,57,57,57,57,59,59,61,62,66
Fitness 34,4903, Gen ;0,7174;0,5082;0,2546;0,4625;0,0106;0,8432;0,0266;0,219;0,9825;0,7019;0,9344;0,4709;0,0552;0,0446;0,5761;0,3071;0,2508;0,9141;0,0933;0,344;0,5234
,78,78,78,78,78,78,78,78,78,78,78,78,78,78,79,79,79,79,79,79,79,79,79,79,79,79,79,79,79,79,79,79,79,79,80,80,80,80,80,80,80,80,80,80,80,80,81,81,82,82
Fitness 21,44927, Gen ;0,7174;0,5082;0,2546;0,4625;0,0106;0,8432;0,0266;0,219;0,9825;0,7019;0,9344;0,4709;0,0552;0,0446;0,5761;0,3071;0,2508;0,9141;0,0933;0,344;0,5234
,63,65,65,65,65,65,65,66,66,66,66,66,66,66,66,66,67,67,67,67,67,67,67,68,69,69,70,70,70,70,70,70,70,70,71,71,71,71,71,72,72,73,74,74,75,76,78,80,81,81
Fitness 56,54511, Gen ;0,7174;0,5082;0,2546;0,4625;0,0106;0,8432;0,0266;0,219;0,9825;0,7019;0,9344;0,4709;0,0552;0,0446;0,5761;0,3071;0,2508;0,9141;0,0933;0,344;0,5234
,111,111,111,111,111,112,112,112,112,112,112,112,112,112,112,112,112,113,113,113,113,113,113,113,113,113,114,114,114,114,114,114,114,114,115,115,115,115,115,115,115,116,116,117,117,117,117,124,124,129
Fitness 34,36111, Gen ;0,7174;0,5082;0,2546;0,4625;0,0106;0,8432;0,0266;0,219;0,9825;0,7019;0,9344;0,4709;0,0552;0,0446;0,5761;0,3071;0,2508;0,9141;0,0933;0,344;0,5234
,79,79,79,79,79,79,79,79,80,80,80,80,80,80,80,80,80,80,80,80,80,80,80,80,80,80,80,80,80,80,80,80,80,80,80,81,81,81,81,81,81,81,81,81,81,81,81,81,90,104
Fitness 38,46737, Gen ;0,7174;0,5082;0,2546;0,4625;0,0106;0,8432;0,0266;0,219;0,9825;0,7019;0,9344;0,4709;0,0552;0,0446;0,5761;0,3071;0,2508;0,9141;0,0933;0,344;0,5234
,108,112,112,112,112,112,112,112,112,113,113,113,113,113,113,113,113,113,113,113,113,113,113,113,113,113,113,113,113,113,114,114,114,114,114,114,114,114,114,114,114,114,114,114,114,114,114,115,115,116
Fitness 5,997213, Gen ;0,7174;0,5082;0,2546;0,4625;0,0106;0,8432;0,0266;0,219;0,9825;0,7019;0,9344;0,4709;0,0552;0,0446;0,5761;0,3071;0,2508;0,9141;0,0933;0,344;0,5234
,60,60,60,60,60,60,60,60,60,60,60,60,60,61,61,61,61,61,61,61,61,61,61,61,61,61,61,61,61,61,61,61,61,61,62,62,62,62,62,62,62,62,62,63,63,68,68,70,70,71
Fitness 20,42933, Gen ;0,7174;0,5082;0,2546;0,4625;0,0106;0,8432;0,0266;0,219;0,9825;0,7019;0,9344;0,4709;0,0552;0,0446;0,5761;0,3071;0,2508;0,9141;0,0933;0,344;0,5234
,74,74,74,74,74,74,74,75,75,75,75,75,75,75,75,75,75,75,75,75,75,75,75,75,75,75,76,76,76,76,76,76,76,76,77,77,77,77,77,77,80,81,81,81,81,81,81,81,81,82
Fitness 9,703581, Gen ;0,7174;0,5082;0,2546;0,4625;0,0106;0,8432;0,0266;0,219;0,9825;0,7019;0,9344;0,4709;0,0552;0,0446;0,5761;0,3071;0,2508;0,9141;0,0933;0,344;0,5234
,72,72,72,72,72,72,72,72,72,72,73,73,73,73,73,73,73,73,73,73,73,73,74,74,74,74,74,74,74,74,74,74,74,75,75,75,75,75,75,75,75,75,75,75,76,76,76,82,82,82
Fitness 49,73265, Gen ;0,7174;0,5082;0,2546;0,4625;0,0106;0,8432;0,0266;0,219;0,9825;0,7019;0,9344;0,4709;0,0552;0,0446;0,5761;0,3071;0,2508;0,9141;0,0933;0,344;0,5234
,57,57,57,57,57,57,57,57,57,57,57,57,57,57,57,57,57,58,58,58,58,58,58,58,58,58,58,58,58,58,58,58,58,58,58,58,59,59,59,59,59,59,59,59,59,59,60,61,61,69
Fitness 35,29447, Gen ;0,7174;0,5082;0,2546;0,4625;0,0106;0,8432;0,0266;0,219;0,9825;0,7019;0,9344;0,4709;0,0552;0,0446;0,5761;0,3071;0,2508;0,9141;0,0933;0,344;0,5234
,55,55,55,55,55,56,56,56,56,56,56,56,56,56,56,56,56,56,56,56,56,56,57,57,57,57,57,57,57,57,57,57,58,58,58,58,58,58,58,58,58,58,59,59,59,59,60,61,61,61
Fitness 35,87342, Gen ;0,7174;0,5082;0,2546;0,4625;0,0106;0,8432;0,0266;0,219;0,9825;0,7019;0,9344;0,4709;0,0552;0,0446;0,5761;0,3071;0,2508;0,9141;0,0933;0,344;0,5234
,63,63,63,63,63,63,63,63,63,63,63,63,63,63,63,63,63,63,63,63,63,63,64,64,64,64,64,64,64,64,64,64,64,64,64,64,64,64,64,65,65,65,65,65,65,65,66,66,74,95
Fitness 53,19065, Gen ;0,7174;0,5082;0,2546;0,4625;0,0106;0,8432;0,0266;0,219;0,9825;0,7019;0,9344;0,4709;0,0552;0,0446;0,5761;0,3071;0,2508;0,9141;0,0933;0,344;0,5234
,83,83,83,83,83,83,83,83,83,83,83,83,83,83,83,83,83,83,83,83,84,84,84,84,84,84,84,84,84,84,84,84,84,84,84,84,85,85,85,85,85,85,85,85,89,90,90,90,91,93
Fitness 61,51071, Gen ;0,7174;0,5082;0,2546;0,4625;0,0106;0,8432;0,0266;0,219;0,9825;0,7019;0,9344;0,4709;0,0552;0,0446;0,5761;0,3071;0,2508;0,9141;0,0933;0,344;0,5234
,79,79,79,79,79,79,79,79,79,79,80,80,80,80,80,80,80,80,80,80,80,80,80,80,80,81,81,81,81,81,81,81,81,81,81,82,82,82,82,82,82,82,82,83,83,83,83,83,83,99
Fitness 29,87898, Gen ;0,7174;0,5082;0,2546;0,4625;0,0106;0,8432;0,0266;0,219;0,9825;0,7019;0,9344;0,4709;0,0552;0,0446;0,5761;0,3071;0,2508;0,9141;0,0933;0,344;0,5234
,51,51,51,51,51,51,51,51,51,51,51,51,51,51,51,51,51,51,51,51,51,52,52,52,52,52,52,52,52,52,52,52,52,52,53,53,53,53,53,54,54,54,55,55,55,55,55,55,56,62
Fitness 25,74296, Gen ;0,7174;0,5082;0,2546;0,4625;0,0106;0,8432;0,0266;0,219;0,9825;0,7019;0,9344;0,4709;0,0552;0,0446;0,5761;0,3071;0,2508;0,9141;0,0933;0,344;0,5234
,75,75,75,75,75,75,75,75,76,76,76,76,76,76,76,76,76,76,76,76,76,76,76,77,77,77,77,77,77,77,77,78,78,78,78,78,79,79,82,83,84,85,86,86,86,97,98,119,119,156
Fitness 23,11438, Gen ;0,7174;0,5082;0,2546;0,4625;0,0106;0,8432;0,0266;0,219;0,9825;0,7019;0,9344;0,4709;0,0552;0,0446;0,5761;0,3071;0,2508;0,9141;0,0933;0,344;0,5234
,69,69,70,70,70,70,70,70,70,70,70,70,70,71,71,71,71,71,71,71,71,71,71,71,71,71,71,72,72,72,72,72,72,72,72,72,72,72,72,72,73,73,73,73,73,75,75,75,75,75
Fitness 63,51003, Gen ;0,7174;0,5082;0,2546;0,4625;0,0106;0,8432;0,0266;0,219;0,9825;0,7019;0,9344;0,4709;0,0552;0,0446;0,5761;0,3071;0,2508;0,9141;0,0933;0,344;0,5234
,86,86,86,86,86,86,86,86,86,86,87,87,87,87,87,87,87,87,87,87,87,87,87,88,88,88,88,88,88,88,88,88,88,88,88,88,88,88,88,88,89,89,89,89,90,94,95,95,98,106
Fitness 1,998234, Gen ;0,7174;0,5082;0,2546;0,4625;0,0106;0,8432;0,0266;0,219;0,9825;0,7019;0,9344;0,4709;0,0552;0,0446;0,5761;0,3071;0,2508;0,9141;0,0933;0,344;0,5234
,116,116,116,116,116,116,116,116,116,117,117,117,117,117,117,117,117,117,117,117,117,117,118,118,118,118,118,118,118,118,118,118,118,118,118,118,118,118,119,119,119,119,119,119,119,119,119,120,120,121
Fitness 42,16866, Gen ;0,7174;0,5082;0,2546;0,4625;0,0106;0,8432;0,0266;0,219;0,9825;0,7019;0,9344;0,4709;0,0552;0,0446;0,5761;0,3071;0,2508;0,9141;0,0933;0,344;0,5234
,120,120,120,120,120,120,121,121,121,121,121,121,121,121,121,121,121,121,121,121,121,122,122,122,122,122,122,122,122,122,122,122,122,122,123,123,123,123,123,123,126,126,126,126,126,127,127,127,127,128
Fitness 17,73227, Gen ;0,7174;0,5082;0,2546;0,4625;0,0106;0,8432;0,0266;0,219;0,9825;0,7019;0,9344;0,4709;0,0552;0,0446;0,5761;0,3071;0,2508;0,9141;0,0933;0,344;0,5234
,132,132,132,132,132,132,132,132,132,133,133,133,133,133,133,133,133,133,133,133,133,133,133,133,134,134,134,134,134,134,134,134,134,134,134,134,134,134,134,135,135,135,136,136,137,141,142,142,142,142
Fitness 7,788595, Gen ;0,7174;0,5082;0,2546;0,4625;0,0106;0,8432;0,0266;0,219;0,9825;0,7019;0,9344;0,4709;0,0552;0,0446;0,5761;0,3071;0,2508;0,9141;0,0933;0,344;0,5234
,63,63,64,64,64,64,64,64,64,64,64,64,64,64,64,64,65,65,65,65,65,65,65,65,65,65,65,65,65,65,65,65,65,65,65,65,65,66,66,66,66,66,67,67,71,72,80,82,82,131
Fitness 5,52425, Gen ;0,7174;0,5082;0,2546;0,4625;0,0106;0,8432;0,0266;0,219;0,9825;0,7019;0,9344;0,4709;0,0552;0,0446;0,5761;0,3071;0,2508;0,9141;0,0933;0,344;0,5234
,63,63,63,63,63,63,63,63,63,63,63,63,63,63,63,63,63,63,63,63,63,63,63,63,63,63,63,63,64,64,64,64,64,64,64,64,64,64,64,64,64,65,65,66,67,68,69,69,71,71
Fitness 2,31262, Gen ;0,7174;0,5082;0,2546;0,4625;0,0106;0,8432;0,0266;0,219;0,9825;0,7019;0,9344;0,4709;0,0552;0,0446;0,5761;0,3071;0,2508;0,9141;0,0933;0,344;0,5234
,57,57,57,57,58,58,58,58,58,58,58,58,58,58,58,58,58,58,58,58,58,59,59,59,59,59,59,59,59,59,59,59,59,59,59,59,59,60,60,60,60,60,60,60,60,68,68,68,68,69
Fitness 9,40268, Gen ;0,7174;0,5082;0,2546;0,4625;0,0106;0,8432;0,0266;0,219;0,9825;0,7019;0,9344;0,4709;0,0552;0,0446;0,5761;0,3071;0,2508;0,9141;0,0933;0,344;0,5234
,57,58,58,58,58,58,58,58,58,58,58,58,58,58,58,58,58,58,58,58,58,58,58,59,59,59,59,59,59,59,59,59,59,60,60,60,60,60,60,60,65,65,65,65,66,66,66,66,67,67
Fitness 48,88911, Gen ;0,7174;0,5082;0,2546;0,4625;0,0106;0,8432;0,0266;0,219;0,9825;0,7019;0,9344;0,4709;0,0552;0,0446;0,5761;0,3071;0,2508;0,9141;0,0933;0,344;0,5234
,47,47,47,47,48,48,48,48,48,48,48,48,48,48,48,48,48,48,49,49,49,49,49,49,49,49,49,49,49,49,49,49,50,50,50,50,51,51,51,67,67,67,68,69,69,70,70,71,73,74
Fitness 53,24887, Gen ;0,7174;0,5082;0,2546;0,4625;0,0106;0,8432;0,0266;0,219;0,9825;0,7019;0,9344;0,4709;0,0552;0,0446;0,5761;0,3071;0,2508;0,9141;0,0933;0,344;0,5234
,52,52,52,52,52,52,52,52,52,52,52,52,52,52,52,52,53,53,53,53,53,53,53,53,53,53,53,53,53,53,53,54,54,54,54,54,54,54,55,55,55,55,55,55,55,56,56,56,57,57
Fitness 54,594, Gen ;0,7174;0,5082;0,2546;0,4625;0,0106;0,8432;0,0266;0,219;0,9825;0,7019;0,9344;0,4709;0,0552;0,0446;0,5761;0,3071;0,2508;0,9141;0,0933;0,344;0,5234
,128,128,129,129,129,129,130,130,130,139,152,154,155,155,155,155,155,155,155,155,155,155,155,155,155,155,155,155,155,156,156,156,156,156,156,156,156,157,157,157,157,157,158,158,159,159,160,160,160,161
Fitness 50,83638, Gen ;0,7174;0,5082;0,2546;0,4625;0,0106;0,8432;0,0266;0,219;0,9825;0,7019;0,9344;0,4709;0,0552;0,0446;0,5761;0,3071;0,2508;0,9141;0,0933;0,344;0,5234
,72,72,72,72,72,72,72,73,73,73,73,73,73,73,73,73,73,73,73,73,73,73,74,74,74,74,74,74,74,74,74,74,74,74,74,74,74,74,75,75,75,75,75,75,75,75,75,76,76,77
Fitness 68,31521, Gen ;0,7174;0,5082;0,2546;0,4625;0,0106;0,8432;0,0266;0,219;0,9825;0,7019;0,9344;0,4709;0,0552;0,0446;0,5761;0,3071;0,2508;0,9141;0,0933;0,344;0,5234
,90,90,90,90,90,90,90,90,90,90,90,90,91,91,91,91,91,91,91,91,91,91,91,91,91,91,91,91,91,91,92,92,92,92,92,92,92,92,92,93,93,93,93,93,93,94,94,168,169
Fitness 0,3679466, Gen ;0,7174;0,5082;0,2546;0,4625;0,0106;0,8432;0,0266;0,219;0,9825;0,7019;0,9344;0,4709;0,0552;0,0446;0,5761;0,3071;0,2508;0,9141;0,0933;0,344;0,5234
,75,75,75,75,75,75,75,75,75,75,75,75,75,75,75,75,75,75,75,75,75,75,76,76,76,76,76,76,76,76,76,76,76,76,76,76,76,77,77,77,77,77,77,77,77,78,79,79,80,92
Fitness 39,94695, Gen ;0,7174;0,5082;0,2546;0,4625;0,0106;0,8432;0,0266;0,219;0,9825;0,7019;0,9344;0,4709;0,0552;0,0446;0,5761;0,3071;0,2508;0,9141;0,0933;0,344;0,5234
,60,61,61,62,62,62,62,62,62,62,62,63,63,63,63,63,63,63,63,63,63,63,63,64,64,64,64,64,64,65,65,65,65,65,65,65,65,65,65,65,66,66,66,66,78,78,79,79,79,79
Fitness 0,0002846731, Gen ;0,7174;0,5082;0,2546;0,4625;0,0106;0,8432;0,0266;0,219;0,9825;0,7019;0,9344;0,4709;0,0552;0,0446;0,5761;0,3071;0,2508;0,9141;0,0933;0,344;0,5234
,73,74,74,74,74,74,74,74,74,74,74,74,74,75,75,75,75,75,75,75,75,75,75,75,75,75,75,75,75,76,76,76,76,76,76,76,76,77,77,77,77,77,78,78,79,79,81,82,82,82
Fitness 28,23796, Gen ;0,7174;0,5082;0,2546;0,4625;0,0106;0,8432;0,0266;0,219;0,9825;0,7019;0,9344;0,4709;0,0552;0,0446;0,5761;0,3071;0,2508;0,9141;0,0933;0,344;0,5234
,75,75,75,75,75,75,75,76,76,76,76,76,76,76,76,76,76,76,76,76,77,77,77,77,77,77,77,77,77,77,77,78,78,78,79,79,79,79,80,81,81,81,81,81,84,84,86,88,89,90
Fitness 41,60041, Gen ;0,7174;0,5082;0,2546;0,4625;0,0106;0,8432;0,0266;0,219;0,9825;0,7019;0,9344;0,4709;0,0552;0,0446;0,5761;0,3071;0,2508;0,9141;0,0933;0,344;0,5234
,61,61,61,61,61,61,61,61,62,62,62,62,62,62,62,62,62,62,62,62,62,62,62,62,63,63,63,63,63,63,63,63,63,63,64,64,66,67,67,68,68,68,68,69,69,69,69,70,70,70
Fitness 35,63969, Gen ;0,7174;0,5082;0,2546;0,4625;0,0106;0,8432;0,0266;0,219;0,9825;0,7019;0,9344;0,4709;0,0552;0,0446;0,5761;0,3071;0,2508;0,9141;0,0933;0,344;0,5234
,51,51,51,51,51,51,51,51,51,51,51,51,51,51,51,51,51,51,51,51,51,51,51,51,51,52,52,52,52,52,52,52,52,52,52,52,52,52,52,52,52,53,53,53,55,55,56,57,58,58
Fitness 29,3784, Gen ;0,7174;0,5082;0,2546;0,4625;0,0106;0,8432;0,0266;0,219;0,9825;0,7019;0,9344;0,4709;0,0552;0,0446;0,5761;0,3071;0,2508;0,9141;0,0933;0,344;0,5234
,63,63,63,63,63,63,64,64,64,64,64,64,64,65,65,65,65,65,65,65,65,65,65,65,66,66,66,66,66,66,66,66,66,67,68,68,68,69,69,69,69,69,69,69,69,70,70,70,70,75
Fitness 49,74276, Gen ;0,7174;0,5082;0,2546;0,4625;0,0106;0,8432;0,0266;0,219;0,9825;0,7019;0,9344;0,4709;0,0552;0,0446;0,5761;0,3071;0,2508;0,9141;0,0933;0,344;0,5234
,63,63,63,63,63,63,63,63,63,63,63,63,63,63,63,63,63,63,63,63,63,63,63,63,63,64,64,64,64,64,64,64,64,64,64,64,64,64,64,64,64,64,65,65,65,66,67,67,68,69
Fitness 67,27733, Gen ;0,7174;0,5082;0,2546;0,4625;0,0106;0,8432;0,0266;0,219;0,9825;0,7019;0,9344;0,4709;0,0552;0,0446;0,5761;0,3071;0,2508;0,9141;0,0933;0,344;0,5234
,85,85,85,85,85,85,85,85,85,85,86,86,86,86,86,86,86,86,86,86,86,87,87,87,87,87,87,87,87,87,87,88,88,88,89,90,90,91,91,92,94,94,94,96,97,98,98,132,140,145
