	100PopravljenStroembom ovc
	2 AI1 ovcarjev
Fitness 1,38131, Gen ;0,5228;0,4457;0,2842;0,0299;0,066;0,6623;0,1548;0,0664;0,6124;0,4566;0,8568;0,6813;0,2529;0,8392;0,8088;0,0889;0,6996;0,2975;0,8342;0,6441;0,5704
,99,99,99,99,99,99,99,99,99,99,99,99,99,99,99,99,99,99,99,99,99,99,99,99,99,99,99,99,99,99,99,99,99,99,99,99,99,99,99,99,99,99,99,99,100,100,100,100,100,100,100,100,100,100,100,100,100,100,100,100,100,100,100,100,100,100,100,101,101,101,101,101,101,101,101,101,101,102,102,102,102,103,103,103,104,125,125,125,126,153,153,154,154,155,155,155,155,158,160,172
Fitness 13,04988, Gen ;0,5228;0,4457;0,2842;0,0299;0,066;0,6623;0,1548;0,0664;0,6124;0,4566;0,8568;0,6813;0,2529;0,8392;0,8088;0,0889;0,6996;0,2975;0,8342;0,6441;0,5704
,146,146,146,146,146,146,146,146,146,146,146,146,146,146,146,146,146,146,146,146,146,146,147,147,147,147,147,147,147,147,147,147,147,147,147,147,147,147,147,147,147,147,147,147,147,147,147,147,147,147,148,148,148,148,148,148,148,148,148,148,148,148,148,148,148,148,149,149,149,149,149,149,149,149,149,149,149,149,149,149,150,151,152,153,153,158,167,169,170,171,172,172,172,173,174,174,175,177
Fitness 37,73616, Gen ;0,5228;0,4457;0,2842;0,0299;0,066;0,6623;0,1548;0,0664;0,6124;0,4566;0,8568;0,6813;0,2529;0,8392;0,8088;0,0889;0,6996;0,2975;0,8342;0,6441;0,5704
,95,95,95,95,95,95,95,96,96,96,96,96,97,97,97,98,98,98,99,101,106,106,106,106,106,106,106,106,106,106,106,106,106,106,106,106,107,107,107,108,108,108,108,109,109,138,139,139,140,140,140,142,142,142,143,143,143,143,144,144,144,144,144,145,145,145,145,145,145,145,145,145,145,145,145,146,146,146,146,146,146,146,146,146,146,146,147,147,147,147,147,147,148,148,148,148,149,149,149,149
Fitness 0,1664372, Gen ;0,5228;0,4457;0,2842;0,0299;0,066;0,6623;0,1548;0,0664;0,6124;0,4566;0,8568;0,6813;0,2529;0,8392;0,8088;0,0889;0,6996;0,2975;0,8342;0,6441;0,5704
,104,110,111,111,112,112,113,113,113,113,113,113,113,113,113,113,113,113,113,114,114,114,114,114,114,114,114,114,114,114,114,114,114,115,115,115,115,115,115,116,116,117,117,117,118,121,124,124,124,124,124,124,124,124,124,124,124,124,124,124,124,124,124,124,125,125,125,125,125,125,125,125,125,125,125,125,125,125,125,125,126,126,126,126,126,126,126,126
Fitness 0,0001709729, Gen ;0,5228;0,4457;0,2842;0,0299;0,066;0,6623;0,1548;0,0664;0,6124;0,4566;0,8568;0,6813;0,2529;0,8392;0,8088;0,0889;0,6996;0,2975;0,8342;0,6441;0,5704
,99,99,99,99,99,99,99,99,99,100,100,100,100,100,101,102,102,102,102,102,102,102,102,102,102,102,102,103,103,103,106,129,129,129,129,129,129,129,129,129,129,129,129,129,129,129,129,129,129,129,129,129,129,130,130,130,130,130,130,130,130,131,131,132,132,132,132,145
Fitness 1,838552, Gen ;0,5228;0,4457;0,2842;0,0299;0,066;0,6623;0,1548;0,0664;0,6124;0,4566;0,8568;0,6813;0,2529;0,8392;0,8088;0,0889;0,6996;0,2975;0,8342;0,6441;0,5704
,106,107,112,112,112,112,112,112,112,112,112,112,112,112,112,112,112,112,112,112,112,112,112,112,112,112,112,112,112,112,112,112,112,112,112,112,112,112,112,112,112,112,112,112,112,112,112,112,112,112,113,113,113,113,113,113,113,113,113,113,113,113,113,113,113,113,113,113,113,113,113,113,113,113,113,113,113,113,113,113,113,114,114,114,114,114,114,114,114,114,114,114,115,115,115,115,115,115,116,116
Fitness 0,000149114, Gen ;0,5228;0,4457;0,2842;0,0299;0,066;0,6623;0,1548;0,0664;0,6124;0,4566;0,8568;0,6813;0,2529;0,8392;0,8088;0,0889;0,6996;0,2975;0,8342;0,6441;0,5704
,89,89,89,89,89,89,89,89,89,89,89,89,89,89,89,89,89,89,89,89,89,89,89,89,89,89,89,89,89,89,89,89,89,89,89,89,90,90,90,90,90,90,90,90,90,90,90,90,90,90,90,90,90,90,90,90,90,90,91,91,91,91,91,91,91,91,91,91,91,91,91,92,92,92,94,95,97,104,104,104,104,104,105,105,105,105,105,105,105,106,106,106,108,110,111,113,114,139,140,144
Fitness 0,0002449601, Gen ;0,5228;0,4457;0,2842;0,0299;0,066;0,6623;0,1548;0,0664;0,6124;0,4566;0,8568;0,6813;0,2529;0,8392;0,8088;0,0889;0,6996;0,2975;0,8342;0,6441;0,5704
,94,94,94,94,94,94,94,94,94,94,94,94,94,94,94,94,94,94,94,94,94,94,94,94,94,94,94,94,94,94,94,94,94,94,94,94,94,94,94,94,94,94,95,95,95,95,95,95,95,95,95,95,95,95,95,95,95,95,95,95,95,95,95,95,95,95,95,96,96,96,96,96,96,96,96,96,96,96,96,96,96,96,96,96,97,97,97,97,97,97,97,97,97,97,97,97,97,99,100,101
Fitness 9,684992, Gen ;0,5228;0,4457;0,2842;0,0299;0,066;0,6623;0,1548;0,0664;0,6124;0,4566;0,8568;0,6813;0,2529;0,8392;0,8088;0,0889;0,6996;0,2975;0,8342;0,6441;0,5704
,88,88,88,88,88,88,88,88,88,88,88,88,88,88,88,88,88,88,88,88,88,88,88,88,88,88,88,88,88,88,88,88,88,88,88,88,88,88,88,89,89,89,89,89,89,89,89,89,89,89,89,89,90,90,90,90,90,90,90,91,94,96,98,100,101,101,101,102,102,102,102,102,102,103,103,103,103,104,104,104,104,105,105,105,105,106,106,107,107,109,131,131,135,135,135,136,136,137,137,138
Fitness 3,931973, Gen ;0,5228;0,4457;0,2842;0,0299;0,066;0,6623;0,1548;0,0664;0,6124;0,4566;0,8568;0,6813;0,2529;0,8392;0,8088;0,0889;0,6996;0,2975;0,8342;0,6441;0,5704
,116,116,116,117,117,117,117,117,118,118,118,120,123,123,123,123,124,124,124,124,124,124,124,124,124,124,124,124,124,124,124,124,124,124,125,125,125,125,125,126,126,126,127,127,127,127,127,127,127,127,128,128,128,131,131,131,131,131,131,131,131,132,132,132,132,132,133,133,133,133,133,133,133,134,134,134,134,134,135,135,135,135,136,136,136,136,136,137,139,140,161,161,162,162,162,162,162,166
Fitness 18,81867, Gen ;0,5228;0,4457;0,2842;0,0299;0,066;0,6623;0,1548;0,0664;0,6124;0,4566;0,8568;0,6813;0,2529;0,8392;0,8088;0,0889;0,6996;0,2975;0,8342;0,6441;0,5704

Fitness 5,221268, Gen ;0,5228;0,4457;0,2842;0,0299;0,066;0,6623;0,1548;0,0664;0,6124;0,4566;0,8568;0,6813;0,2529;0,8392;0,8088;0,0889;0,6996;0,2975;0,8342;0,6441;0,5704
,109,109,109,109,109,109,109,109,109,109,109,109,109,109,109,109,109,109,109,109,109,109,109,109,110,110,110,110,110,111,111,111,112,112,113,113,115,115,119,120,121,122,124,125,126,127,127,127,127,127,127,128,128,128,128,128,128,128,128,128,129,129,131,131,131,131,131,132,132,132,132,132,132,132,132,132,133,133,133,133,133,133,134,135,136,136,137,138,138,138,141,144,173,173,174,174,174,174,175
Fitness 0,0001144804, Gen ;0,5228;0,4457;0,2842;0,0299;0,066;0,6623;0,1548;0,0664;0,6124;0,4566;0,8568;0,6813;0,2529;0,8392;0,8088;0,0889;0,6996;0,2975;0,8342;0,6441;0,5704
,86,86,86,86,86,86,86,86,86,86,86,86,86,86,86,86,86,86,86,86,86,86,86,86,86,86,86,86,86,86,86,86,86,86,86,86,86,86,86,86,86,86,87,87,87,87,87,87,87,87,87,87,87,87,87,87,87,87,87,87,87,87,87,87,88,88,88,88,88,88,88,88,88,88,88,88,88,88,88,88,89,89,89,89,89,89,89,89,90,90,90,90,90,90,92,93,98,101,102,105
Fitness 0,000298657, Gen ;0,5228;0,4457;0,2842;0,0299;0,066;0,6623;0,1548;0,0664;0,6124;0,4566;0,8568;0,6813;0,2529;0,8392;0,8088;0,0889;0,6996;0,2975;0,8342;0,6441;0,5704
,100,100,100,100,100,100,100,100,100,100,100,100,100,100,100,100,100,100,100,100,100,100,101,101,101,101,101,101,101,101,101,101,101,101,101,101,101,101,101,101,101,101,101,101,101,101,101,101,101,101,101,101,101,101,102,102,102,102,102,102,102,102,102,102,102,102,102,102,102,102,102,102,102,102,103,103,103,103,103,103,104,104,104,104,104,105,105,105,105,105,105,106,106,106,107,108,108,109,109,109
Fitness 0,0001489047, Gen ;0,5228;0,4457;0,2842;0,0299;0,066;0,6623;0,1548;0,0664;0,6124;0,4566;0,8568;0,6813;0,2529;0,8392;0,8088;0,0889;0,6996;0,2975;0,8342;0,6441;0,5704
,102,102,102,102,102,102,102,102,102,102,102,102,102,102,102,102,103,103,103,103,103,103,103,103,103,104,104,104,104,104,104,104,104,104,104,105,105,105,105,105,105,105,105,105,106,106,106,106,106,106,106,107,107,107,107,107,107,107,108,108,108,109,109,110,110,110,110,110,110,110,110,110,110,111,111,111,111,111,111,111,111,111,111,111,111,111,112,112,112,112,112,112,112,113,113,113,113,114,114,114
Fitness 18,55012, Gen ;0,5228;0,4457;0,2842;0,0299;0,066;0,6623;0,1548;0,0664;0,6124;0,4566;0,8568;0,6813;0,2529;0,8392;0,8088;0,0889;0,6996;0,2975;0,8342;0,6441;0,5704
,123,123,124,125,126,127,127,127,128,128,128,128,128,128,128,128,129,131,134,134,134,134,134,134,134,134,135,135,135,135,135,135,135,135,135,135,135,135,135,135,135,135,135,135,135,135,135,135,135,135,135,135,135,136,136,136,136,136,136,136,136,136,136,136,136,136,136,136,136,136,136,136,137,137,137,137,137,137,137,137,137,137,137,137,137,138,138,138,138,138,138,138,139,139,139,140
Fitness 13,76119, Gen ;0,5228;0,4457;0,2842;0,0299;0,066;0,6623;0,1548;0,0664;0,6124;0,4566;0,8568;0,6813;0,2529;0,8392;0,8088;0,0889;0,6996;0,2975;0,8342;0,6441;0,5704
,106,106,106,106,106,106,106,106,106,106,106,106,106,106,106,106,106,106,106,106,107,107,107,107,107,107,108,108,108,108,108,108,109,109,109,109,110,111,137,137,137,138,138,141,142,142,142,142,142,142,142,142,142,142,142,142,142,142,143,143,143,143,143,143,144,144,146,146,147,147,150,151,163,163,163,164,164,164,164,164,164,164,164,164,165,165,165,166,166,166,166,176,176,177,177,177,177,177,178,178
Fitness 11,09127, Gen ;0,5228;0,4457;0,2842;0,0299;0,066;0,6623;0,1548;0,0664;0,6124;0,4566;0,8568;0,6813;0,2529;0,8392;0,8088;0,0889;0,6996;0,2975;0,8342;0,6441;0,5704
,143,143,144,145,145,145,145,146,146,147,148,148,148,148,149,149,150,152,152,154,159,160
Fitness 0,0001996438, Gen ;0,5228;0,4457;0,2842;0,0299;0,066;0,6623;0,1548;0,0664;0,6124;0,4566;0,8568;0,6813;0,2529;0,8392;0,8088;0,0889;0,6996;0,2975;0,8342;0,6441;0,5704
,90,90,90,90,90,90,90,90,90,90,90,90,90,90,90,90,90,90,90,90,90,90,90,90,90,90,90,90,90,90,90,90,91,91,91,91,91,91,91,91,91,91,91,92,92,92,92,94,95,107,111,112,113,115,117,137,137,138,138,138,138,138,138,138,138,138,138,138,138,138,138,138,138,138,138,138,138,139,139,139,139,139,139,139,139,139,139,139,139,139,139,139,139,139,140,140,140,140,140,140
Fitness 0,01398439, Gen ;0,5228;0,4457;0,2842;0,0299;0,066;0,6623;0,1548;0,0664;0,6124;0,4566;0,8568;0,6813;0,2529;0,8392;0,8088;0,0889;0,6996;0,2975;0,8342;0,6441;0,5704
,91,91,91,91,91,91,91,91,91,91,92,92,92,92,92,92,92,92,92,92,92,92,92,92,92,92,92,92,92,92,92,92,92,92,92,92,92,92,92,92,92,93,93,93,93,93,93,93,93,93,93,93,93,93,93,93,93,93,93,93,93,93,93,93,94,94,94,94,94,94,95,95,95,95,101,110,110,110,111,111,111,111,111,111,111,111,111,112,112,112,112,112,112,112,112,112,112,113,114,154
Fitness 0,0002719006, Gen ;0,5228;0,4457;0,2842;0,0299;0,066;0,6623;0,1548;0,0664;0,6124;0,4566;0,8568;0,6813;0,2529;0,8392;0,8088;0,0889;0,6996;0,2975;0,8342;0,6441;0,5704
,88,88,88,88,88,88,88,88,88,88,88,88,88,88,88,88,88,89,89,89,89,89,89,89,89,89,89,89,89,89,89,89,89,89,89,90,90,90,90,90,90,90,90,90,90,90,90,91,91,91,91,92,92,93,93,94,94,107,107,107,107,108,108,108,108,108,108,108,108,109,109,109,109,109,109,109,109,111,111,111,111,111,111,111,111,111,111,112,112,112,112,112,112,112,114,115,115,116,125,125
Fitness 3,833337, Gen ;0,5228;0,4457;0,2842;0,0299;0,066;0,6623;0,1548;0,0664;0,6124;0,4566;0,8568;0,6813;0,2529;0,8392;0,8088;0,0889;0,6996;0,2975;0,8342;0,6441;0,5704
,89,89,89,89,89,89,89,89,89,89,89,89,89,89,89,89,89,89,90,90,90,90,90,90,90,90,90,90,90,90,90,90,90,90,90,90,90,91,91,91,91,91,91,91,91,91,91,91,91,91,91,91,91,91,91,92,92,92,92,92,92,93,93,93,93,95,95,95,95,96,96,96,96,96,97,98,98,100,101,101,101,101,102,102,102,102,103,103,103,104,104,104,105,105,106,108,108,113,115,117
Fitness 1,985083, Gen ;0,5228;0,4457;0,2842;0,0299;0,066;0,6623;0,1548;0,0664;0,6124;0,4566;0,8568;0,6813;0,2529;0,8392;0,8088;0,0889;0,6996;0,2975;0,8342;0,6441;0,5704
,104,104,105,105,105,105,105,105,105,105,105,105,105,105,105,105,105,105,105,105,105,105,105,105,105,105,105,105,105,105,105,105,105,105,105,105,105,105,105,106,106,106,106,106,106,106,106,106,106,106,106,106,106,106,106,106,106,106,106,107,107,107,107,107,107,107,107,107,107,107,107,107,107,109,109,109,111,114,114,115,115,116,116,116,116,116,116,116,117,117,117,117,117,118,118,119,119,120,143,144
Fitness 8,564374, Gen ;0,5228;0,4457;0,2842;0,0299;0,066;0,6623;0,1548;0,0664;0,6124;0,4566;0,8568;0,6813;0,2529;0,8392;0,8088;0,0889;0,6996;0,2975;0,8342;0,6441;0,5704
,138,139,140,140,140,140,140,140,140,140,140,140,140,140,140,140,140,140,140,140,140,140,141,141,141,141,141,141,141,141,141,141,141,141,141,141,141,141,141,141,141,142,142,142,142,142,142,142,142,142,142,143,143,143,143,143,143,143,143,143,143,143,143,143,143,144,144,144,145,145,145,148,148,149,149,149,149,149,150,151,151,151,151,151,151,151,152,152,152,152,152,152,152,153,153,154,155,155
Fitness 12,20316, Gen ;0,5228;0,4457;0,2842;0,0299;0,066;0,6623;0,1548;0,0664;0,6124;0,4566;0,8568;0,6813;0,2529;0,8392;0,8088;0,0889;0,6996;0,2975;0,8342;0,6441;0,5704
,103,103,103,103,103,103,103,103,103,103,103,103,103,103,103,103,103,103,103,103,103,103,103,103,103,103,103,103,103,103,103,103,103,103,104,104,104,104,104,104,104,104,104,104,104,104,104,104,104,104,104,104,104,104,105,105,105,105,105,105,105,105,105,106,106,107,108,108,115,115,115,115,115,115,115,115,115,115,115,115,116,116,116,116,116,116,116,116,116,116,116,116,117,117,117,117,117,117,118,169
Fitness 3,299043, Gen ;0,5228;0,4457;0,2842;0,0299;0,066;0,6623;0,1548;0,0664;0,6124;0,4566;0,8568;0,6813;0,2529;0,8392;0,8088;0,0889;0,6996;0,2975;0,8342;0,6441;0,5704
,96,96,96,96,96,96,96,96,96,96,96,96,96,96,96,96,96,96,96,96,96,96,97,97,97,97,97,97,97,97,97,97,97,97,97,97,97,97,97,97,97,97,97,97,97,97,97,97,97,97,97,97,97,97,97,97,97,97,97,97,97,98,98,98,98,98,98,98,98,98,98,98,98,98,98,98,98,99,99,99,99,99,99,99,99,99,99,99,99,99,100,100,100,100,100,101,102,102,177,178
Fitness 7,721436E-05, Gen ;0,5228;0,4457;0,2842;0,0299;0,066;0,6623;0,1548;0,0664;0,6124;0,4566;0,8568;0,6813;0,2529;0,8392;0,8088;0,0889;0,6996;0,2975;0,8342;0,6441;0,5704
,95,95,95,95,95,95,95,95,95,95,95,95,96,96,96,96,96,96,96,96,96,96,96,96,96,96,96,96,96,96,96,96,96,97,97,97,97,97,97,97,97,97,97,97,97,97,97,97,97,98,98,98,98,98,98,98,98,98,98,98,98,98,98,98,98,98,98,98,98,98,98,98,98,99,99,99,99,99,99,99,100,100,100,100,100,102,103,103,103,103,109,162,163,163,164,164,164,168,168,170
Fitness 0,2854783, Gen ;0,5228;0,4457;0,2842;0,0299;0,066;0,6623;0,1548;0,0664;0,6124;0,4566;0,8568;0,6813;0,2529;0,8392;0,8088;0,0889;0,6996;0,2975;0,8342;0,6441;0,5704
,136,136,136,136,136,136,136,136,136,136,136,136,136,136,136,136,136,136,137,137,137,137,137,137,138,138,138,138,138,138,139,139,139,141,142,145,146,146,151,151,170,170,170,170,170,170,170,170,170,171,171,171,171,171,171,172,172,172,172,172,173,173,173,173,174,174,174,175,176,177
Fitness 0,02524347, Gen ;0,5228;0,4457;0,2842;0,0299;0,066;0,6623;0,1548;0,0664;0,6124;0,4566;0,8568;0,6813;0,2529;0,8392;0,8088;0,0889;0,6996;0,2975;0,8342;0,6441;0,5704

Fitness 0,2501192, Gen ;0,5228;0,4457;0,2842;0,0299;0,066;0,6623;0,1548;0,0664;0,6124;0,4566;0,8568;0,6813;0,2529;0,8392;0,8088;0,0889;0,6996;0,2975;0,8342;0,6441;0,5704
,116,116,122,139,140,140,142,143,143,143,143,143,143,143,143,143,144,144,144,144,144,144,144,144,144,144,144,144,144,144,144,144,144,144,144,144,144,144,144,144,144,144,144,144,144,144,144,144,144,144,144,144,144,145,145,145,145,145,145,145,145,145,145,145,145,145,145,145,145,145,145,145,145,145,145,145,145,145,146,146,146,146,146,146,146,146,146,146,146,146,146,147,147,147,148,149,150,151,151,154
Fitness 0,0002418253, Gen ;0,5228;0,4457;0,2842;0,0299;0,066;0,6623;0,1548;0,0664;0,6124;0,4566;0,8568;0,6813;0,2529;0,8392;0,8088;0,0889;0,6996;0,2975;0,8342;0,6441;0,5704
,71,71,71,71,71,71,71,71,72,72,72,72,72,72,72,72,72,72,72,72,72,72,72,72,72,72,72,72,72,72,73,73,73,73,73,73,73,73,73,73,73,73,73,73,73,73,73,73,73,73,73,73,74,74,74,74,74,74,74,74,74,74,74,74,74,75,75,75,75,75,76,76,76,76,77,77,77,78,78,80,86,86,88,88,89,90,90,90,104,105,106,107,107,107,108,108,109,109,110,110
Fitness 0,0002251354, Gen ;0,5228;0,4457;0,2842;0,0299;0,066;0,6623;0,1548;0,0664;0,6124;0,4566;0,8568;0,6813;0,2529;0,8392;0,8088;0,0889;0,6996;0,2975;0,8342;0,6441;0,5704
,102,102,102,103,103,103,103,103,103,103,103,103,103,103,103,103,103,103,103,103,103,103,103,103,103,103,103,103,103,103,103,103,103,103,103,103,103,103,103,103,103,103,103,103,103,104,104,104,104,104,104,104,104,104,104,104,104,104,104,104,104,104,104,104,104,104,104,104,104,104,105,105,105,105,105,105,105,105,105,105,105,105,105,106,106,106,106,106,106,106,107,107,108,108,108,109,109,111,111,111
Fitness 0,8789269, Gen ;0,5228;0,4457;0,2842;0,0299;0,066;0,6623;0,1548;0,0664;0,6124;0,4566;0,8568;0,6813;0,2529;0,8392;0,8088;0,0889;0,6996;0,2975;0,8342;0,6441;0,5704
,108,108,108,108,108,108,108,108,108,108,108,109,109,109,109,110,110,110,110,110,111,111,111,111,112,113,118,150,150,150,150,150,150,150,151,151,152,155,155,155,155,155,155,155,155,155,155,155,155,156,156,156,156,156,156,156,156,156,156,156,156,156,156,156,156,156,157,157,157,157,157,157,157,157,157,157,158,158,158,158,158,158,158,159,159,159,159,160,160,160,160,160,161,161,161,162,162,162,162
Fitness 17,49909, Gen ;0,5228;0,4457;0,2842;0,0299;0,066;0,6623;0,1548;0,0664;0,6124;0,4566;0,8568;0,6813;0,2529;0,8392;0,8088;0,0889;0,6996;0,2975;0,8342;0,6441;0,5704
,130,131,131,131,131,131,132,132,132,132,132,132,132,132,133,133,133,133,134,134,134,135,135,137,137,140,141,143,143,143,143,143,143,143,143,143,143,143,143,143,143,143,143,143,143,143,143,143,143,143,143,144,144,144,144,144,144,145,145,145,145,146,147,162
Fitness 12,58637, Gen ;0,5228;0,4457;0,2842;0,0299;0,066;0,6623;0,1548;0,0664;0,6124;0,4566;0,8568;0,6813;0,2529;0,8392;0,8088;0,0889;0,6996;0,2975;0,8342;0,6441;0,5704
,97,97,97,97,97,97,97,97,97,97,97,97,97,97,97,97,97,97,97,97,97,98,98,98,98,98,98,98,98,98,98,98,98,98,98,98,98,98,98,98,98,98,98,98,98,98,98,98,98,98,99,99,99,99,99,99,99,99,99,99,99,99,99,99,100,100,100,100,100,100,100,100,100,101,101,101,101,101,102,102,103,104,104,105,105,112,124,124,124,125,125,125,125,126,126,126,127,129,152,152
Fitness 8,691807E-05, Gen ;0,5228;0,4457;0,2842;0,0299;0,066;0,6623;0,1548;0,0664;0,6124;0,4566;0,8568;0,6813;0,2529;0,8392;0,8088;0,0889;0,6996;0,2975;0,8342;0,6441;0,5704
,121,121,121,121,121,121,121,121,121,121,121,121,121,121,121,121,121,121,121,121,121,121,121,121,121,121,121,121,121,121,121,121,121,121,121,121,121,121,121,121,121,121,121,121,121,121,121,122,122,122,122,122,122,122,122,122,122,122,122,122,122,122,122,122,122,122,122,123,123,123,123,123,123,123,123,123,123,123,124,124,124,124,124,124,124,125,125,126,126,126,126,126,126,127,127,127,127,128,128,128
Fitness 0,0002475301, Gen ;0,5228;0,4457;0,2842;0,0299;0,066;0,6623;0,1548;0,0664;0,6124;0,4566;0,8568;0,6813;0,2529;0,8392;0,8088;0,0889;0,6996;0,2975;0,8342;0,6441;0,5704
,95,96,96,96,96,96,96,96,96,96,96,96,96,96,96,96,96,96,96,96,96,96,96,96,96,96,96,96,96,96,96,96,96,96,96,96,96,96,97,97,97,97,97,97,97,97,97,97,97,97,97,97,97,97,97,97,97,97,97,97,97,97,97,97,97,98,98,98,98,98,98,98,98,98,98,98,98,98,98,98,98,98,98,99,99,99,99,99,99,99,100,100,100,100,100,101,122,132,136,141
Fitness 2,022986, Gen ;0,5228;0,4457;0,2842;0,0299;0,066;0,6623;0,1548;0,0664;0,6124;0,4566;0,8568;0,6813;0,2529;0,8392;0,8088;0,0889;0,6996;0,2975;0,8342;0,6441;0,5704
,132,132,132,132,132,132,132,132,133,133,133,133,133,133,133,133,133,133,133,133,133,133,134,134,134,134,134,134,134,134,134,134,135,135,135,135,135,135,135,135,135,135,136,136,136,136,136,136,136,136,136,136,136,136,136,136,136,136,136,136,136,136,136,136,136,136,136,136,137,137,137,137,137,137,137,137,137,137,137,138,138,138,138,138,139,139,139,139,139,140,140,141,148,148,151
Fitness 5,403232, Gen ;0,5228;0,4457;0,2842;0,0299;0,066;0,6623;0,1548;0,0664;0,6124;0,4566;0,8568;0,6813;0,2529;0,8392;0,8088;0,0889;0,6996;0,2975;0,8342;0,6441;0,5704

Fitness 4,337379, Gen ;0,5228;0,4457;0,2842;0,0299;0,066;0,6623;0,1548;0,0664;0,6124;0,4566;0,8568;0,6813;0,2529;0,8392;0,8088;0,0889;0,6996;0,2975;0,8342;0,6441;0,5704

Fitness 7,548321E-05, Gen ;0,5228;0,4457;0,2842;0,0299;0,066;0,6623;0,1548;0,0664;0,6124;0,4566;0,8568;0,6813;0,2529;0,8392;0,8088;0,0889;0,6996;0,2975;0,8342;0,6441;0,5704
,93,93,93,94,94,94,94,94,94,96,105,105,105,105,105,105,105,105,105,105,105,105,105,105,105,105,105,105,105,105,105,105,105,105,105,105,105,105,105,106,106,106,106,106,106,106,106,106,106,106,106,106,106,106,106,106,106,106,106,106,106,107,107,107,107,107,107,107,107,107,107,108,108,108,108,108,108,108,108,108,108,109,109,109,109,109,109,110,111,115,115,116,149,151,152,152,153
Fitness 0,0002508046, Gen ;0,5228;0,4457;0,2842;0,0299;0,066;0,6623;0,1548;0,0664;0,6124;0,4566;0,8568;0,6813;0,2529;0,8392;0,8088;0,0889;0,6996;0,2975;0,8342;0,6441;0,5704
,122,122,124,124,124,124,125,125,125,126,126,126,126,126,127,127,127,127,127,127,127,127,127,127,127,128,128,128,128,128,128,128,128,128,128,128,129,129,129,131,139,143,147,149,174,174,174,174,175,175,175,175,175,175,175,175,176,176,176,176,176,176,177,177,177,177,177,178
Fitness 0,0001191061, Gen ;0,5228;0,4457;0,2842;0,0299;0,066;0,6623;0,1548;0,0664;0,6124;0,4566;0,8568;0,6813;0,2529;0,8392;0,8088;0,0889;0,6996;0,2975;0,8342;0,6441;0,5704
,117,118,119,121,121,121,121,121,121,121,121,121,121,122,122,122,122,122,122,122,122,122,122,122,122,122,122,122,122,122,122,122,122,122,122,122,122,122,122,122,122,122,123,123,123,123,123,123,123,123,123,123,123,123,123,123,123,123,123,123,123,123,123,123,123,124,124,124,124,124,124,124,124,124,124,126,128,129,129,129,130,130,130,130,130,131,131,131,131,133,133,135,137,143,143,143,143,143,143
Fitness 0,0001207321, Gen ;0,5228;0,4457;0,2842;0,0299;0,066;0,6623;0,1548;0,0664;0,6124;0,4566;0,8568;0,6813;0,2529;0,8392;0,8088;0,0889;0,6996;0,2975;0,8342;0,6441;0,5704
,80,80,80,80,80,80,80,80,80,80,80,80,80,80,80,80,80,80,80,80,80,80,80,80,81,81,81,81,81,81,81,81,81,81,81,81,81,81,81,81,82,82,83,83,84,84,109,110,110,110,110,110,110,111,111,111,111,112,112,112,112,113,113,113,114,114,114,114,114,115,115,115,120,120,121,121,121,122,122,123,123,123,124,124,124,124,125,125,125,126,126,126,126,126,127,127,129,129,130,131
Fitness 0,0002494316, Gen ;0,5228;0,4457;0,2842;0,0299;0,066;0,6623;0,1548;0,0664;0,6124;0,4566;0,8568;0,6813;0,2529;0,8392;0,8088;0,0889;0,6996;0,2975;0,8342;0,6441;0,5704
,179
Fitness 0,000178026, Gen ;0,5228;0,4457;0,2842;0,0299;0,066;0,6623;0,1548;0,0664;0,6124;0,4566;0,8568;0,6813;0,2529;0,8392;0,8088;0,0889;0,6996;0,2975;0,8342;0,6441;0,5704
,103,103,103,103,103,103,103,103,103,103,103,103,104,104,104,104,104,104,104,104,104,104,104,104,104,104,104,104,104,104,104,105,105,105,105,105,105,105,105,105,105,105,105,106,106,106,106,106,106,106,107,107,107,107,109,115,115,115,115,115,115,116,116,116,116,116,116,116,117,117,117,117,117,117,117,117,117,118,118,118,118,118,119,119,119,119,119,119,119,119,120,120,120,120,120,120,120
Fitness 6,73726, Gen ;0,5228;0,4457;0,2842;0,0299;0,066;0,6623;0,1548;0,0664;0,6124;0,4566;0,8568;0,6813;0,2529;0,8392;0,8088;0,0889;0,6996;0,2975;0,8342;0,6441;0,5704
,142,143,143,144,145,145,145,146,147,148,149,149,151,156,156,156,156,156,156,156,156,156,156,156,156,157,157,157,157,157,157,157,157,157,157,157,157,157,157,157,157,157,157,157,157,157,157,157,157,158,159,159,159,159,160,161,161,168,169,175,177
Fitness 0,00013431, Gen ;0,5228;0,4457;0,2842;0,0299;0,066;0,6623;0,1548;0,0664;0,6124;0,4566;0,8568;0,6813;0,2529;0,8392;0,8088;0,0889;0,6996;0,2975;0,8342;0,6441;0,5704
,103,104,104,104,104,104,104,104,104,104,104,104,104,104,104,104,104,104,105,105,105,105,105,105,105,105,105,105,105,105,106,106,106,106,106,106,106,106,106,107,107,108,108,108,109,109,109,110,110,110,110,110,110,110,110,110,110,110,110,110,110,110,111,111,111,111,111,111,111,111,111,112,112,112,112,112,112,112,113,114,114,114,114,114,115,115,115,115,115,115,115,115,116,117,117,117,118,118,120,120
Fitness 0,0002070374, Gen ;0,5228;0,4457;0,2842;0,0299;0,066;0,6623;0,1548;0,0664;0,6124;0,4566;0,8568;0,6813;0,2529;0,8392;0,8088;0,0889;0,6996;0,2975;0,8342;0,6441;0,5704
,80,80,80,80,80,80,80,80,80,80,80,80,80,80,80,81,81,81,81,81,81,81,81,81,81,81,81,81,81,81,81,81,81,81,81,81,81,81,81,81,81,81,81,81,81,81,81,81,81,81,81,81,81,81,82,82,82,82,82,82,82,82,82,82,82,82,82,82,82,82,82,82,82,82,82,83,83,83,83,83,83,83,83,83,84,84,84,85,87,87,88,88,88,88,88,88,88,89,89,89
Fitness 0,0002543026, Gen ;0,5228;0,4457;0,2842;0,0299;0,066;0,6623;0,1548;0,0664;0,6124;0,4566;0,8568;0,6813;0,2529;0,8392;0,8088;0,0889;0,6996;0,2975;0,8342;0,6441;0,5704
,98,98,98,98,98,98,98,98,99,99,99,99,99,99,99,99,99,100,101,101,102,103,103,103,103,103,103,103,103,103,103,103,103,103,103,103,103,103,103,104,104,104,104,104,104,104,104,104,105,105,105,105,105,105,105,105,105,105,105,106,106,106,106,106,106,107,107,108,110,111,112,112,112,112,113,113,113,116,116,116,117,117,117,117,117,118,118,118,118,118,118,118,118,118,127,127,156,157,163,177
Fitness 8,863601, Gen ;0,5228;0,4457;0,2842;0,0299;0,066;0,6623;0,1548;0,0664;0,6124;0,4566;0,8568;0,6813;0,2529;0,8392;0,8088;0,0889;0,6996;0,2975;0,8342;0,6441;0,5704
,119,119,119,119,119,119,119,119,119,119,119,119,119,119,119,119,119,119,119,119,119,119,119,119,119,119,119,119,119,119,119,120,120,120,120,120,120,120,120,120,120,120,120,120,120,120,120,120,120,120,120,120,120,120,120,120,120,120,121,121,121,121,121,121,121,121,121,121,121,122,122,122,122,122,122,122,122,122,122,122,122,122,122,123,123,123,123,123,123,123,124,124,124,124,125,125,125,126,135,136
Fitness 28,46427, Gen ;0,5228;0,4457;0,2842;0,0299;0,066;0,6623;0,1548;0,0664;0,6124;0,4566;0,8568;0,6813;0,2529;0,8392;0,8088;0,0889;0,6996;0,2975;0,8342;0,6441;0,5704
,69,69,69,69,69,69,69,69,69,69,69,69,69,69,69,69,69,69,69,69,69,70,70,70,70,70,70,70,70,70,70,70,70,70,70,70,70,70,70,70,70,70,70,70,70,70,70,70,70,71,71,71,71,71,71,71,71,71,71,71,71,71,71,71,71,71,71,71,71,71,71,71,72,72,72,72,72,72,72,73,73,73,73,73,73,73,73,73,74,74,74,74,74,74,74,74,74,76,83,84
Fitness 0,03595334, Gen ;0,5228;0,4457;0,2842;0,0299;0,066;0,6623;0,1548;0,0664;0,6124;0,4566;0,8568;0,6813;0,2529;0,8392;0,8088;0,0889;0,6996;0,2975;0,8342;0,6441;0,5704
,97,97,97,97,97,97,97,97,97,97,97,97,97,97,97,97,97,97,97,97,97,97,97,97,97,97,97,97,97,97,97,98,98,98,98,98,98,98,98,98,98,98,98,98,98,98,98,98,98,98,98,98,98,98,98,98,98,98,99,99,99,99,99,99,99,99,99,99,99,99,99,99,99,99,99,100,100,100,100,100,100,100,100,100,100,100,100,100,101,101,101,102,102,103,103,103,104,104,105,106
Fitness 4,010632, Gen ;0,5228;0,4457;0,2842;0,0299;0,066;0,6623;0,1548;0,0664;0,6124;0,4566;0,8568;0,6813;0,2529;0,8392;0,8088;0,0889;0,6996;0,2975;0,8342;0,6441;0,5704

Fitness 35,50636, Gen ;0,5228;0,4457;0,2842;0,0299;0,066;0,6623;0,1548;0,0664;0,6124;0,4566;0,8568;0,6813;0,2529;0,8392;0,8088;0,0889;0,6996;0,2975;0,8342;0,6441;0,5704
,178,178,178,178,178,178,178,178,178,178,178,178,178,179,179,179,179,179,179,179,179,179,179,179,179,179,179,179,179,179,179,179,179,179,179,179,179,179,179,179,179,179,179
Fitness 15,85247, Gen ;0,5228;0,4457;0,2842;0,0299;0,066;0,6623;0,1548;0,0664;0,6124;0,4566;0,8568;0,6813;0,2529;0,8392;0,8088;0,0889;0,6996;0,2975;0,8342;0,6441;0,5704
,123,123,123,123,123,123,123,124,124,124,124,124,124,124,124,124,124,124,125,125,125,125,125,125,125,126,126,126,126,126,126,126,126,126,127,127,128,128
Fitness 0,0001413442, Gen ;0,5228;0,4457;0,2842;0,0299;0,066;0,6623;0,1548;0,0664;0,6124;0,4566;0,8568;0,6813;0,2529;0,8392;0,8088;0,0889;0,6996;0,2975;0,8342;0,6441;0,5704
,126,126,126,126,126,126,127,127,127,127,127,127,127,127,127,127,127,127,127,127,127,127,127,127,127,127,127,128,128,128,128,128,128,128,128,128,128,128,128,128,128,128,129,129,129,129,129,129,129,129,129,129,129,129,129,130,130,130,130,130,130,130,130,130,131,131,131,131,131,132,132,132,132,132,132,133,133,133,133,133,133,134,134,134,135,135,135,135,135,135,135,136,137,137,137,138,138,138,139
Fitness 0,0003062299, Gen ;0,5228;0,4457;0,2842;0,0299;0,066;0,6623;0,1548;0,0664;0,6124;0,4566;0,8568;0,6813;0,2529;0,8392;0,8088;0,0889;0,6996;0,2975;0,8342;0,6441;0,5704
,74,74,74,74,74,74,74,74,74,74,74,74,74,74,74,74,74,74,74,74,74,74,74,74,74,74,74,74,74,74,75,75,75,75,75,75,75,75,75,75,75,75,75,75,75,75,75,75,75,75,75,75,75,75,75,76,76,76,76,76,76,76,76,76,76,76,76,76,76,76,76,76,77,77,77,77,77,77,77,78,78,78,78,78,78,79,80,80,80,80,80,80,81,158,158,158,159,159,159,160
Fitness 0,0002764273, Gen ;0,5228;0,4457;0,2842;0,0299;0,066;0,6623;0,1548;0,0664;0,6124;0,4566;0,8568;0,6813;0,2529;0,8392;0,8088;0,0889;0,6996;0,2975;0,8342;0,6441;0,5704
,144,145,146,146,146,147,147,148,154,154,154,154,154,154,154,154,154,155,155,155,155,155,155,155,155,155,156,156,156,157,157,157,157,166,167,174
Fitness 8,004474E-05, Gen ;0,5228;0,4457;0,2842;0,0299;0,066;0,6623;0,1548;0,0664;0,6124;0,4566;0,8568;0,6813;0,2529;0,8392;0,8088;0,0889;0,6996;0,2975;0,8342;0,6441;0,5704
,167,167,167,167,167,167,167,167,167,167,167,167,167,167,167,167,167,168,168,168,168,168,168,168,168,168,168,168,168,168,168,168,168,168,168,168,168,168,168,169,169,169,169,169,169,169,169,169,169,169,170,170,170,170,170,170,170,170,170,170,170,171,171,171,171,171,171,172,172,173,173,178,178,178,178,178,179,179,179,179,179,179,179
Fitness 1,383583, Gen ;0,5228;0,4457;0,2842;0,0299;0,066;0,6623;0,1548;0,0664;0,6124;0,4566;0,8568;0,6813;0,2529;0,8392;0,8088;0,0889;0,6996;0,2975;0,8342;0,6441;0,5704
,86,86,86,86,86,86,86,86,86,86,86,86,86,86,86,86,86,86,86,86,86,86,86,86,86,86,86,86,86,86,86,86,87,87,87,87,87,87,87,87,87,87,88,88,89,89,93,131,131,131,132,132,132,132,132,132,132,132,133,133,133,133,133,133,133,133,133,134,134,134,134,134,134,134,134,134,134,135,135,135,135,135,135,136,136,136,159
Fitness 0,0002676717, Gen ;0,5228;0,4457;0,2842;0,0299;0,066;0,6623;0,1548;0,0664;0,6124;0,4566;0,8568;0,6813;0,2529;0,8392;0,8088;0,0889;0,6996;0,2975;0,8342;0,6441;0,5704
,87,87,87,87,88,88,90,90,90,90,90,91,91,91,91,91,91,91,91,91,91,91,91,92,93,93,94,95,95,97,100,103,142,142,142,142,142,142,142,142,142,143,143,143,143,143,143,143,144,144,144,144,144,144,144,144,144,144,144,145,145,145,145,145,145,145,145,145,145,145,145,145,145,145,145,145,145,146,146,146,146,146,146,146,146,146,146,146,146,146,147,147,147,148,148,149,149,149,149,150
Fitness 0,0001922196, Gen ;0,5228;0,4457;0,2842;0,0299;0,066;0,6623;0,1548;0,0664;0,6124;0,4566;0,8568;0,6813;0,2529;0,8392;0,8088;0,0889;0,6996;0,2975;0,8342;0,6441;0,5704
,93,93,93,93,93,93,93,93,93,93,93,93,93,93,93,93,93,93,94,94,94,94,94,94,94,94,94,94,94,94,94,94,94,94,95,95,95,95,95,95,95,95,95,95,95,95,95,95,96,96,96,96,96,96,96,96,96,96,97,97,97,97,97,98,98,98,98,98,98,99,128,128,128,128,128,128,129,129,129,129,129,129,130,130,130,130,130,130,130,131,131,131,131,131,131,131,132,132,141,141
Fitness 0,0001548677, Gen ;0,5228;0,4457;0,2842;0,0299;0,066;0,6623;0,1548;0,0664;0,6124;0,4566;0,8568;0,6813;0,2529;0,8392;0,8088;0,0889;0,6996;0,2975;0,8342;0,6441;0,5704
,86,86,86,86,86,86,86,86,86,86,86,86,86,86,86,86,86,86,86,86,87,87,87,87,87,87,87,87,88,88,88,88,89,89,89,89,89,89,90,90,90,91,91,91,91,92,92,92,92,93,93,93,94,94,94,96,96,97,97,98,98,98,98,98,99,99,99,100,100,100,103,103,104,109,109,109,110,110,110,111,111,111,111,112,112,112,113,113
Fitness 1,689546, Gen ;0,5228;0,4457;0,2842;0,0299;0,066;0,6623;0,1548;0,0664;0,6124;0,4566;0,8568;0,6813;0,2529;0,8392;0,8088;0,0889;0,6996;0,2975;0,8342;0,6441;0,5704
,97,97,97,97,97,97,97,97,97,97,97,97,97,97,97,97,97,97,97,97,97,97,97,97,97,98,98,98,98,98,98,98,98,98,98,98,98,98,98,98,98,98,98,98,98,98,98,98,98,98,98,98,98,98,99,99,99,99,99,99,99,99,99,99,99,99,99,99,99,99,99,99,99,99,99,100,100,100,100,100,100,100,100,100,100,100,100,100,101,101,101,101,101,102,103,103,103,104,104,106
Fitness 3,965138, Gen ;0,5228;0,4457;0,2842;0,0299;0,066;0,6623;0,1548;0,0664;0,6124;0,4566;0,8568;0,6813;0,2529;0,8392;0,8088;0,0889;0,6996;0,2975;0,8342;0,6441;0,5704
,138,138,138,138,138,138,138,138,138,138,138,138,138,138,138,138,138,138,138,138,138,138,138,138,138,138,138,138,138,138,138,138,139,139,139,139,139,139,139,139,139,139,139,139,139,139,139,139,140,140,140,140,140,140,141,141,141,141,141,141,141,142,142,142,142,143,143,144,144,144,144,144,144,145,158,158,158,158,159,159,159,160,160,160,160,160,160,160,161,161,163
Fitness 0,000156046, Gen ;0,5228;0,4457;0,2842;0,0299;0,066;0,6623;0,1548;0,0664;0,6124;0,4566;0,8568;0,6813;0,2529;0,8392;0,8088;0,0889;0,6996;0,2975;0,8342;0,6441;0,5704
,96,96,96,96,96,96,96,96,96,96,96,96,96,96,96,97,97,97,97,97,97,97,97,97,97,97,97,97,97,97,97,97,97,97,97,97,97,97,97,97,97,97,97,97,97,97,97,97,97,97,97,98,98,98,98,98,98,98,98,98,98,98,98,98,98,98,98,98,98,98,98,98,98,98,98,99,99,99,99,99,99,99,99,99,99,100,100,100,100,100,100,100,100,101,102,103,103,104,104,105
Fitness 15,89147, Gen ;0,5228;0,4457;0,2842;0,0299;0,066;0,6623;0,1548;0,0664;0,6124;0,4566;0,8568;0,6813;0,2529;0,8392;0,8088;0,0889;0,6996;0,2975;0,8342;0,6441;0,5704
,165,166,166,166,166,166,166,166,167,167,167,167,167,168,168,168,169,169,170,174,175,176,176
Fitness 0,0001302183, Gen ;0,5228;0,4457;0,2842;0,0299;0,066;0,6623;0,1548;0,0664;0,6124;0,4566;0,8568;0,6813;0,2529;0,8392;0,8088;0,0889;0,6996;0,2975;0,8342;0,6441;0,5704
,149,152,152,152,153,153,153,154,154,154,154,154,154,154,155,155,155,155,155,155,155,155,156,156,156,156,156,156,157,157,157,157,158,158,161,162,164,168,168,169,169,169,169,169,169,169,169,169,170,171,172,174,174,174,175,176,176,176,176,176,176,176,176,176,177,177,177,177,177,177,177,177,177,177,177,177,177,177,177,178,178,178,178,178,178,178,178,178,178,179,179,179,179,179
Fitness 16,15459, Gen ;0,5228;0,4457;0,2842;0,0299;0,066;0,6623;0,1548;0,0664;0,6124;0,4566;0,8568;0,6813;0,2529;0,8392;0,8088;0,0889;0,6996;0,2975;0,8342;0,6441;0,5704
,142,142,142,142,142,142,142,142,142,142,142,142,142,142,142,142,142,143,143,143,143,143,143,143,143,143,143,143,143,143,143,143,143,143,143,144,144,144,144,144,144,144,144,145,145,145,145,146,146,146,146,146,147,148,148,148,149,149,149,149,149,149,149,149,149,149,150,150,150,150,150,150,150,150,150,151,152,152,152,152,152,152,153,153,153,153,153,153,153,154,154,154,154,155,159,159,160
Fitness 0,0002900792, Gen ;0,5228;0,4457;0,2842;0,0299;0,066;0,6623;0,1548;0,0664;0,6124;0,4566;0,8568;0,6813;0,2529;0,8392;0,8088;0,0889;0,6996;0,2975;0,8342;0,6441;0,5704
,120,120,120,120,120,120,120,120,120,120,120,120,120,120,120,120,120,120,120,120,120,120,120,120,120,120,120,120,120,120,120,121,121,121,121,121,121,121,121,121,121,121,121,121,121,121,121,121,121,121,121,121,121,121,122,122,122,122,122,122,122,122,123,123,123,124,124,124,125,127,127,139,139,139,139,139,139,139,139,139,139,139,139,139,139,140,140,140,140,140,140,140,140,140,140,140,141,141,141
Fitness 0,0001125077, Gen ;0,5228;0,4457;0,2842;0,0299;0,066;0,6623;0,1548;0,0664;0,6124;0,4566;0,8568;0,6813;0,2529;0,8392;0,8088;0,0889;0,6996;0,2975;0,8342;0,6441;0,5704
,129,129,129,129,129,129,129,129,129,129,129,130,130,130,130,130,130,130,130,130,130,130,130,130,131,131,131,131,131,131,131,131,131,131,132,132,132,132,132,132,132,133,133,133,133,136,137,137,137,138,138,138,138,138,139,139,139,139,139,140,140,140,140,140,140,140,140,141,141,141,141,141,141,141,141,141,141,141,142,142,142,142,142,142,142,142,143,143,143,143,143,143,144,144,144,144,145,145,145
Fitness 0,0001966314, Gen ;0,5228;0,4457;0,2842;0,0299;0,066;0,6623;0,1548;0,0664;0,6124;0,4566;0,8568;0,6813;0,2529;0,8392;0,8088;0,0889;0,6996;0,2975;0,8342;0,6441;0,5704
,153,153,153,153,154,154,154,154,154,155,155,155,155,155,156,165,165,166,166,166,166,166,166,166,166,166,166,166,166,166,166,166,166,166,166,166,166,166,166,166,166,166,166,166,166,167,167,167,167,167,167,167,167,167,167,167,167,167,167,167,167,167,167,167,167,167,167,167,167,168,168,168,168,168,168,168,168,168,168,169,169,169,169,169,169,169,169,169,170,170,170,170,170,170,171,177
Fitness 0,0001319318, Gen ;0,5228;0,4457;0,2842;0,0299;0,066;0,6623;0,1548;0,0664;0,6124;0,4566;0,8568;0,6813;0,2529;0,8392;0,8088;0,0889;0,6996;0,2975;0,8342;0,6441;0,5704
,80,80,80,80,80,80,80,80,80,80,80,81,81,81,81,81,81,81,81,81,81,81,81,81,81,81,81,81,81,81,81,81,81,81,81,81,81,81,81,81,81,81,81,81,81,81,81,81,81,81,81,81,81,81,81,81,81,81,81,82,82,82,82,82,82,82,82,82,82,82,82,82,82,82,82,82,83,83,83,83,83,83,83,83,83,83,83,84,84,84,84,84,84,85,87,92,92,92,93,94
Fitness 0,0001341902, Gen ;0,5228;0,4457;0,2842;0,0299;0,066;0,6623;0,1548;0,0664;0,6124;0,4566;0,8568;0,6813;0,2529;0,8392;0,8088;0,0889;0,6996;0,2975;0,8342;0,6441;0,5704
,78,78,78,78,78,78,78,78,78,78,78,78,78,78,78,78,78,78,78,78,78,78,78,78,78,78,79,79,79,79,79,79,79,79,79,79,79,79,79,79,79,79,79,79,79,79,80,80,80,80,80,80,80,81,81,81,81,81,81,81,82,82,82,82,83,84,85,86,86,86,93,93,93,93,93,94,94,94,94,94,94,94,94,94,94,94,94,94,94,94,95,95,95,95,95,95,95,97,97,125
Fitness 0,0002404769, Gen ;0,5228;0,4457;0,2842;0,0299;0,066;0,6623;0,1548;0,0664;0,6124;0,4566;0,8568;0,6813;0,2529;0,8392;0,8088;0,0889;0,6996;0,2975;0,8342;0,6441;0,5704
,121,121,121,122,122,122,122,122,122,122,122,122,122,122,122,123,123,123,123,123,123,123,123,123,123,123,123,123,123,123,124,124,124,124,124,124,124,124,124,124,124,124,124,124,124,124,124,125,125,125,125,125,125,125,125,125,125,125,125,125,125,125,126,126,126,126,126,126,126,126,126,127,127,127,127,127,127,127,127,127,127,128,128,128,128,128,128,129,129,129,130,130,130,130,132,133,134,135,136,163
Fitness 25,77637, Gen ;0,5228;0,4457;0,2842;0,0299;0,066;0,6623;0,1548;0,0664;0,6124;0,4566;0,8568;0,6813;0,2529;0,8392;0,8088;0,0889;0,6996;0,2975;0,8342;0,6441;0,5704
,117,117,117,117,117,118,118,118,118,118,118,118,118,118,118,118,118,118,118,118,118,119,119,119,119,119,119,119,119,119,119,119,119,119,119,119,119,119,119,119,119,120,120,120,120,120,120,120,120,120,120,120,120,120,121,121,121,121,122,122,122,124,124,130,131,131,131,131,131,131,131,131,132,132,132,132,132,133,133,135,135,135,135,136,136,136,136,136,145,145,146,146,147,149,149,161,164,164,176,177
Fitness 10,25086, Gen ;0,5228;0,4457;0,2842;0,0299;0,066;0,6623;0,1548;0,0664;0,6124;0,4566;0,8568;0,6813;0,2529;0,8392;0,8088;0,0889;0,6996;0,2975;0,8342;0,6441;0,5704
,97,97,97,98,98,98,99,99,99,99,99,107,107,108,108,108,108,108,108,108,108,108,108,108,108,108,108,108,108,108,108,108,108,108,109,109,109,109,109,109,109,109,109,109,109,109,109,109,109,109,109,109,109,109,109,109,110,110,110,110,110,110,110,110,110,110,110,110,110,110,111,111,111,111,111,111,111,111,111,111,112,112,112,112,112,112,113,113,113
Fitness 0,553318, Gen ;0,5228;0,4457;0,2842;0,0299;0,066;0,6623;0,1548;0,0664;0,6124;0,4566;0,8568;0,6813;0,2529;0,8392;0,8088;0,0889;0,6996;0,2975;0,8342;0,6441;0,5704
,128,128,128,128,128,128,128,128,129,129,129,129,129,129,129,129,129,129,129,129,129,130,130,130,130,130,130,130,130,130,130,130,130,130,130,130,130,130,130,130,130,130,130,130,130,130,130,130,130,130,130,130,131,131,131,131,131,131,131,131,131,131,131,131,131,131,131,131,131,131,131,131,131,132,132,132,132,132,132,132,132,132,132,132,132,133,133,133,133,133,133,133,133,133,133,134,134,134,134,135
Fitness 0,02500953, Gen ;0,5228;0,4457;0,2842;0,0299;0,066;0,6623;0,1548;0,0664;0,6124;0,4566;0,8568;0,6813;0,2529;0,8392;0,8088;0,0889;0,6996;0,2975;0,8342;0,6441;0,5704

Fitness 0,0002106615, Gen ;0,5228;0,4457;0,2842;0,0299;0,066;0,6623;0,1548;0,0664;0,6124;0,4566;0,8568;0,6813;0,2529;0,8392;0,8088;0,0889;0,6996;0,2975;0,8342;0,6441;0,5704
,109,109,109,109,109,109,109,109,109,109,109,109,109,109,109,109,109,109,109,110,110,110,110,110,110,110,110,110,110,110,110,110,110,110,110,110,110,110,110,111,111,111,111,111,112,112,113,113,172,172,172,172,172,172,172,172,172,172,172,172,173,173,173,173,173,173,173,173,173,173,173,173,173,173,174,174,174,174,174,174,174,174,174,174,174,175,175,175,175,175,175,175,175,175,175,176,176,177,179,179
Fitness 3,516161, Gen ;0,5228;0,4457;0,2842;0,0299;0,066;0,6623;0,1548;0,0664;0,6124;0,4566;0,8568;0,6813;0,2529;0,8392;0,8088;0,0889;0,6996;0,2975;0,8342;0,6441;0,5704
,172,172,173,174
Fitness 9,451153E-05, Gen ;0,5228;0,4457;0,2842;0,0299;0,066;0,6623;0,1548;0,0664;0,6124;0,4566;0,8568;0,6813;0,2529;0,8392;0,8088;0,0889;0,6996;0,2975;0,8342;0,6441;0,5704
,102,102,102,102,102,102,102,102,102,102,102,102,103,103,103,103,103,103,103,103,103,103,103,103,103,103,103,103,103,103,103,103,104,104,104,104,104,104,104,104,104,104,104,104,104,104,104,104,104,104,105,105,105,105,105,105,105,106,106,106,106,106,107,162,162,163,163,163,163,163,164,164,164,164,164,165,165,165,165,165,165,165,165,166,166,166,166,166,166,166,166,166,166,166,167,168,168
Fitness 0,01211209, Gen ;0,5228;0,4457;0,2842;0,0299;0,066;0,6623;0,1548;0,0664;0,6124;0,4566;0,8568;0,6813;0,2529;0,8392;0,8088;0,0889;0,6996;0,2975;0,8342;0,6441;0,5704
,108,108,109,109,109,109,109,109,109,109,109,109,109,109,109,109,109,109,109,109,109,109,109,109,110,110,110,110,110,110,110,110,110,110,110,110,110,110,110,110,110,111,111,111,111,111,111,111,111,111,111,111,111,111,112,112,112,112,112,112,112,113,137,137,138,142,142,142,142,142,143,143,143,143,143,143,143,143,144,144,144,144,144,145,146,146,146,146,146,147,151,152,152,153,154,155,155
Fitness 0,0002074638, Gen ;0,5228;0,4457;0,2842;0,0299;0,066;0,6623;0,1548;0,0664;0,6124;0,4566;0,8568;0,6813;0,2529;0,8392;0,8088;0,0889;0,6996;0,2975;0,8342;0,6441;0,5704
,97,97,97,97,97,97,97,97,97,97,97,97,98,98,98,98,98,98,98,98,98,98,98,98,98,98,98,98,98,98,98,98,98,98,98,98,98,98,99,99,99,99,99,99,99,99,99,99,99,99,99,99,99,99,100,100,100,100,100,100,101,101,101,102,104,105,107,107,108,108,109,109,109,112,113,114,118,118,120,120,120,121,122,122,128,128,128,129,129,129,129,129,130,131,135,135,135,139,170
Fitness 8,270992E-05, Gen ;0,5228;0,4457;0,2842;0,0299;0,066;0,6623;0,1548;0,0664;0,6124;0,4566;0,8568;0,6813;0,2529;0,8392;0,8088;0,0889;0,6996;0,2975;0,8342;0,6441;0,5704
,86,86,86,86,86,86,86,86,86,86,86,86,86,86,86,86,86,86,86,86,86,86,86,86,86,86,86,86,86,86,86,86,86,86,86,86,86,86,86,86,86,86,86,86,86,86,86,86,86,87,87,87,87,87,87,87,87,87,87,87,87,87,87,87,87,87,87,87,87,87,87,87,87,87,87,88,88,88,88,88,88,88,88,88,88,88,89,89,89,89,89,90,90,90,92,97,97,101,134,145
Fitness 0,0001105015, Gen ;0,5228;0,4457;0,2842;0,0299;0,066;0,6623;0,1548;0,0664;0,6124;0,4566;0,8568;0,6813;0,2529;0,8392;0,8088;0,0889;0,6996;0,2975;0,8342;0,6441;0,5704
,143,143,143,143,143,143,143,143,143,143,143,143,143,143,143,143,143,143,143,143,143,143,143,143,143,143,143,143,144,144,144,144,144,144,144,144,144,144,144,144,144,144,144,144,144,144,144,144,144,144,144,144,144,144,144,144,144,144,144,144,144,144,144,144,144,144,144,144,145,145,145,145,145,145,145,145,145,145,145,145,145,145,145,145,145,146,146,146,146,146,146,146,146,146,146,146,146,147,148,152
Fitness 0,0002151833, Gen ;0,5228;0,4457;0,2842;0,0299;0,066;0,6623;0,1548;0,0664;0,6124;0,4566;0,8568;0,6813;0,2529;0,8392;0,8088;0,0889;0,6996;0,2975;0,8342;0,6441;0,5704
,105,106,106,106,106,106,106,106,106,107,107,107,107,107,107,107,107,107,107,108,108,108,108,108,108,108,108,109,109,109,109,109,109,109,109,110,111,120,120,120,120,120,120,120,120,120,120,120,120,120,120,121,121,121,121,121,121,121,121,121,121,121,122,122,122,122,122,122,122,122,122,122,122,122,123,123,123,123,123,123,124,132,133,134,134,137
Fitness 3,867763, Gen ;0,5228;0,4457;0,2842;0,0299;0,066;0,6623;0,1548;0,0664;0,6124;0,4566;0,8568;0,6813;0,2529;0,8392;0,8088;0,0889;0,6996;0,2975;0,8342;0,6441;0,5704
,98,98,99,99,99,99,99,99,99,99,99,99,99,99,99,99,99,99,99,99,99,99,99,99,99,99,99,99,99,99,99,99,99,99,99,100,100,100,100,100,100,100,100,100,100,100,100,100,100,100,100,100,100,101,101,101,101,101,101,101,101,101,102,102,102,102,102,102,103,103,103,104,104,170,171,171,171,172,172,172,173,173,175,175,175,176,176,177,177,177
Fitness 1,006686, Gen ;0,5228;0,4457;0,2842;0,0299;0,066;0,6623;0,1548;0,0664;0,6124;0,4566;0,8568;0,6813;0,2529;0,8392;0,8088;0,0889;0,6996;0,2975;0,8342;0,6441;0,5704
,137,137,137,137,137,137,137,137,137,138,138,138,138,138,138,139,139,140,140,140,140,141,142,143,148,148,148,148,148,148,148,148,148,148,148,148,148,148,148,149,149,149,149,149,150,150,150,151,152,152,153,159
Fitness 0,0001126774, Gen ;0,5228;0,4457;0,2842;0,0299;0,066;0,6623;0,1548;0,0664;0,6124;0,4566;0,8568;0,6813;0,2529;0,8392;0,8088;0,0889;0,6996;0,2975;0,8342;0,6441;0,5704
,85,85,85,85,85,85,85,85,85,85,85,85,86,86,86,86,86,86,86,86,86,86,86,86,86,86,86,86,86,86,86,86,86,86,86,86,86,87,87,87,87,87,87,87,87,87,87,87,87,87,87,87,87,87,87,87,87,88,88,88,88,88,88,88,88,88,88,88,88,88,88,88,88,89,89,89,89,89,89,89,89,89,89,90,90,90,90,91,91,91,91,91,91,91,92,92,93,94,142,143
Fitness 0,000296561, Gen ;0,5228;0,4457;0,2842;0,0299;0,066;0,6623;0,1548;0,0664;0,6124;0,4566;0,8568;0,6813;0,2529;0,8392;0,8088;0,0889;0,6996;0,2975;0,8342;0,6441;0,5704
,140,143,143,144,147,148,148,148,148,148,148,148,148,148,149,149,149,149,149,149,149,149,149,149,149,149,149,149,149,149,150,150,150,150,150,150,151,151,152,152,152,153,153,153,156,162
Fitness 0,0002697962, Gen ;0,5228;0,4457;0,2842;0,0299;0,066;0,6623;0,1548;0,0664;0,6124;0,4566;0,8568;0,6813;0,2529;0,8392;0,8088;0,0889;0,6996;0,2975;0,8342;0,6441;0,5704
,118,137,137,137,138,138,138,138,138,138,138,138,138,138,138,138,138,138,138,138,138,138,138,138,138,138,138,138,138,138,138,138,138,138,138,138,138,138,139,139,139,139,139,139,139,139,139,139,139,139,139,139,139,139,139,139,139,139,139,139,139,139,139,139,139,139,139,139,139,139,140,140,140,140,140,140,140,140,140,140,140,140,140,140,140,140,140,140,140,141,141,141,141,141,141,141,141,142,143,143
Fitness 4,364642, Gen ;0,5228;0,4457;0,2842;0,0299;0,066;0,6623;0,1548;0,0664;0,6124;0,4566;0,8568;0,6813;0,2529;0,8392;0,8088;0,0889;0,6996;0,2975;0,8342;0,6441;0,5704
,115,115,116,116,117,117,117,117,117,118,118,118,118,118,118,118,118,118,118,118,118,118,118,118,118,118,119,119,119,119,119,119,119,119,119,119,119,119,120,120,120,120,120,120,121,121,121,121,121,121,122,122,124,126,131,131,131,131,131,131,131,131,131,131,131,131,131,131,131,131,131,131,131,131,132,132,132,132,132,132,132,132,132,132,132,132,132,132,132,132,132,133,133,133
Fitness 0,0002486682, Gen ;0,5228;0,4457;0,2842;0,0299;0,066;0,6623;0,1548;0,0664;0,6124;0,4566;0,8568;0,6813;0,2529;0,8392;0,8088;0,0889;0,6996;0,2975;0,8342;0,6441;0,5704
,91,91,91,91,91,91,91,91,91,91,91,91,91,91,91,91,91,91,91,91,91,91,91,91,91,91,91,91,91,91,92,92,92,92,92,92,92,92,92,92,92,92,92,92,92,92,92,92,92,92,92,92,92,92,92,92,92,92,92,92,92,93,93,93,93,93,93,93,93,93,93,93,93,93,93,93,94,94,94,94,94,94,94,94,94,94,94,95,95,95,95,95,95,95,97,97,97,98,98,99
Fitness 1,923331, Gen ;0,5228;0,4457;0,2842;0,0299;0,066;0,6623;0,1548;0,0664;0,6124;0,4566;0,8568;0,6813;0,2529;0,8392;0,8088;0,0889;0,6996;0,2975;0,8342;0,6441;0,5704
,85,88,99,99,99,99,99,99,99,99,99,99,99,99,99,100,100,100,100,100,100,100,100,100,100,100,100,100,100,100,100,100,100,100,100,100,100,100,100,100,100,100,100,101,101,101,101,101,101,101,101,101,101,101,101,101,101,101,101,101,101,102,102,102,102,102,102,102,102,102,102,102,102,102,102,102,103,103,103,103,103,103,103,103,103,104,104,142,143,143,143,144,144,144,145,145,145,160,161,178
Fitness 0,0001318521, Gen ;0,5228;0,4457;0,2842;0,0299;0,066;0,6623;0,1548;0,0664;0,6124;0,4566;0,8568;0,6813;0,2529;0,8392;0,8088;0,0889;0,6996;0,2975;0,8342;0,6441;0,5704
,157,157,157,157,158,158,158,158,158,158,158,158,158,158,158,158,158,158,158,159,159,159,159,159,159,159,159,159,159,159,159,159,159,159,159,159,159,159,159,160,160,160,160,160,160,160,160,160,160,160,160,160,160,160,160,160,160,160,160,160,160,161,161,161,161,161,161,161,161,161,161,161,161,161,161,161,161,161,161,161,161,162,162,162,162,162,162,162,162,162,162,162,163,163,163,163,163,164,164,164
Fitness 20,50667, Gen ;0,5228;0,4457;0,2842;0,0299;0,066;0,6623;0,1548;0,0664;0,6124;0,4566;0,8568;0,6813;0,2529;0,8392;0,8088;0,0889;0,6996;0,2975;0,8342;0,6441;0,5704
,104,104,104,104,104,104,104,104,104,104,104,104,104,104,104,104,104,104,104,104,104,104,104,104,104,104,104,104,104,104,104,104,104,105,105,105,105,105,105,105,105,105,105,105,105,105,105,105,105,105,105,105,105,105,105,105,105,105,105,105,105,105,105,105,105,105,105,105,106,106,106,106,106,106,106,106,106,106,106,106,106,107,107,108,109,112,169,169,169,169,169,170,170,170,170,171,171,171,171,171
Fitness 0,02047006, Gen ;0,5228;0,4457;0,2842;0,0299;0,066;0,6623;0,1548;0,0664;0,6124;0,4566;0,8568;0,6813;0,2529;0,8392;0,8088;0,0889;0,6996;0,2975;0,8342;0,6441;0,5704
,95,95,95,95,95,95,95,95,95,95,95,95,95,95,95,95,96,96,96,96,96,96,96,96,96,96,96,96,96,96,96,96,96,96,96,96,96,96,96,96,97,97,97,97,97,97,97,97,97,97,97,97,97,97,97,97,97,97,97,98,98,98,98,98,98,98,98,99,99,99,99,99,99,99,99,99,99,99,99,99,99,100,100,100,100,100,101,101,101,102,102,104,107,109,111,126,127,127,128,128
Fitness 0,1924066, Gen ;0,5228;0,4457;0,2842;0,0299;0,066;0,6623;0,1548;0,0664;0,6124;0,4566;0,8568;0,6813;0,2529;0,8392;0,8088;0,0889;0,6996;0,2975;0,8342;0,6441;0,5704
,124,124,125,125,125,125,125,125,125,125,125,126,127,127,127,127,127,127,127,128,129,131,132,135,140,143
