	50PopravljenStroembom ovc
	2 AI1 ovcarjev
Fitness 18,67334, Gen ;0,8756;0,3647;0,4484;0,5434;0,2222;0,7983;0,2908;0,0612;0,8875;0,2727;0,8312;0,5633;0,2966;0,1685;0,5936;0,2034;0,364;0,0993;0,0395;0,409;0,6755
,148,148,148,148,148,148,148,148,148,148,148,148,149,149,149,149,149,149,149,149,149,149,149,149,149,149,149,149,149,149,149,149,149,149,149,149,149,149,149,150,150,150,150,150,150,151,151,151,151,151
Fitness 26,48105, Gen ;0,8756;0,3647;0,4484;0,5434;0,2222;0,7983;0,2908;0,0612;0,8875;0,2727;0,8312;0,5633;0,2966;0,1685;0,5936;0,2034;0,364;0,0993;0,0395;0,409;0,6755
,138,138,138,138,138,138,138,138,138,138,138,138,138,138,138,138,138,138,138,138,138,139,139,139,139,139,139,139,139,139,139,139,139,139,139,139,139,139,139,140,140,140,140,140,140,141,141,141,141,143
Fitness 36,08576, Gen ;0,8756;0,3647;0,4484;0,5434;0,2222;0,7983;0,2908;0,0612;0,8875;0,2727;0,8312;0,5633;0,2966;0,1685;0,5936;0,2034;0,364;0,0993;0,0395;0,409;0,6755
,103,103,103,104,104,104,104,105,105,105,105,105,105,105,105,105,105,105,105,105,105,105,105,105,105,105,105,105,105,105,105,106,106,106,106,106,106,106,106,106,106,106,106,107,107,107,107,108,108,147
Fitness 7,212199, Gen ;0,8756;0,3647;0,4484;0,5434;0,2222;0,7983;0,2908;0,0612;0,8875;0,2727;0,8312;0,5633;0,2966;0,1685;0,5936;0,2034;0,364;0,0993;0,0395;0,409;0,6755
,108,165,165,165,165,165,165,165,165,165,165,165,165,166,166,166,166,166,166,166,166,166,166,166,166,167,167,167,167,167,168,169,169,169,169,170,170,171,172,172,172,172,174,174,174,174,175,175,175,176
Fitness 9,617055, Gen ;0,8756;0,3647;0,4484;0,5434;0,2222;0,7983;0,2908;0,0612;0,8875;0,2727;0,8312;0,5633;0,2966;0,1685;0,5936;0,2034;0,364;0,0993;0,0395;0,409;0,6755
,125,125,125,125,125,125,125,125,125,125,125,125,125,125,125,126,126,126,126,126,126,126,126,126,126,126,126,126,126,126,126,126,126,127,127,127,127,127,127,127,127,127,128,128,128,128,129,129,129,130
Fitness 11,64883, Gen ;0,8756;0,3647;0,4484;0,5434;0,2222;0,7983;0,2908;0,0612;0,8875;0,2727;0,8312;0,5633;0,2966;0,1685;0,5936;0,2034;0,364;0,0993;0,0395;0,409;0,6755
,117,202,202,215,225
Fitness 3,065138, Gen ;0,8756;0,3647;0,4484;0,5434;0,2222;0,7983;0,2908;0,0612;0,8875;0,2727;0,8312;0,5633;0,2966;0,1685;0,5936;0,2034;0,364;0,0993;0,0395;0,409;0,6755
,114,114,114,114,114,114,114,114,114,115,115,115,115,115,115,115,115,115,115,115,115,115,115,115,115,115,115,115,115,115,115,115,116,116,116,116,116,116,116,116,116,117,117,117,117,117,117,117,118,118
Fitness 13,96541, Gen ;0,8756;0,3647;0,4484;0,5434;0,2222;0,7983;0,2908;0,0612;0,8875;0,2727;0,8312;0,5633;0,2966;0,1685;0,5936;0,2034;0,364;0,0993;0,0395;0,409;0,6755
,116,116,116,116,116,117,117,117,117,117,117,117,117,117,117,118,118,118,118,118,118,118,118,118,118,118,118,119,119,119,119,119,119,119,119,119,119,120,120,121,121,121,121,122,122,122,123,123,123,126
Fitness 0,0009955465, Gen ;0,8756;0,3647;0,4484;0,5434;0,2222;0,7983;0,2908;0,0612;0,8875;0,2727;0,8312;0,5633;0,2966;0,1685;0,5936;0,2034;0,364;0,0993;0,0395;0,409;0,6755
,187,187,187,188,188,188,189,189,189,190,190,190,190,190,191,191,191,191,191,192,192,192,192,192,192,192,192,192,192,192,193,193,193,193,193,193,193,193,193,193,194,194,194,194,194,194,194,195,196
Fitness 18,91304, Gen ;0,8756;0,3647;0,4484;0,5434;0,2222;0,7983;0,2908;0,0612;0,8875;0,2727;0,8312;0,5633;0,2966;0,1685;0,5936;0,2034;0,364;0,0993;0,0395;0,409;0,6755
,197
Fitness 16,13604, Gen ;0,8756;0,3647;0,4484;0,5434;0,2222;0,7983;0,2908;0,0612;0,8875;0,2727;0,8312;0,5633;0,2966;0,1685;0,5936;0,2034;0,364;0,0993;0,0395;0,409;0,6755
,112,112,112,112,112,113,113,113,113,113,113,113,113,113,113,113,113,113,113,113,113,113,113,113,113,113,113,113,113,113,113,113,113,113,113,113,113,113,114,114,114,114,114,114,114,115,116,116,117,117
Fitness 0,001084665, Gen ;0,8756;0,3647;0,4484;0,5434;0,2222;0,7983;0,2908;0,0612;0,8875;0,2727;0,8312;0,5633;0,2966;0,1685;0,5936;0,2034;0,364;0,0993;0,0395;0,409;0,6755
,91,91,91,91,91,92,92,92,92,92,92,92,92,92,92,92,92,92,92,92,92,92,92,92,92,92,92,92,92,92,92,92,93,93,93,93,93,93,93,93,93,94,94,94,94,95,95,96,96,96
Fitness 0,0008343137, Gen ;0,8756;0,3647;0,4484;0,5434;0,2222;0,7983;0,2908;0,0612;0,8875;0,2727;0,8312;0,5633;0,2966;0,1685;0,5936;0,2034;0,364;0,0993;0,0395;0,409;0,6755
,102,102,102,102,102,102,102,102,102,103,103,103,103,103,103,103,103,103,103,103,103,103,103,103,103,103,103,103,103,103,103,103,103,103,103,103,104,104,104,104,104,104,104,104,104,104,104,105,108,109
Fitness 19,49005, Gen ;0,8756;0,3647;0,4484;0,5434;0,2222;0,7983;0,2908;0,0612;0,8875;0,2727;0,8312;0,5633;0,2966;0,1685;0,5936;0,2034;0,364;0,0993;0,0395;0,409;0,6755
,105,105,106,106,106,106,106,106,106,106,106,106,106,106,106,106,106,106,106,106,106,106,106,106,106,106,106,106,106,106,106,106,106,106,107,107,107,107,107,107,107,107,107,107,107,108,108,108,108,108
Fitness 31,1253, Gen ;0,8756;0,3647;0,4484;0,5434;0,2222;0,7983;0,2908;0,0612;0,8875;0,2727;0,8312;0,5633;0,2966;0,1685;0,5936;0,2034;0,364;0,0993;0,0395;0,409;0,6755
,124,124,124,124,124,124,124,124,124,124,124,124,124,124,125,125,125,125,125,125,125,125,125,125,125,125,125,125,125,125,125,125,125,125,125,125,126,126,126,126,126,126,126,127,127,127,127,128,155,199
Fitness 23,86811, Gen ;0,8756;0,3647;0,4484;0,5434;0,2222;0,7983;0,2908;0,0612;0,8875;0,2727;0,8312;0,5633;0,2966;0,1685;0,5936;0,2034;0,364;0,0993;0,0395;0,409;0,6755
,159,159,159,159,159,160,160,160,160,160,160,160,160,160,160,160,161,161,161,161,161,161,161,161,161,162,162,162,163,163,163,163,164,164,165,165,167,178,178
Fitness 23,48018, Gen ;0,8756;0,3647;0,4484;0,5434;0,2222;0,7983;0,2908;0,0612;0,8875;0,2727;0,8312;0,5633;0,2966;0,1685;0,5936;0,2034;0,364;0,0993;0,0395;0,409;0,6755
,126,126,126,126,127,127,127,127,127,127,127,127,127,127,127,127,127,127,127,127,127,127,127,127,127,127,127,127,127,127,127,127,128,128,128,128,128,128,128,128,128,128,129,129,129,129,129,129,130,130
Fitness 1,869656, Gen ;0,8756;0,3647;0,4484;0,5434;0,2222;0,7983;0,2908;0,0612;0,8875;0,2727;0,8312;0,5633;0,2966;0,1685;0,5936;0,2034;0,364;0,0993;0,0395;0,409;0,6755
,183,183,183,183,183,183,183,183,183,183,183,183,183,183,183,183,183,183,183,183,183,183,183,183,183,183,183,183,183,184,184,184,184,184,184,184,184,184,184,184,184,185,185,185,185,185,185,185,185,185
Fitness 0,0003290218, Gen ;0,8756;0,3647;0,4484;0,5434;0,2222;0,7983;0,2908;0,0612;0,8875;0,2727;0,8312;0,5633;0,2966;0,1685;0,5936;0,2034;0,364;0,0993;0,0395;0,409;0,6755
,101,102,108,108,108,108,108,108,108,108,108,108,109,109,109,109,109,109,109,109,109,109,109,109,109,109,109,109,109,109,110,110,110,110,110,110,110,110,110,110,110,110,110,110,110,110,111,111,111,111
Fitness 13,7205, Gen ;0,8756;0,3647;0,4484;0,5434;0,2222;0,7983;0,2908;0,0612;0,8875;0,2727;0,8312;0,5633;0,2966;0,1685;0,5936;0,2034;0,364;0,0993;0,0395;0,409;0,6755
,117,117,117,118,118,118,118,118,118,118,118,118,118,118,118,118,118,118,118,118,118,118,118,118,118,118,118,118,118,118,118,119,119,119,119,119,119,119,119,119,119,119,119,120,120,120,120,120,121,147
Fitness 1,713584, Gen ;0,8756;0,3647;0,4484;0,5434;0,2222;0,7983;0,2908;0,0612;0,8875;0,2727;0,8312;0,5633;0,2966;0,1685;0,5936;0,2034;0,364;0,0993;0,0395;0,409;0,6755
,120,149,150,151,152,152,155,155,155,155,156,156,156,156,156,156,156,156,156,156,156,157,157,157,157,157,157,157,157,157,157,158,158,158,158,158,159,159,159,159,159,160,160,160,160,160,160,161,161,161
Fitness 21,99845, Gen ;0,8756;0,3647;0,4484;0,5434;0,2222;0,7983;0,2908;0,0612;0,8875;0,2727;0,8312;0,5633;0,2966;0,1685;0,5936;0,2034;0,364;0,0993;0,0395;0,409;0,6755
,87,87,88,88,88,88,88,89,89,90,90,90,90,90,90,90,91,91,91,91,91,91,91,91,91,91,91,92,92,92,92,92,92,92,92,92,92,92,93,93,93,93,93,93,93,93,94,102,105,121
Fitness 10,51681, Gen ;0,8756;0,3647;0,4484;0,5434;0,2222;0,7983;0,2908;0,0612;0,8875;0,2727;0,8312;0,5633;0,2966;0,1685;0,5936;0,2034;0,364;0,0993;0,0395;0,409;0,6755
,193,194,194,194,194,194,194,194,194,194,194,194,194,194,194,194,194,194,195,195,195,195,195,195,195,195,195,195,195,195,195,195,195,195,195,196,196,196,196,196,196,197,197,198,198,198,198,200,200,201
Fitness 5,315622, Gen ;0,8756;0,3647;0,4484;0,5434;0,2222;0,7983;0,2908;0,0612;0,8875;0,2727;0,8312;0,5633;0,2966;0,1685;0,5936;0,2034;0,364;0,0993;0,0395;0,409;0,6755
,122,122,122,122,123,123,123,123,123,123,123,123,123,123,123,123,123,123,123,123,123,123,123,123,123,123,123,123,123,123,123,123,123,123,123,123,124,124,124,124,124,124,124,124,124,124,124,124,125,126
Fitness 21,24376, Gen ;0,8756;0,3647;0,4484;0,5434;0,2222;0,7983;0,2908;0,0612;0,8875;0,2727;0,8312;0,5633;0,2966;0,1685;0,5936;0,2034;0,364;0,0993;0,0395;0,409;0,6755
,99,99,99,99,99,99,99,99,100,100,100,100,100,100,100,100,100,100,100,100,100,100,100,100,100,100,100,100,100,100,100,100,100,100,100,100,100,101,101,101,101,101,101,101,101,102,102,102,103,106
Fitness 0,7036749, Gen ;0,8756;0,3647;0,4484;0,5434;0,2222;0,7983;0,2908;0,0612;0,8875;0,2727;0,8312;0,5633;0,2966;0,1685;0,5936;0,2034;0,364;0,0993;0,0395;0,409;0,6755
,107,107,107,107,107,107,107,107,107,107,107,107,107,107,107,107,107,107,107,107,107,107,107,107,107,107,107,107,107,107,107,107,107,107,108,108,108,108,108,108,108,108,108,108,108,109,109,109,110,110
Fitness 15,39756, Gen ;0,8756;0,3647;0,4484;0,5434;0,2222;0,7983;0,2908;0,0612;0,8875;0,2727;0,8312;0,5633;0,2966;0,1685;0,5936;0,2034;0,364;0,0993;0,0395;0,409;0,6755
,227,227,227,227,228,228,228,228,228,229,229,230,230,230,230,230,230,230,230,230,230,231,231,231,231,231,231,231,231,231,231,232,232,232,232,232,232,232,232,232,232,232,232,233,233,233,233,233,233
Fitness 25,45521, Gen ;0,8756;0,3647;0,4484;0,5434;0,2222;0,7983;0,2908;0,0612;0,8875;0,2727;0,8312;0,5633;0,2966;0,1685;0,5936;0,2034;0,364;0,0993;0,0395;0,409;0,6755
,174,175,175,175,175,175,175,175,175,175,175,175,175,175,175,175,175,175,175,175,175,175,175,175,175,175,175,176,176,176,176,176,176,176,176,176,176,177,177,177,177,177,177,177,177,178,178,178,178,179
Fitness 22,75862, Gen ;0,8756;0,3647;0,4484;0,5434;0,2222;0,7983;0,2908;0,0612;0,8875;0,2727;0,8312;0,5633;0,2966;0,1685;0,5936;0,2034;0,364;0,0993;0,0395;0,409;0,6755
,99,100,100,100,100,100,100,100,100,100,100,100,100,100,100,100,100,100,100,100,100,100,100,100,100,101,101,101,101,101,101,101,101,101,101,101,101,101,101,101,101,102,102,102,103,104,106,117,118,161
Fitness 0,0007088296, Gen ;0,8756;0,3647;0,4484;0,5434;0,2222;0,7983;0,2908;0,0612;0,8875;0,2727;0,8312;0,5633;0,2966;0,1685;0,5936;0,2034;0,364;0,0993;0,0395;0,409;0,6755
,129,129,129,129,129,130,130,130,130,130,130,130,130,130,130,130,130,130,130,130,130,130,130,130,130,130,130,130,130,130,130,130,130,130,131,131,131,131,131,131,131,131,131,131,132,132,132,133,134,136
Fitness 2,433531, Gen ;0,8756;0,3647;0,4484;0,5434;0,2222;0,7983;0,2908;0,0612;0,8875;0,2727;0,8312;0,5633;0,2966;0,1685;0,5936;0,2034;0,364;0,0993;0,0395;0,409;0,6755
,172,173,173,173,173,173,173,173,173,173,174,174,174,174,174,175,175,176,177,178,179,180,181,182,184,184,185,187,187,193
Fitness 8,616186, Gen ;0,8756;0,3647;0,4484;0,5434;0,2222;0,7983;0,2908;0,0612;0,8875;0,2727;0,8312;0,5633;0,2966;0,1685;0,5936;0,2034;0,364;0,0993;0,0395;0,409;0,6755
,108,108,109,109,110,110,111,111,118,119,119,119,119,119,119,120,120,120,120,120,120,120,120,120,121,121,121,121,121,121,121,121,122,122,122,122,122,122,122,122,122,122,123,123,124,124,124,124,144,144
Fitness 12,05277, Gen ;0,8756;0,3647;0,4484;0,5434;0,2222;0,7983;0,2908;0,0612;0,8875;0,2727;0,8312;0,5633;0,2966;0,1685;0,5936;0,2034;0,364;0,0993;0,0395;0,409;0,6755
,141,151,162,162,162,162,162,163,163,163,163,163,164,164,165,165,166,166,167,178,205,205,205,205,206,206,206,206,206,206,206,206,206,206,207,207,207,207,207,207,207,207,207,207,207,207,208,208,209
Fitness 0,0003137121, Gen ;0,8756;0,3647;0,4484;0,5434;0,2222;0,7983;0,2908;0,0612;0,8875;0,2727;0,8312;0,5633;0,2966;0,1685;0,5936;0,2034;0,364;0,0993;0,0395;0,409;0,6755
,89,89,89,89,89,89,89,89,89,89,89,89,90,90,90,90,90,90,90,90,90,90,90,90,90,90,90,90,90,90,90,90,90,90,90,91,91,91,91,91,91,91,92,92,92,92,92,93,93,94
Fitness 11,1267, Gen ;0,8756;0,3647;0,4484;0,5434;0,2222;0,7983;0,2908;0,0612;0,8875;0,2727;0,8312;0,5633;0,2966;0,1685;0,5936;0,2034;0,364;0,0993;0,0395;0,409;0,6755
,91,91,91,91,91,91,91,91,91,91,91,91,91,91,92,92,92,92,92,92,92,92,92,92,92,92,92,92,92,92,92,92,92,92,92,92,92,92,92,93,93,93,93,93,93,93,93,93,94,94
Fitness 0,0009601781, Gen ;0,8756;0,3647;0,4484;0,5434;0,2222;0,7983;0,2908;0,0612;0,8875;0,2727;0,8312;0,5633;0,2966;0,1685;0,5936;0,2034;0,364;0,0993;0,0395;0,409;0,6755
,106,106,106,106,106,106,106,106,106,106,106,106,106,106,106,106,106,106,106,106,106,106,107,107,107,107,107,107,107,107,107,107,107,107,107,107,107,107,107,107,107,107,107,107,107,108,108,108,108,108
Fitness 32,57395, Gen ;0,8756;0,3647;0,4484;0,5434;0,2222;0,7983;0,2908;0,0612;0,8875;0,2727;0,8312;0,5633;0,2966;0,1685;0,5936;0,2034;0,364;0,0993;0,0395;0,409;0,6755
,98,121,121,121,121,121,121,121,121,121,121,121,121,121,121,121,121,121,121,121,121,121,121,121,121,121,122,122,122,122,122,122,122,122,122,122,123,123,123,123,123,123,123,123,123,124,125,127,146,155
Fitness 32,1372, Gen ;0,8756;0,3647;0,4484;0,5434;0,2222;0,7983;0,2908;0,0612;0,8875;0,2727;0,8312;0,5633;0,2966;0,1685;0,5936;0,2034;0,364;0,0993;0,0395;0,409;0,6755
,135,135,135,136,136,136,136,136,136,136,136,136,136,136,136,136,136,136,136,136,136,136,136,136,136,137,137,137,137,137,137,137,137,137,137,137,137,137,137,137,137,137,138,138,138,138,139,139,139,140
Fitness 23,52078, Gen ;0,8756;0,3647;0,4484;0,5434;0,2222;0,7983;0,2908;0,0612;0,8875;0,2727;0,8312;0,5633;0,2966;0,1685;0,5936;0,2034;0,364;0,0993;0,0395;0,409;0,6755
,221,222,223,224,227
Fitness 8,650799, Gen ;0,8756;0,3647;0,4484;0,5434;0,2222;0,7983;0,2908;0,0612;0,8875;0,2727;0,8312;0,5633;0,2966;0,1685;0,5936;0,2034;0,364;0,0993;0,0395;0,409;0,6755
,116,116,116,116,116,116,116,116,116,116,116,116,116,116,116,116,116,116,116,116,117,117,117,117,117,117,117,117,117,117,117,117,117,117,117,117,117,117,117,117,117,118,118,118,118,118,118,118,119,120
Fitness 10,43239, Gen ;0,8756;0,3647;0,4484;0,5434;0,2222;0,7983;0,2908;0,0612;0,8875;0,2727;0,8312;0,5633;0,2966;0,1685;0,5936;0,2034;0,364;0,0993;0,0395;0,409;0,6755
,112,112,112,112,112,112,112,112,112,112,112,112,112,112,112,112,112,112,112,112,112,112,112,112,112,112,112,113,113,113,113,113,113,113,113,113,113,113,114,114,114,114,114,114,114,114,114,115,115,115
Fitness 0,0009532999, Gen ;0,8756;0,3647;0,4484;0,5434;0,2222;0,7983;0,2908;0,0612;0,8875;0,2727;0,8312;0,5633;0,2966;0,1685;0,5936;0,2034;0,364;0,0993;0,0395;0,409;0,6755

Fitness 18,06845, Gen ;0,8756;0,3647;0,4484;0,5434;0,2222;0,7983;0,2908;0,0612;0,8875;0,2727;0,8312;0,5633;0,2966;0,1685;0,5936;0,2034;0,364;0,0993;0,0395;0,409;0,6755
,154,154,154,154,154,155,155,155,155,155,155,155,155,155,155,155,155,155,155,155,155,155,155,155,155,155,155,155,155,155,155,155,156,156,156,156,156,156,156,156,157,157,157,157,157,157,158,158,159,159
Fitness 20,29665, Gen ;0,8756;0,3647;0,4484;0,5434;0,2222;0,7983;0,2908;0,0612;0,8875;0,2727;0,8312;0,5633;0,2966;0,1685;0,5936;0,2034;0,364;0,0993;0,0395;0,409;0,6755
,105,105,106,106,106,106,106,106,106,106,106,106,106,106,106,106,106,106,106,106,106,106,106,106,106,106,107,107,107,107,107,107,107,107,107,107,107,107,107,107,107,108,108,108,108,109,109,110,110,118
Fitness 0,0009043788, Gen ;0,8756;0,3647;0,4484;0,5434;0,2222;0,7983;0,2908;0,0612;0,8875;0,2727;0,8312;0,5633;0,2966;0,1685;0,5936;0,2034;0,364;0,0993;0,0395;0,409;0,6755
,96,96,96,96,96,96,96,96,96,96,96,96,96,96,96,96,97,97,97,97,97,97,97,97,97,97,97,97,97,97,97,97,97,97,97,97,97,97,97,97,97,98,98,98,98,98,98,99,99,99
Fitness 5,656967, Gen ;0,8756;0,3647;0,4484;0,5434;0,2222;0,7983;0,2908;0,0612;0,8875;0,2727;0,8312;0,5633;0,2966;0,1685;0,5936;0,2034;0,364;0,0993;0,0395;0,409;0,6755
,99,99,99,99,99,99,99,100,100,100,100,100,100,100,100,100,100,100,100,100,100,100,100,100,100,100,100,100,100,100,100,100,100,100,100,100,100,100,100,100,101,101,101,101,101,101,102,102,102,102
Fitness 20,11423, Gen ;0,8756;0,3647;0,4484;0,5434;0,2222;0,7983;0,2908;0,0612;0,8875;0,2727;0,8312;0,5633;0,2966;0,1685;0,5936;0,2034;0,364;0,0993;0,0395;0,409;0,6755
,161,161,161,161,161,161,162,162,162,162,162,162,162,162,162,162,162,162,162,162,162,162,162,162,162,162,162,162,162,163,163,163,163,163,163,163,163,163,163,163,164,164,164,164,164,164,165,165,165,166
Fitness 28,83539, Gen ;0,8756;0,3647;0,4484;0,5434;0,2222;0,7983;0,2908;0,0612;0,8875;0,2727;0,8312;0,5633;0,2966;0,1685;0,5936;0,2034;0,364;0,0993;0,0395;0,409;0,6755
,117,117,118,140,140,140,140,140,141,141,141,141,141,141,141,141,141,141,141,141,141,141,141,141,141,141,141,141,141,141,142,142,142,142,142,142,142,142,143,143,143,143,143,143,144,144,144,144,144,149
Fitness 27,0215, Gen ;0,8756;0,3647;0,4484;0,5434;0,2222;0,7983;0,2908;0,0612;0,8875;0,2727;0,8312;0,5633;0,2966;0,1685;0,5936;0,2034;0,364;0,0993;0,0395;0,409;0,6755
,192,192,193,193,193,193,193,193,193,193,193,193,193,193,193,193,193,193,193,193,193,193,193,193,193,193,193,193,193,193,193,194,194,194,194,194,194,194,194,194,194,194,194,194,194,195,195,195,196,197
Fitness 4,286598, Gen ;0,8756;0,3647;0,4484;0,5434;0,2222;0,7983;0,2908;0,0612;0,8875;0,2727;0,8312;0,5633;0,2966;0,1685;0,5936;0,2034;0,364;0,0993;0,0395;0,409;0,6755
,135,135,135,136,136,136,136,136,136,136,136,136,136,136,136,136,136,136,136,136,137,137,137,137,137,137,137,137,137,137,137,137,137,137,137,137,137,137,137,137,137,137,138,138,139,139,140,140,142,142
Fitness 8,336187, Gen ;0,8756;0,3647;0,4484;0,5434;0,2222;0,7983;0,2908;0,0612;0,8875;0,2727;0,8312;0,5633;0,2966;0,1685;0,5936;0,2034;0,364;0,0993;0,0395;0,409;0,6755
,181,182,183,183,184,184,185,185,185,185,185,185,185,186,186,186,186,186,186,186,186,186,186,186,187,187,187,187,187,187,187,187,187,188,188,188,189,189,206,206,206,206,206,207,207,207,208,209,209
Fitness 0,8819537, Gen ;0,8756;0,3647;0,4484;0,5434;0,2222;0,7983;0,2908;0,0612;0,8875;0,2727;0,8312;0,5633;0,2966;0,1685;0,5936;0,2034;0,364;0,0993;0,0395;0,409;0,6755
,142,142,143,143,143,143,143,143,143,143,143,143,143,143,143,143,143,143,143,143,143,143,143,143,143,143,143,143,143,143,143,143,143,143,143,143,143,143,144,144,144,144,144,144,144,144,145,145,145,145
Fitness 9,948764, Gen ;0,8756;0,3647;0,4484;0,5434;0,2222;0,7983;0,2908;0,0612;0,8875;0,2727;0,8312;0,5633;0,2966;0,1685;0,5936;0,2034;0,364;0,0993;0,0395;0,409;0,6755
,116,116,116,116,116,116,116,116,116,116,116,116,116,117,117,117,117,117,117,117,117,117,117,117,117,117,117,117,117,117,117,118,118,118,118,118,118,118,118,118,118,119,119,119,119,119,119,120,121,121
Fitness 0,0004576612, Gen ;0,8756;0,3647;0,4484;0,5434;0,2222;0,7983;0,2908;0,0612;0,8875;0,2727;0,8312;0,5633;0,2966;0,1685;0,5936;0,2034;0,364;0,0993;0,0395;0,409;0,6755
,106,107,107,107,107,107,107,107,107,107,107,107,107,107,107,107,107,107,107,107,107,107,107,107,107,107,107,108,108,108,108,108,108,108,108,108,108,108,108,108,108,108,109,109,110,110,112,113,113,113
Fitness 8,798279, Gen ;0,8756;0,3647;0,4484;0,5434;0,2222;0,7983;0,2908;0,0612;0,8875;0,2727;0,8312;0,5633;0,2966;0,1685;0,5936;0,2034;0,364;0,0993;0,0395;0,409;0,6755
,109,109,109,109,110,110,110,110,110,110,111,111,111,111,111,111,111,111,112,112,112,112,113,113,113,113,113,113,113,113,113,114,114,114,114,114,114,114,114,114,114,114,114,115,115,115,115,115,116,156
Fitness 17,47419, Gen ;0,8756;0,3647;0,4484;0,5434;0,2222;0,7983;0,2908;0,0612;0,8875;0,2727;0,8312;0,5633;0,2966;0,1685;0,5936;0,2034;0,364;0,0993;0,0395;0,409;0,6755
,134,134,134,134,134,134,134,135,135,135,135,135,135,135,135,135,135,135,135,135,135,135,135,135,136,136,136,136,136,137,137,137,137,137,137,137,137,137,137,137,137,138,138,138,138,138,138,138,138,140
Fitness 21,5953, Gen ;0,8756;0,3647;0,4484;0,5434;0,2222;0,7983;0,2908;0,0612;0,8875;0,2727;0,8312;0,5633;0,2966;0,1685;0,5936;0,2034;0,364;0,0993;0,0395;0,409;0,6755
,83,83,83,83,83,83,83,83,83,83,83,84,84,84,84,84,84,84,84,84,84,84,84,84,84,84,84,84,84,84,85,85,85,85,85,85,85,85,85,85,85,85,86,86,86,87,87,87,87,89
Fitness 8,996519, Gen ;0,8756;0,3647;0,4484;0,5434;0,2222;0,7983;0,2908;0,0612;0,8875;0,2727;0,8312;0,5633;0,2966;0,1685;0,5936;0,2034;0,364;0,0993;0,0395;0,409;0,6755
,198,198,198,198,198,198,198,198,199,199,199,199,199,199,199,199,199,199,199,199,199,199,199,199,199,200,200,200,200,200,200,200,200,200,200,200,200,200,200,200,201,201,201,201,201,202,202,202,203,204
Fitness 10,5778, Gen ;0,8756;0,3647;0,4484;0,5434;0,2222;0,7983;0,2908;0,0612;0,8875;0,2727;0,8312;0,5633;0,2966;0,1685;0,5936;0,2034;0,364;0,0993;0,0395;0,409;0,6755
,107,107,107,107,107,107,107,108,108,108,108,108,108,108,108,108,108,108,108,108,108,108,108,108,108,108,108,108,108,108,108,109,109,109,109,109,109,109,109,109,110,110,110,110,110,110,110,111,112,112
Fitness 36,13468, Gen ;0,8756;0,3647;0,4484;0,5434;0,2222;0,7983;0,2908;0,0612;0,8875;0,2727;0,8312;0,5633;0,2966;0,1685;0,5936;0,2034;0,364;0,0993;0,0395;0,409;0,6755
,106,106,106,106,106,106,106,106,106,106,107,107,107,107,107,107,107,107,107,107,107,107,107,107,107,107,107,107,107,108,108,108,108,109,109,109,109,109,110,111,111,111,111,111,111,111,111,112,113,114
Fitness 0,5482651, Gen ;0,8756;0,3647;0,4484;0,5434;0,2222;0,7983;0,2908;0,0612;0,8875;0,2727;0,8312;0,5633;0,2966;0,1685;0,5936;0,2034;0,364;0,0993;0,0395;0,409;0,6755
,125,125,126,126,126,126,126,126,126,126,126,126,126,126,126,126,126,126,126,126,126,126,126,126,127,127,127,127,127,127,127,127,127,127,127,127,127,127,127,127,127,128,128,128,128,128,128,129,129,129
Fitness 21,99077, Gen ;0,8756;0,3647;0,4484;0,5434;0,2222;0,7983;0,2908;0,0612;0,8875;0,2727;0,8312;0,5633;0,2966;0,1685;0,5936;0,2034;0,364;0,0993;0,0395;0,409;0,6755
,110,111,111,111,111,111,111,111,111,111,111,111,111,111,111,111,111,111,111,111,111,111,111,111,111,112,112,112,112,112,112,112,112,112,112,112,112,112,113,113,113,113,113,113,114,114,114,114,114,114
Fitness 21,35643, Gen ;0,8756;0,3647;0,4484;0,5434;0,2222;0,7983;0,2908;0,0612;0,8875;0,2727;0,8312;0,5633;0,2966;0,1685;0,5936;0,2034;0,364;0,0993;0,0395;0,409;0,6755
,145,145,146,146,146,146,146,146,146,146,146,146,146,146,146,146,146,147,147,147,147,147,147,147,147,147,147,147,147,147,147,147,147,147,148,148,148,148,148,148,148,148,149,149,149,149,149,150,151,166
Fitness 14,13597, Gen ;0,8756;0,3647;0,4484;0,5434;0,2222;0,7983;0,2908;0,0612;0,8875;0,2727;0,8312;0,5633;0,2966;0,1685;0,5936;0,2034;0,364;0,0993;0,0395;0,409;0,6755
,119,119,119,119,120,120,120,120,120,120,120,120,120,120,120,120,120,120,120,120,120,120,120,120,120,120,120,120,120,120,120,120,120,120,120,120,120,120,120,121,121,121,121,121,121,121,121,121,121,121
Fitness 20,59134, Gen ;0,8756;0,3647;0,4484;0,5434;0,2222;0,7983;0,2908;0,0612;0,8875;0,2727;0,8312;0,5633;0,2966;0,1685;0,5936;0,2034;0,364;0,0993;0,0395;0,409;0,6755
,95,95,95,95,95,95,95,95,95,95,95,95,95,95,95,95,95,95,95,95,95,96,96,96,96,96,96,96,96,96,96,96,96,96,96,96,96,96,96,96,96,96,96,96,96,96,96,97,97,97
Fitness 5,115904, Gen ;0,8756;0,3647;0,4484;0,5434;0,2222;0,7983;0,2908;0,0612;0,8875;0,2727;0,8312;0,5633;0,2966;0,1685;0,5936;0,2034;0,364;0,0993;0,0395;0,409;0,6755
,85,85,85,85,85,85,85,86,86,86,86,86,87,88,88,88,88,88,88,88,88,88,88,88,88,88,89,89,89,89,89,89,89,89,89,89,89,89,89,89,90,90,90,90,91,91,92,92,92,93
Fitness 17,08551, Gen ;0,8756;0,3647;0,4484;0,5434;0,2222;0,7983;0,2908;0,0612;0,8875;0,2727;0,8312;0,5633;0,2966;0,1685;0,5936;0,2034;0,364;0,0993;0,0395;0,409;0,6755
,116,116,116,116,116,117,117,117,117,117,117,117,117,117,117,118,118,118,118,118,118,118,118,118,118,118,118,119,119,119,119,119,119,119,119,119,119,119,119,119,119,119,119,119,120,120,120,120,121,121
Fitness 29,98741, Gen ;0,8756;0,3647;0,4484;0,5434;0,2222;0,7983;0,2908;0,0612;0,8875;0,2727;0,8312;0,5633;0,2966;0,1685;0,5936;0,2034;0,364;0,0993;0,0395;0,409;0,6755

Fitness 33,50473, Gen ;0,8756;0,3647;0,4484;0,5434;0,2222;0,7983;0,2908;0,0612;0,8875;0,2727;0,8312;0,5633;0,2966;0,1685;0,5936;0,2034;0,364;0,0993;0,0395;0,409;0,6755
,121,122,123,125,125,125,125,126,126,126,126,126,126,126,126,126,126,127,127,127,127,127,127,127,128,128,128,128,128,129,129,129,129,129,129,130,130,130,130,130,130,130,131,131,131,132,132,135,229,229
Fitness 17,4241, Gen ;0,8756;0,3647;0,4484;0,5434;0,2222;0,7983;0,2908;0,0612;0,8875;0,2727;0,8312;0,5633;0,2966;0,1685;0,5936;0,2034;0,364;0,0993;0,0395;0,409;0,6755
,128,128,128,128,128,128,128,128,128,128,128,128,128,128,128,128,128,128,128,128,128,128,129,129,129,129,129,129,129,129,129,129,129,129,129,129,130,130,130,130,130,130,130,130,130,133,221
Fitness 0,0004482205, Gen ;0,8756;0,3647;0,4484;0,5434;0,2222;0,7983;0,2908;0,0612;0,8875;0,2727;0,8312;0,5633;0,2966;0,1685;0,5936;0,2034;0,364;0,0993;0,0395;0,409;0,6755
,114,114,114,114,114,114,114,114,114,114,114,114,114,114,114,114,115,115,115,115,115,115,115,115,115,115,115,115,115,115,115,115,115,115,115,115,115,115,115,115,116,116,116,116,116,116,117,117,117,118
Fitness 0,144485, Gen ;0,8756;0,3647;0,4484;0,5434;0,2222;0,7983;0,2908;0,0612;0,8875;0,2727;0,8312;0,5633;0,2966;0,1685;0,5936;0,2034;0,364;0,0993;0,0395;0,409;0,6755
,107,107,107,107,107,107,108,108,108,108,108,108,108,108,108,108,108,108,108,108,108,108,108,108,108,108,108,108,109,109,109,109,109,109,109,109,109,109,109,109,110,110,110,110,110,111,111,112,112,112
Fitness 0,0004763162, Gen ;0,8756;0,3647;0,4484;0,5434;0,2222;0,7983;0,2908;0,0612;0,8875;0,2727;0,8312;0,5633;0,2966;0,1685;0,5936;0,2034;0,364;0,0993;0,0395;0,409;0,6755
,120,120,120,120,120,121,121,121,121,121,121,121,121,121,121,121,121,121,121,121,121,121,121,121,121,121,121,121,121,121,121,121,121,122,122,122,122,122,122,122,122,122,122,122,122,123,123,123,124,134
Fitness 18,95379, Gen ;0,8756;0,3647;0,4484;0,5434;0,2222;0,7983;0,2908;0,0612;0,8875;0,2727;0,8312;0,5633;0,2966;0,1685;0,5936;0,2034;0,364;0,0993;0,0395;0,409;0,6755
,123,123,123,123,124,124,124,124,124,124,124,124,124,124,124,124,124,124,124,124,124,124,124,124,124,124,124,124,124,124,124,124,125,125,125,125,125,125,125,125,125,125,125,125,126,126,126,126,126,126
Fitness 21,70868, Gen ;0,8756;0,3647;0,4484;0,5434;0,2222;0,7983;0,2908;0,0612;0,8875;0,2727;0,8312;0,5633;0,2966;0,1685;0,5936;0,2034;0,364;0,0993;0,0395;0,409;0,6755
,87,87,88,89,89,89,89,90,90,90,90,90,90,90,90,90,90,90,90,90,90,90,90,90,90,91,91,91,91,91,91,91,91,91,91,91,91,91,91,91,92,92,92,92,92,92,93,96,98,98
Fitness 13,53671, Gen ;0,8756;0,3647;0,4484;0,5434;0,2222;0,7983;0,2908;0,0612;0,8875;0,2727;0,8312;0,5633;0,2966;0,1685;0,5936;0,2034;0,364;0,0993;0,0395;0,409;0,6755
,124,125,125,125,125,125,125,125,125,125,125,125,125,125,125,125,125,125,125,125,125,125,125,125,125,125,125,125,125,125,125,126,126,126,126,126,126,126,126,126,126,126,126,126,127,127,127,127,127,129
Fitness 15,26887, Gen ;0,8756;0,3647;0,4484;0,5434;0,2222;0,7983;0,2908;0,0612;0,8875;0,2727;0,8312;0,5633;0,2966;0,1685;0,5936;0,2034;0,364;0,0993;0,0395;0,409;0,6755
,238
Fitness 30,45972, Gen ;0,8756;0,3647;0,4484;0,5434;0,2222;0,7983;0,2908;0,0612;0,8875;0,2727;0,8312;0,5633;0,2966;0,1685;0,5936;0,2034;0,364;0,0993;0,0395;0,409;0,6755
,85,85,85,85,85,85,85,85,86,86,86,86,86,86,86,86,86,86,86,86,86,86,86,86,86,86,86,86,86,86,86,86,86,86,86,87,87,87,87,87,87,87,87,87,87,87,87,88,88,91
Fitness 14,38991, Gen ;0,8756;0,3647;0,4484;0,5434;0,2222;0,7983;0,2908;0,0612;0,8875;0,2727;0,8312;0,5633;0,2966;0,1685;0,5936;0,2034;0,364;0,0993;0,0395;0,409;0,6755
,151,157,178,178,178,179,179,179,179,179,180,180,180,180,180,180,180,180,180,180,180,180,181,181,181,181,181,181,181,181,181,181,181,181,181,181,181,181,182,182,182,182,182,182,182,183,183,184,185,185
Fitness 0,0008207023, Gen ;0,8756;0,3647;0,4484;0,5434;0,2222;0,7983;0,2908;0,0612;0,8875;0,2727;0,8312;0,5633;0,2966;0,1685;0,5936;0,2034;0,364;0,0993;0,0395;0,409;0,6755
,164,164,164,164,165,165,165,165,165,165,165,165,165,165,165,165,165,165,165,165,165,165,165,165,165,166,166,166,166,166,166,166,166,166,166,166,166,166,166,167,167,167,168,168,168,169,171,171,171,172
Fitness 34,90268, Gen ;0,8756;0,3647;0,4484;0,5434;0,2222;0,7983;0,2908;0,0612;0,8875;0,2727;0,8312;0,5633;0,2966;0,1685;0,5936;0,2034;0,364;0,0993;0,0395;0,409;0,6755
,152,152,152,152,152,152,153,153,153,153,153,153,153,153,153,153,153,153,153,153,153,153,153,153,154,154,154,154,154,154,154,154,154,154,154,155,155,155,155,155,155,155,155,155,155,156,156,156,157,157
Fitness 1,819934, Gen ;0,8756;0,3647;0,4484;0,5434;0,2222;0,7983;0,2908;0,0612;0,8875;0,2727;0,8312;0,5633;0,2966;0,1685;0,5936;0,2034;0,364;0,0993;0,0395;0,409;0,6755
,214,214,214,214,214,215,215,215,215,215,215,215,215,215,215,215,215,215,215,215,215,215,215,215,215,215,215,215,215,215,215,215,215,215,215,215,216,216,216,216,216,216,216,216,216,216,217,217,217,217
Fitness 3,459321, Gen ;0,8756;0,3647;0,4484;0,5434;0,2222;0,7983;0,2908;0,0612;0,8875;0,2727;0,8312;0,5633;0,2966;0,1685;0,5936;0,2034;0,364;0,0993;0,0395;0,409;0,6755
,134,134,134,135,135,135,135,135,135,135,135,135,135,135,135,135,135,135,135,135,135,135,135,135,135,135,135,135,135,135,136,136,136,136,136,136,136,136,136,136,136,136,137,137,137,137,137,138,138,155
Fitness 6,053318, Gen ;0,8756;0,3647;0,4484;0,5434;0,2222;0,7983;0,2908;0,0612;0,8875;0,2727;0,8312;0,5633;0,2966;0,1685;0,5936;0,2034;0,364;0,0993;0,0395;0,409;0,6755
,169,169,170,170,170,170,170,170,170,170,170,170,170,170,170,170,170,170,170,170,170,170,170,170,170,170,170,170,171,171,171,171,171,171,171,171,171,171,171,171,171,171,171,172,172,172,172,173,173,174
Fitness 0,1426138, Gen ;0,8756;0,3647;0,4484;0,5434;0,2222;0,7983;0,2908;0,0612;0,8875;0,2727;0,8312;0,5633;0,2966;0,1685;0,5936;0,2034;0,364;0,0993;0,0395;0,409;0,6755
,125,125,125,125,125,125,125,125,125,125,125,125,126,126,126,126,126,126,126,126,126,126,127,127,127,128,128,129,179,179,179,179,180,180,180,180,180,180,180,180,181,181,181,181,181,181,182,232,233,237
Fitness 7,580951, Gen ;0,8756;0,3647;0,4484;0,5434;0,2222;0,7983;0,2908;0,0612;0,8875;0,2727;0,8312;0,5633;0,2966;0,1685;0,5936;0,2034;0,364;0,0993;0,0395;0,409;0,6755
,133,133,137,137,137,137,137,138,138,138,138,138,138,138,138,138,138,138,138,138,138,138,138,138,138,138,139,139,139,139,139,139,139,139,139,139,139,139,139,139,139,139,139,140,140,140,140,140,144,146
Fitness 3,0976, Gen ;0,8756;0,3647;0,4484;0,5434;0,2222;0,7983;0,2908;0,0612;0,8875;0,2727;0,8312;0,5633;0,2966;0,1685;0,5936;0,2034;0,364;0,0993;0,0395;0,409;0,6755
,100,100,101,101,101,101,101,101,101,101,101,101,101,101,101,101,101,101,101,101,101,101,101,101,101,101,102,102,102,102,102,102,102,102,102,103,103,103,103,103,103,103,103,103,103,103,103,104,104,104
Fitness 0,02524103, Gen ;0,8756;0,3647;0,4484;0,5434;0,2222;0,7983;0,2908;0,0612;0,8875;0,2727;0,8312;0,5633;0,2966;0,1685;0,5936;0,2034;0,364;0,0993;0,0395;0,409;0,6755
,193,193,193,193,193,193,193,193,193,193,193,193,193,193,193,193,193,193,194,194,194,194,194,194,194,194,194,194,194,194,194,194,195,195,195,195,195,195,195,196,196,196,196,196,196,196,197,197,198,209
Fitness 9,080079, Gen ;0,8756;0,3647;0,4484;0,5434;0,2222;0,7983;0,2908;0,0612;0,8875;0,2727;0,8312;0,5633;0,2966;0,1685;0,5936;0,2034;0,364;0,0993;0,0395;0,409;0,6755
,113,113,113,113,113,113,113,113,113,113,113,113,113,113,113,113,113,114,114,114,114,114,114,114,114,114,114,114,114,114,114,114,114,114,114,114,114,114,114,114,115,115,115,115,115,115,115,115,116,150
Fitness 25,80167, Gen ;0,8756;0,3647;0,4484;0,5434;0,2222;0,7983;0,2908;0,0612;0,8875;0,2727;0,8312;0,5633;0,2966;0,1685;0,5936;0,2034;0,364;0,0993;0,0395;0,409;0,6755
,176,176,176,176,177,177,177,177,177,177,177,177,177,177,177,177,177,177,177,177,177,178,178,178,178,178,178,178,178,178,178,178,178,178,178,178,178,178,178,178,178,179,179,179,179,179,180,180,181,181
Fitness 0,4379269, Gen ;0,8756;0,3647;0,4484;0,5434;0,2222;0,7983;0,2908;0,0612;0,8875;0,2727;0,8312;0,5633;0,2966;0,1685;0,5936;0,2034;0,364;0,0993;0,0395;0,409;0,6755
,150,151,151,151,151,151,151,151,151,151,152,152,152,152,152,152,152,152,152,152,152,153,153,154,154,154,154,155,155,156,157,164,168,232,233,233,233,233,233,233,233,234,234,234,234,234,234,235
Fitness 10,30883, Gen ;0,8756;0,3647;0,4484;0,5434;0,2222;0,7983;0,2908;0,0612;0,8875;0,2727;0,8312;0,5633;0,2966;0,1685;0,5936;0,2034;0,364;0,0993;0,0395;0,409;0,6755
,140,141,141,141,141,141,141,141,141,141,141,141,141,141,141,141,141,141,141,141,141,141,141,141,141,141,141,141,141,141,141,141,141,141,141,142,142,142,142,142,142,142,142,142,143,143,143,143,143,144
Fitness 2,211156, Gen ;0,8756;0,3647;0,4484;0,5434;0,2222;0,7983;0,2908;0,0612;0,8875;0,2727;0,8312;0,5633;0,2966;0,1685;0,5936;0,2034;0,364;0,0993;0,0395;0,409;0,6755
,120,120,120,120,120,120,120,120,120,121,121,121,121,121,121,121,121,121,121,121,121,121,121,121,121,121,121,121,121,121,121,121,121,121,121,122,122,122,122,122,122,122,122,123,123,124,125,125,125,125
Fitness 0,0006329242, Gen ;0,8756;0,3647;0,4484;0,5434;0,2222;0,7983;0,2908;0,0612;0,8875;0,2727;0,8312;0,5633;0,2966;0,1685;0,5936;0,2034;0,364;0,0993;0,0395;0,409;0,6755
,116,130,130,130,130,130,130,130,130,130,130,130,131,131,131,131,131,131,131,131,131,131,131,131,131,131,131,131,131,131,131,131,132,132,132,132,132,132,132,133,133,133,133,134,146,211,212,212,212,213
Fitness 9,283519, Gen ;0,8756;0,3647;0,4484;0,5434;0,2222;0,7983;0,2908;0,0612;0,8875;0,2727;0,8312;0,5633;0,2966;0,1685;0,5936;0,2034;0,364;0,0993;0,0395;0,409;0,6755
,91,92,92,92,93,93,93,93,93,93,93,93,93,93,93,93,93,93,93,93,93,93,93,93,93,93,93,93,93,93,93,94,94,94,94,94,94,94,94,94,95,95,95,95,95,95,96,96,96,97
Fitness 15,80166, Gen ;0,8756;0,3647;0,4484;0,5434;0,2222;0,7983;0,2908;0,0612;0,8875;0,2727;0,8312;0,5633;0,2966;0,1685;0,5936;0,2034;0,364;0,0993;0,0395;0,409;0,6755
,104,104,104,104,104,104,104,104,104,104,104,104,104,104,104,104,104,104,104,104,104,104,104,105,105,105,105,105,105,105,105,105,105,105,105,105,105,105,105,105,105,105,105,106,106,106,106,108,110,110
Fitness 0,7627147, Gen ;0,8756;0,3647;0,4484;0,5434;0,2222;0,7983;0,2908;0,0612;0,8875;0,2727;0,8312;0,5633;0,2966;0,1685;0,5936;0,2034;0,364;0,0993;0,0395;0,409;0,6755
,93,93,93,93,93,93,93,93,93,93,93,93,93,93,93,93,93,93,93,93,93,93,93,93,94,94,94,94,94,94,94,94,94,94,94,94,94,94,95,95,95,95,95,95,95,95,95,95,96,96
Fitness 30,66048, Gen ;0,8756;0,3647;0,4484;0,5434;0,2222;0,7983;0,2908;0,0612;0,8875;0,2727;0,8312;0,5633;0,2966;0,1685;0,5936;0,2034;0,364;0,0993;0,0395;0,409;0,6755
,107,107,107,107,108,108,108,108,108,108,108,108,108,108,108,108,108,108,109,109,109,109,109,109,109,109,109,109,109,109,109,109,109,109,109,110,110,110,110,110,110,110,110,110,110,110,111,111,112,112
Fitness 23,22316, Gen ;0,8756;0,3647;0,4484;0,5434;0,2222;0,7983;0,2908;0,0612;0,8875;0,2727;0,8312;0,5633;0,2966;0,1685;0,5936;0,2034;0,364;0,0993;0,0395;0,409;0,6755
,99,99,99,99,99,99,99,99,99,99,99,99,99,99,99,99,99,99,99,99,99,99,99,99,99,99,99,100,100,100,100,100,100,100,100,100,100,100,100,100,101,101,101,101,101,101,101,101,102,102
Fitness 30,93205, Gen ;0,8756;0,3647;0,4484;0,5434;0,2222;0,7983;0,2908;0,0612;0,8875;0,2727;0,8312;0,5633;0,2966;0,1685;0,5936;0,2034;0,364;0,0993;0,0395;0,409;0,6755
,127,127,128,128,128,128,128,128,128,128,128,128,128,128,128,128,128,128,128,128,128,128,128,128,128,128,128,128,128,128,128,128,128,128,128,128,128,128,128,128,128,129,129,129,129,129,129,129,130,136
