	10PopravljenStroembom ovc
	2 AI1 ovcarjev
Fitness 33,5041, Gen ;0,9841;0,3035;0,8274;0,3847;0,4738;0,6257;0,2115;0,2801;0,7264;0,3035;0,9536;0,4199;0,3031;0,4038;0,8691;0,3099;0,3095;0,8886;0,1842;0,6707;0,5165
,90,90,90,90,90,91,91,91,91,91
Fitness 34,61632, Gen ;0,9841;0,3035;0,8274;0,3847;0,4738;0,6257;0,2115;0,2801;0,7264;0,3035;0,9536;0,4199;0,3031;0,4038;0,8691;0,3099;0,3095;0,8886;0,1842;0,6707;0,5165
,127,127,128,128,128,129,129,129,130,161
Fitness 43,13605, Gen ;0,9841;0,3035;0,8274;0,3847;0,4738;0,6257;0,2115;0,2801;0,7264;0,3035;0,9536;0,4199;0,3031;0,4038;0,8691;0,3099;0,3095;0,8886;0,1842;0,6707;0,5165
,122,123,123,123,123,124,124,124,125,125
Fitness 33,96489, Gen ;0,9841;0,3035;0,8274;0,3847;0,4738;0,6257;0,2115;0,2801;0,7264;0,3035;0,9536;0,4199;0,3031;0,4038;0,8691;0,3099;0,3095;0,8886;0,1842;0,6707;0,5165
,120,121,121,121,121,121,121,121,121,121
Fitness 6,931204, Gen ;0,9841;0,3035;0,8274;0,3847;0,4738;0,6257;0,2115;0,2801;0,7264;0,3035;0,9536;0,4199;0,3031;0,4038;0,8691;0,3099;0,3095;0,8886;0,1842;0,6707;0,5165
,98,98,98,98,98,98,99,99,99,99
Fitness 15,71225, Gen ;0,9841;0,3035;0,8274;0,3847;0,4738;0,6257;0,2115;0,2801;0,7264;0,3035;0,9536;0,4199;0,3031;0,4038;0,8691;0,3099;0,3095;0,8886;0,1842;0,6707;0,5165
,85,86,86,86,86,86,86,86,86,86
Fitness 17,07362, Gen ;0,9841;0,3035;0,8274;0,3847;0,4738;0,6257;0,2115;0,2801;0,7264;0,3035;0,9536;0,4199;0,3031;0,4038;0,8691;0,3099;0,3095;0,8886;0,1842;0,6707;0,5165
,216,217,217,217,218,218,218,218,218,219
Fitness 28,64296, Gen ;0,9841;0,3035;0,8274;0,3847;0,4738;0,6257;0,2115;0,2801;0,7264;0,3035;0,9536;0,4199;0,3031;0,4038;0,8691;0,3099;0,3095;0,8886;0,1842;0,6707;0,5165
,78,78,78,78,79,79,79,79,79,79
Fitness 37,06168, Gen ;0,9841;0,3035;0,8274;0,3847;0,4738;0,6257;0,2115;0,2801;0,7264;0,3035;0,9536;0,4199;0,3031;0,4038;0,8691;0,3099;0,3095;0,8886;0,1842;0,6707;0,5165
,102,102,102,102,103,103,103,104,104,104
Fitness 0,1874759, Gen ;0,9841;0,3035;0,8274;0,3847;0,4738;0,6257;0,2115;0,2801;0,7264;0,3035;0,9536;0,4199;0,3031;0,4038;0,8691;0,3099;0,3095;0,8886;0,1842;0,6707;0,5165
,146,146,146,147,147,147,147,147,148,148
Fitness 42,489, Gen ;0,9841;0,3035;0,8274;0,3847;0,4738;0,6257;0,2115;0,2801;0,7264;0,3035;0,9536;0,4199;0,3031;0,4038;0,8691;0,3099;0,3095;0,8886;0,1842;0,6707;0,5165
,202,202,202,202,202,203,203,203,203,204
Fitness 25,91477, Gen ;0,9841;0,3035;0,8274;0,3847;0,4738;0,6257;0,2115;0,2801;0,7264;0,3035;0,9536;0,4199;0,3031;0,4038;0,8691;0,3099;0,3095;0,8886;0,1842;0,6707;0,5165
,85,86,86,86,86,86,86,86,86,87
Fitness 8,002472, Gen ;0,9841;0,3035;0,8274;0,3847;0,4738;0,6257;0,2115;0,2801;0,7264;0,3035;0,9536;0,4199;0,3031;0,4038;0,8691;0,3099;0,3095;0,8886;0,1842;0,6707;0,5165
,134,134,134,134,134,134,134,134,135,135
Fitness 0,5692091, Gen ;0,9841;0,3035;0,8274;0,3847;0,4738;0,6257;0,2115;0,2801;0,7264;0,3035;0,9536;0,4199;0,3031;0,4038;0,8691;0,3099;0,3095;0,8886;0,1842;0,6707;0,5165
,94,94,95,95,95,95,95,95,96,96
Fitness 36,83466, Gen ;0,9841;0,3035;0,8274;0,3847;0,4738;0,6257;0,2115;0,2801;0,7264;0,3035;0,9536;0,4199;0,3031;0,4038;0,8691;0,3099;0,3095;0,8886;0,1842;0,6707;0,5165
,124,125,125,125,125,125,126,126,126,126
Fitness 11,94457, Gen ;0,9841;0,3035;0,8274;0,3847;0,4738;0,6257;0,2115;0,2801;0,7264;0,3035;0,9536;0,4199;0,3031;0,4038;0,8691;0,3099;0,3095;0,8886;0,1842;0,6707;0,5165
,98,98,98,98,98,99,99,100,100,100
Fitness 30,71358, Gen ;0,9841;0,3035;0,8274;0,3847;0,4738;0,6257;0,2115;0,2801;0,7264;0,3035;0,9536;0,4199;0,3031;0,4038;0,8691;0,3099;0,3095;0,8886;0,1842;0,6707;0,5165
,100,101,101,101,101,101,102,102,102,103
Fitness 15,21759, Gen ;0,9841;0,3035;0,8274;0,3847;0,4738;0,6257;0,2115;0,2801;0,7264;0,3035;0,9536;0,4199;0,3031;0,4038;0,8691;0,3099;0,3095;0,8886;0,1842;0,6707;0,5165
,98,98,98,98,99,99,99,99,99,99
Fitness 28,19794, Gen ;0,9841;0,3035;0,8274;0,3847;0,4738;0,6257;0,2115;0,2801;0,7264;0,3035;0,9536;0,4199;0,3031;0,4038;0,8691;0,3099;0,3095;0,8886;0,1842;0,6707;0,5165
,167,168,168,168,169,169,169,169,169,170
Fitness 26,63952, Gen ;0,9841;0,3035;0,8274;0,3847;0,4738;0,6257;0,2115;0,2801;0,7264;0,3035;0,9536;0,4199;0,3031;0,4038;0,8691;0,3099;0,3095;0,8886;0,1842;0,6707;0,5165
,110,136
Fitness 28,56538, Gen ;0,9841;0,3035;0,8274;0,3847;0,4738;0,6257;0,2115;0,2801;0,7264;0,3035;0,9536;0,4199;0,3031;0,4038;0,8691;0,3099;0,3095;0,8886;0,1842;0,6707;0,5165
,151,151,151,151,151,151,152,152,152,152
Fitness 3,559823, Gen ;0,9841;0,3035;0,8274;0,3847;0,4738;0,6257;0,2115;0,2801;0,7264;0,3035;0,9536;0,4199;0,3031;0,4038;0,8691;0,3099;0,3095;0,8886;0,1842;0,6707;0,5165
,115,115,115,116,116,116,116,116,116,117
Fitness 0,002312272, Gen ;0,9841;0,3035;0,8274;0,3847;0,4738;0,6257;0,2115;0,2801;0,7264;0,3035;0,9536;0,4199;0,3031;0,4038;0,8691;0,3099;0,3095;0,8886;0,1842;0,6707;0,5165
,166,167,167,167,167,167,167,167,167,168
Fitness 6,986671, Gen ;0,9841;0,3035;0,8274;0,3847;0,4738;0,6257;0,2115;0,2801;0,7264;0,3035;0,9536;0,4199;0,3031;0,4038;0,8691;0,3099;0,3095;0,8886;0,1842;0,6707;0,5165
,142,143,143,150,200,202,202,202,203,203
Fitness 19,25604, Gen ;0,9841;0,3035;0,8274;0,3847;0,4738;0,6257;0,2115;0,2801;0,7264;0,3035;0,9536;0,4199;0,3031;0,4038;0,8691;0,3099;0,3095;0,8886;0,1842;0,6707;0,5165
,124,189,231,231,232,232,232,232,233,233
Fitness 3,926786, Gen ;0,9841;0,3035;0,8274;0,3847;0,4738;0,6257;0,2115;0,2801;0,7264;0,3035;0,9536;0,4199;0,3031;0,4038;0,8691;0,3099;0,3095;0,8886;0,1842;0,6707;0,5165
,136,167,168,168,168,168,169,169,169,169
Fitness 0,9235438, Gen ;0,9841;0,3035;0,8274;0,3847;0,4738;0,6257;0,2115;0,2801;0,7264;0,3035;0,9536;0,4199;0,3031;0,4038;0,8691;0,3099;0,3095;0,8886;0,1842;0,6707;0,5165
,88,88,88,88,88,88,89,89,89,89
Fitness 0,1009991, Gen ;0,9841;0,3035;0,8274;0,3847;0,4738;0,6257;0,2115;0,2801;0,7264;0,3035;0,9536;0,4199;0,3031;0,4038;0,8691;0,3099;0,3095;0,8886;0,1842;0,6707;0,5165
,105,107,124,124,124,124,124,125,125,126
Fitness 3,890718, Gen ;0,9841;0,3035;0,8274;0,3847;0,4738;0,6257;0,2115;0,2801;0,7264;0,3035;0,9536;0,4199;0,3031;0,4038;0,8691;0,3099;0,3095;0,8886;0,1842;0,6707;0,5165
,83,83,83,84,84,84,84,84,84,85
Fitness 35,21857, Gen ;0,9841;0,3035;0,8274;0,3847;0,4738;0,6257;0,2115;0,2801;0,7264;0,3035;0,9536;0,4199;0,3031;0,4038;0,8691;0,3099;0,3095;0,8886;0,1842;0,6707;0,5165
,109,118,118,118,119,119,120,121,123,173
Fitness 15,78634, Gen ;0,9841;0,3035;0,8274;0,3847;0,4738;0,6257;0,2115;0,2801;0,7264;0,3035;0,9536;0,4199;0,3031;0,4038;0,8691;0,3099;0,3095;0,8886;0,1842;0,6707;0,5165
,139,141,180,181,181,182,182,183,221,223
Fitness 38,52797, Gen ;0,9841;0,3035;0,8274;0,3847;0,4738;0,6257;0,2115;0,2801;0,7264;0,3035;0,9536;0,4199;0,3031;0,4038;0,8691;0,3099;0,3095;0,8886;0,1842;0,6707;0,5165
,99,168,169
Fitness 5,39568, Gen ;0,9841;0,3035;0,8274;0,3847;0,4738;0,6257;0,2115;0,2801;0,7264;0,3035;0,9536;0,4199;0,3031;0,4038;0,8691;0,3099;0,3095;0,8886;0,1842;0,6707;0,5165
,161,162,162,162,162,162,162,163,163,163
Fitness 0,2622381, Gen ;0,9841;0,3035;0,8274;0,3847;0,4738;0,6257;0,2115;0,2801;0,7264;0,3035;0,9536;0,4199;0,3031;0,4038;0,8691;0,3099;0,3095;0,8886;0,1842;0,6707;0,5165
,162,165,165,166,166,229,230,230,230,231
Fitness 0,003865013, Gen ;0,9841;0,3035;0,8274;0,3847;0,4738;0,6257;0,2115;0,2801;0,7264;0,3035;0,9536;0,4199;0,3031;0,4038;0,8691;0,3099;0,3095;0,8886;0,1842;0,6707;0,5165
,80,81,81,81,81,81,81,81,81,82
Fitness 4,761229, Gen ;0,9841;0,3035;0,8274;0,3847;0,4738;0,6257;0,2115;0,2801;0,7264;0,3035;0,9536;0,4199;0,3031;0,4038;0,8691;0,3099;0,3095;0,8886;0,1842;0,6707;0,5165
,115,115,116,116,116,116,116,117,117,119
Fitness 0,1233801, Gen ;0,9841;0,3035;0,8274;0,3847;0,4738;0,6257;0,2115;0,2801;0,7264;0,3035;0,9536;0,4199;0,3031;0,4038;0,8691;0,3099;0,3095;0,8886;0,1842;0,6707;0,5165
,81,81,82,82,82,82,82,82,82,83
Fitness 40,74662, Gen ;0,9841;0,3035;0,8274;0,3847;0,4738;0,6257;0,2115;0,2801;0,7264;0,3035;0,9536;0,4199;0,3031;0,4038;0,8691;0,3099;0,3095;0,8886;0,1842;0,6707;0,5165
,119,119,119,119,119,119,119,119,120,120
Fitness 18,43583, Gen ;0,9841;0,3035;0,8274;0,3847;0,4738;0,6257;0,2115;0,2801;0,7264;0,3035;0,9536;0,4199;0,3031;0,4038;0,8691;0,3099;0,3095;0,8886;0,1842;0,6707;0,5165
,177,177,177,177,178,178,178,178,178,178
Fitness 40,02213, Gen ;0,9841;0,3035;0,8274;0,3847;0,4738;0,6257;0,2115;0,2801;0,7264;0,3035;0,9536;0,4199;0,3031;0,4038;0,8691;0,3099;0,3095;0,8886;0,1842;0,6707;0,5165
,94,95,96,96,96,96,96,96,96,97
Fitness 17,84272, Gen ;0,9841;0,3035;0,8274;0,3847;0,4738;0,6257;0,2115;0,2801;0,7264;0,3035;0,9536;0,4199;0,3031;0,4038;0,8691;0,3099;0,3095;0,8886;0,1842;0,6707;0,5165
,85,85,85,85,85,85,85,85,86,86
Fitness 2,491674, Gen ;0,9841;0,3035;0,8274;0,3847;0,4738;0,6257;0,2115;0,2801;0,7264;0,3035;0,9536;0,4199;0,3031;0,4038;0,8691;0,3099;0,3095;0,8886;0,1842;0,6707;0,5165
,88,89,89,89,89,89,90,90,90,90
Fitness 30,20057, Gen ;0,9841;0,3035;0,8274;0,3847;0,4738;0,6257;0,2115;0,2801;0,7264;0,3035;0,9536;0,4199;0,3031;0,4038;0,8691;0,3099;0,3095;0,8886;0,1842;0,6707;0,5165
,98,98,99,99,99,99,100,100,101,132
Fitness 37,37017, Gen ;0,9841;0,3035;0,8274;0,3847;0,4738;0,6257;0,2115;0,2801;0,7264;0,3035;0,9536;0,4199;0,3031;0,4038;0,8691;0,3099;0,3095;0,8886;0,1842;0,6707;0,5165
,175,176,176,176,176,176,176,176,176,176
Fitness 34,5906, Gen ;0,9841;0,3035;0,8274;0,3847;0,4738;0,6257;0,2115;0,2801;0,7264;0,3035;0,9536;0,4199;0,3031;0,4038;0,8691;0,3099;0,3095;0,8886;0,1842;0,6707;0,5165
,98,109,110,167,170,171,179,180,187,188
Fitness 16,40412, Gen ;0,9841;0,3035;0,8274;0,3847;0,4738;0,6257;0,2115;0,2801;0,7264;0,3035;0,9536;0,4199;0,3031;0,4038;0,8691;0,3099;0,3095;0,8886;0,1842;0,6707;0,5165
,194,230
Fitness 2,698203, Gen ;0,9841;0,3035;0,8274;0,3847;0,4738;0,6257;0,2115;0,2801;0,7264;0,3035;0,9536;0,4199;0,3031;0,4038;0,8691;0,3099;0,3095;0,8886;0,1842;0,6707;0,5165
,102,103,103,103,103,103,103,103,104,105
Fitness 2,41422, Gen ;0,9841;0,3035;0,8274;0,3847;0,4738;0,6257;0,2115;0,2801;0,7264;0,3035;0,9536;0,4199;0,3031;0,4038;0,8691;0,3099;0,3095;0,8886;0,1842;0,6707;0,5165
,192,193,193,193,193,193,193,194,194,194
Fitness 0,00210838, Gen ;0,9841;0,3035;0,8274;0,3847;0,4738;0,6257;0,2115;0,2801;0,7264;0,3035;0,9536;0,4199;0,3031;0,4038;0,8691;0,3099;0,3095;0,8886;0,1842;0,6707;0,5165
,119,120,120,120,120,120,121,121,122,122
Fitness 25,4767, Gen ;0,9841;0,3035;0,8274;0,3847;0,4738;0,6257;0,2115;0,2801;0,7264;0,3035;0,9536;0,4199;0,3031;0,4038;0,8691;0,3099;0,3095;0,8886;0,1842;0,6707;0,5165
,193,193,194,194,194,194,194,195,195,196
Fitness 1,092807, Gen ;0,9841;0,3035;0,8274;0,3847;0,4738;0,6257;0,2115;0,2801;0,7264;0,3035;0,9536;0,4199;0,3031;0,4038;0,8691;0,3099;0,3095;0,8886;0,1842;0,6707;0,5165
,90,91,91,91,92,92,92,92,93,93
Fitness 16,90271, Gen ;0,9841;0,3035;0,8274;0,3847;0,4738;0,6257;0,2115;0,2801;0,7264;0,3035;0,9536;0,4199;0,3031;0,4038;0,8691;0,3099;0,3095;0,8886;0,1842;0,6707;0,5165
,110,111,111,111,112,112,112,112,112,112
Fitness 0,9913571, Gen ;0,9841;0,3035;0,8274;0,3847;0,4738;0,6257;0,2115;0,2801;0,7264;0,3035;0,9536;0,4199;0,3031;0,4038;0,8691;0,3099;0,3095;0,8886;0,1842;0,6707;0,5165
,134,187,188,188,188,188,189,189,189,190
Fitness 32,60742, Gen ;0,9841;0,3035;0,8274;0,3847;0,4738;0,6257;0,2115;0,2801;0,7264;0,3035;0,9536;0,4199;0,3031;0,4038;0,8691;0,3099;0,3095;0,8886;0,1842;0,6707;0,5165
,200,200,201,202,204,205,205,205,205
Fitness 21,2973, Gen ;0,9841;0,3035;0,8274;0,3847;0,4738;0,6257;0,2115;0,2801;0,7264;0,3035;0,9536;0,4199;0,3031;0,4038;0,8691;0,3099;0,3095;0,8886;0,1842;0,6707;0,5165
,89,89,89,90,90,90,90,90,90,90
Fitness 1,52241, Gen ;0,9841;0,3035;0,8274;0,3847;0,4738;0,6257;0,2115;0,2801;0,7264;0,3035;0,9536;0,4199;0,3031;0,4038;0,8691;0,3099;0,3095;0,8886;0,1842;0,6707;0,5165
,59,60,60,61,61,61,61,61,61,62
Fitness 0,004733987, Gen ;0,9841;0,3035;0,8274;0,3847;0,4738;0,6257;0,2115;0,2801;0,7264;0,3035;0,9536;0,4199;0,3031;0,4038;0,8691;0,3099;0,3095;0,8886;0,1842;0,6707;0,5165
,116,116,116,116,117,117,117,117,117,117
Fitness 34,21864, Gen ;0,9841;0,3035;0,8274;0,3847;0,4738;0,6257;0,2115;0,2801;0,7264;0,3035;0,9536;0,4199;0,3031;0,4038;0,8691;0,3099;0,3095;0,8886;0,1842;0,6707;0,5165
,85,86,86,86,86,86,87,87,87,87
Fitness 58,08622, Gen ;0,9841;0,3035;0,8274;0,3847;0,4738;0,6257;0,2115;0,2801;0,7264;0,3035;0,9536;0,4199;0,3031;0,4038;0,8691;0,3099;0,3095;0,8886;0,1842;0,6707;0,5165
,69,70,70,70,70,70,70,70,70,70
Fitness 18,95752, Gen ;0,9841;0,3035;0,8274;0,3847;0,4738;0,6257;0,2115;0,2801;0,7264;0,3035;0,9536;0,4199;0,3031;0,4038;0,8691;0,3099;0,3095;0,8886;0,1842;0,6707;0,5165
,90,90,90,90,91,91,91,91,92,92
Fitness 36,8133, Gen ;0,9841;0,3035;0,8274;0,3847;0,4738;0,6257;0,2115;0,2801;0,7264;0,3035;0,9536;0,4199;0,3031;0,4038;0,8691;0,3099;0,3095;0,8886;0,1842;0,6707;0,5165
,192,192,192,193,193,193,193,194,194,195
Fitness 49,79961, Gen ;0,9841;0,3035;0,8274;0,3847;0,4738;0,6257;0,2115;0,2801;0,7264;0,3035;0,9536;0,4199;0,3031;0,4038;0,8691;0,3099;0,3095;0,8886;0,1842;0,6707;0,5165
,89,98,98,98,99,99,99,99,99,99
Fitness 33,56906, Gen ;0,9841;0,3035;0,8274;0,3847;0,4738;0,6257;0,2115;0,2801;0,7264;0,3035;0,9536;0,4199;0,3031;0,4038;0,8691;0,3099;0,3095;0,8886;0,1842;0,6707;0,5165
,103,103,104,104,104,104,104,105,105,105
Fitness 1,04413, Gen ;0,9841;0,3035;0,8274;0,3847;0,4738;0,6257;0,2115;0,2801;0,7264;0,3035;0,9536;0,4199;0,3031;0,4038;0,8691;0,3099;0,3095;0,8886;0,1842;0,6707;0,5165
,121,174,174,174,174,174,174,174,174,175
Fitness 28,72622, Gen ;0,9841;0,3035;0,8274;0,3847;0,4738;0,6257;0,2115;0,2801;0,7264;0,3035;0,9536;0,4199;0,3031;0,4038;0,8691;0,3099;0,3095;0,8886;0,1842;0,6707;0,5165
,163,163,163,163,163,164,164,164,164,164
Fitness 25,13258, Gen ;0,9841;0,3035;0,8274;0,3847;0,4738;0,6257;0,2115;0,2801;0,7264;0,3035;0,9536;0,4199;0,3031;0,4038;0,8691;0,3099;0,3095;0,8886;0,1842;0,6707;0,5165
,98,98,98,98,98,98,99,99,99,99
Fitness 3,127705, Gen ;0,9841;0,3035;0,8274;0,3847;0,4738;0,6257;0,2115;0,2801;0,7264;0,3035;0,9536;0,4199;0,3031;0,4038;0,8691;0,3099;0,3095;0,8886;0,1842;0,6707;0,5165
,89,89,89,89,89,90,90,90,90,91
Fitness 4,503386, Gen ;0,9841;0,3035;0,8274;0,3847;0,4738;0,6257;0,2115;0,2801;0,7264;0,3035;0,9536;0,4199;0,3031;0,4038;0,8691;0,3099;0,3095;0,8886;0,1842;0,6707;0,5165
,187
Fitness 28,66044, Gen ;0,9841;0,3035;0,8274;0,3847;0,4738;0,6257;0,2115;0,2801;0,7264;0,3035;0,9536;0,4199;0,3031;0,4038;0,8691;0,3099;0,3095;0,8886;0,1842;0,6707;0,5165
,128,128,129,129,129,129,130,130,130,130
Fitness 34,2821, Gen ;0,9841;0,3035;0,8274;0,3847;0,4738;0,6257;0,2115;0,2801;0,7264;0,3035;0,9536;0,4199;0,3031;0,4038;0,8691;0,3099;0,3095;0,8886;0,1842;0,6707;0,5165
,106,106,106,106,107,107,107,107,107,107
Fitness 0,003305977, Gen ;0,9841;0,3035;0,8274;0,3847;0,4738;0,6257;0,2115;0,2801;0,7264;0,3035;0,9536;0,4199;0,3031;0,4038;0,8691;0,3099;0,3095;0,8886;0,1842;0,6707;0,5165
,104,104,104,104,104,104,104,104,105,105
Fitness 13,69169, Gen ;0,9841;0,3035;0,8274;0,3847;0,4738;0,6257;0,2115;0,2801;0,7264;0,3035;0,9536;0,4199;0,3031;0,4038;0,8691;0,3099;0,3095;0,8886;0,1842;0,6707;0,5165
,65,66,66,66,66,66,66,66,76,76
Fitness 24,01446, Gen ;0,9841;0,3035;0,8274;0,3847;0,4738;0,6257;0,2115;0,2801;0,7264;0,3035;0,9536;0,4199;0,3031;0,4038;0,8691;0,3099;0,3095;0,8886;0,1842;0,6707;0,5165
,114,131,131,132,132,132,132,132,132,132
Fitness 25,15528, Gen ;0,9841;0,3035;0,8274;0,3847;0,4738;0,6257;0,2115;0,2801;0,7264;0,3035;0,9536;0,4199;0,3031;0,4038;0,8691;0,3099;0,3095;0,8886;0,1842;0,6707;0,5165
,173,174,174,174,174,175,175,175,176,176
Fitness 47,05371, Gen ;0,9841;0,3035;0,8274;0,3847;0,4738;0,6257;0,2115;0,2801;0,7264;0,3035;0,9536;0,4199;0,3031;0,4038;0,8691;0,3099;0,3095;0,8886;0,1842;0,6707;0,5165
,92,92,92,92,93,93,93,93,93,95
Fitness 12,95491, Gen ;0,9841;0,3035;0,8274;0,3847;0,4738;0,6257;0,2115;0,2801;0,7264;0,3035;0,9536;0,4199;0,3031;0,4038;0,8691;0,3099;0,3095;0,8886;0,1842;0,6707;0,5165
,97,98,98,98,98,98,98,98,99,99
Fitness 2,749104, Gen ;0,9841;0,3035;0,8274;0,3847;0,4738;0,6257;0,2115;0,2801;0,7264;0,3035;0,9536;0,4199;0,3031;0,4038;0,8691;0,3099;0,3095;0,8886;0,1842;0,6707;0,5165
,117,117,117,117,117,118,118,118,119,119
Fitness 31,7175, Gen ;0,9841;0,3035;0,8274;0,3847;0,4738;0,6257;0,2115;0,2801;0,7264;0,3035;0,9536;0,4199;0,3031;0,4038;0,8691;0,3099;0,3095;0,8886;0,1842;0,6707;0,5165
,109,218,218,218,218,218,219,219,219,220
Fitness 28,91856, Gen ;0,9841;0,3035;0,8274;0,3847;0,4738;0,6257;0,2115;0,2801;0,7264;0,3035;0,9536;0,4199;0,3031;0,4038;0,8691;0,3099;0,3095;0,8886;0,1842;0,6707;0,5165
,214,214,214,215,215,215,215,215,216,217
Fitness 18,29533, Gen ;0,9841;0,3035;0,8274;0,3847;0,4738;0,6257;0,2115;0,2801;0,7264;0,3035;0,9536;0,4199;0,3031;0,4038;0,8691;0,3099;0,3095;0,8886;0,1842;0,6707;0,5165
,134,177,177,178,179
Fitness 0,2222985, Gen ;0,9841;0,3035;0,8274;0,3847;0,4738;0,6257;0,2115;0,2801;0,7264;0,3035;0,9536;0,4199;0,3031;0,4038;0,8691;0,3099;0,3095;0,8886;0,1842;0,6707;0,5165
,190,191,191,191,192,192,192,192,192,192
Fitness 0,2213281, Gen ;0,9841;0,3035;0,8274;0,3847;0,4738;0,6257;0,2115;0,2801;0,7264;0,3035;0,9536;0,4199;0,3031;0,4038;0,8691;0,3099;0,3095;0,8886;0,1842;0,6707;0,5165
,224
Fitness 0,002703902, Gen ;0,9841;0,3035;0,8274;0,3847;0,4738;0,6257;0,2115;0,2801;0,7264;0,3035;0,9536;0,4199;0,3031;0,4038;0,8691;0,3099;0,3095;0,8886;0,1842;0,6707;0,5165
,90,90,90,91,91,91,91,91,91,92
Fitness 1,197786, Gen ;0,9841;0,3035;0,8274;0,3847;0,4738;0,6257;0,2115;0,2801;0,7264;0,3035;0,9536;0,4199;0,3031;0,4038;0,8691;0,3099;0,3095;0,8886;0,1842;0,6707;0,5165
,88,89,89,89,89,89,89,90,90,90
Fitness 0,003178864, Gen ;0,9841;0,3035;0,8274;0,3847;0,4738;0,6257;0,2115;0,2801;0,7264;0,3035;0,9536;0,4199;0,3031;0,4038;0,8691;0,3099;0,3095;0,8886;0,1842;0,6707;0,5165
,79,79,80,80,80,80,80,80,81,81
Fitness 33,43131, Gen ;0,9841;0,3035;0,8274;0,3847;0,4738;0,6257;0,2115;0,2801;0,7264;0,3035;0,9536;0,4199;0,3031;0,4038;0,8691;0,3099;0,3095;0,8886;0,1842;0,6707;0,5165
,127,127,128,128,128,128,129,129,129,153
Fitness 34,50875, Gen ;0,9841;0,3035;0,8274;0,3847;0,4738;0,6257;0,2115;0,2801;0,7264;0,3035;0,9536;0,4199;0,3031;0,4038;0,8691;0,3099;0,3095;0,8886;0,1842;0,6707;0,5165
,100,100,100,101,101,101,101,101,101,118
Fitness 41,16832, Gen ;0,9841;0,3035;0,8274;0,3847;0,4738;0,6257;0,2115;0,2801;0,7264;0,3035;0,9536;0,4199;0,3031;0,4038;0,8691;0,3099;0,3095;0,8886;0,1842;0,6707;0,5165
,122,122,122,123,123,123,123,123,123,123
Fitness 8,434525, Gen ;0,9841;0,3035;0,8274;0,3847;0,4738;0,6257;0,2115;0,2801;0,7264;0,3035;0,9536;0,4199;0,3031;0,4038;0,8691;0,3099;0,3095;0,8886;0,1842;0,6707;0,5165
,106,106,106,106,106,107,107,107,107,107
Fitness 20,92629, Gen ;0,9841;0,3035;0,8274;0,3847;0,4738;0,6257;0,2115;0,2801;0,7264;0,3035;0,9536;0,4199;0,3031;0,4038;0,8691;0,3099;0,3095;0,8886;0,1842;0,6707;0,5165
,188,188,189,189,189,190,190,190,190,190
Fitness 16,27684, Gen ;0,9841;0,3035;0,8274;0,3847;0,4738;0,6257;0,2115;0,2801;0,7264;0,3035;0,9536;0,4199;0,3031;0,4038;0,8691;0,3099;0,3095;0,8886;0,1842;0,6707;0,5165
,56,56,56,57,57,57,57,57,57,57
Fitness 24,09478, Gen ;0,9841;0,3035;0,8274;0,3847;0,4738;0,6257;0,2115;0,2801;0,7264;0,3035;0,9536;0,4199;0,3031;0,4038;0,8691;0,3099;0,3095;0,8886;0,1842;0,6707;0,5165
,103,103,103,103,103,103,104,104,104,104
Fitness 1,329006, Gen ;0,9841;0,3035;0,8274;0,3847;0,4738;0,6257;0,2115;0,2801;0,7264;0,3035;0,9536;0,4199;0,3031;0,4038;0,8691;0,3099;0,3095;0,8886;0,1842;0,6707;0,5165
,172,172,172,173,173,173,173,173,174,174
Fitness 62,27863, Gen ;0,9841;0,3035;0,8274;0,3847;0,4738;0,6257;0,2115;0,2801;0,7264;0,3035;0,9536;0,4199;0,3031;0,4038;0,8691;0,3099;0,3095;0,8886;0,1842;0,6707;0,5165
,98,156,220,221,221,222,223,224
Fitness 25,70191, Gen ;0,9841;0,3035;0,8274;0,3847;0,4738;0,6257;0,2115;0,2801;0,7264;0,3035;0,9536;0,4199;0,3031;0,4038;0,8691;0,3099;0,3095;0,8886;0,1842;0,6707;0,5165
,108,112,117,117,117,117,118,118,118,119
Fitness 3,012324, Gen ;0,9841;0,3035;0,8274;0,3847;0,4738;0,6257;0,2115;0,2801;0,7264;0,3035;0,9536;0,4199;0,3031;0,4038;0,8691;0,3099;0,3095;0,8886;0,1842;0,6707;0,5165
,159,160,160,160,160,161,175,175,229,229
Fitness 0,002184216, Gen ;0,9841;0,3035;0,8274;0,3847;0,4738;0,6257;0,2115;0,2801;0,7264;0,3035;0,9536;0,4199;0,3031;0,4038;0,8691;0,3099;0,3095;0,8886;0,1842;0,6707;0,5165
,114,114,115,115,115,115,115,116,116,117
Fitness 18,53735, Gen ;0,9841;0,3035;0,8274;0,3847;0,4738;0,6257;0,2115;0,2801;0,7264;0,3035;0,9536;0,4199;0,3031;0,4038;0,8691;0,3099;0,3095;0,8886;0,1842;0,6707;0,5165
,101,101,101,101,101,101,101,102,102,102
Fitness 0,1595864, Gen ;0,9841;0,3035;0,8274;0,3847;0,4738;0,6257;0,2115;0,2801;0,7264;0,3035;0,9536;0,4199;0,3031;0,4038;0,8691;0,3099;0,3095;0,8886;0,1842;0,6707;0,5165
,168,168,169,169,169,169,169,170,171,171
Fitness 19,2847, Gen ;0,9841;0,3035;0,8274;0,3847;0,4738;0,6257;0,2115;0,2801;0,7264;0,3035;0,9536;0,4199;0,3031;0,4038;0,8691;0,3099;0,3095;0,8886;0,1842;0,6707;0,5165
,114,115,115,115,116,116,116,116,117,117
