	10PopravljenStroembom ovc
	1 AI1 ovcarjev
Fitness 1,130449, Gen ;0,8722;0,4481;0,6348;0,514;0,6462;0,3586;0,1531;0,3733;0,9186;0,728;0,676;0,9926;0,1897;0,2005;0,7143;0,5619;0,7841;0,1109;0,7166;0,1587;0,4278

Fitness 1,41336, Gen ;0,8722;0,4481;0,6348;0,514;0,6462;0,3586;0,1531;0,3733;0,9186;0,728;0,676;0,9926;0,1897;0,2005;0,7143;0,5619;0,7841;0,1109;0,7166;0,1587;0,4278

Fitness 5,334401, Gen ;0,8722;0,4481;0,6348;0,514;0,6462;0,3586;0,1531;0,3733;0,9186;0,728;0,676;0,9926;0,1897;0,2005;0,7143;0,5619;0,7841;0,1109;0,7166;0,1587;0,4278
,170,170,171,171,171,172,172,172,173,173
Fitness 0,001304299, Gen ;0,8722;0,4481;0,6348;0,514;0,6462;0,3586;0,1531;0,3733;0,9186;0,728;0,676;0,9926;0,1897;0,2005;0,7143;0,5619;0,7841;0,1109;0,7166;0,1587;0,4278

Fitness 0,001373545, Gen ;0,8722;0,4481;0,6348;0,514;0,6462;0,3586;0,1531;0,3733;0,9186;0,728;0,676;0,9926;0,1897;0,2005;0,7143;0,5619;0,7841;0,1109;0,7166;0,1587;0,4278

Fitness 0,1038331, Gen ;0,8722;0,4481;0,6348;0,514;0,6462;0,3586;0,1531;0,3733;0,9186;0,728;0,676;0,9926;0,1897;0,2005;0,7143;0,5619;0,7841;0,1109;0,7166;0,1587;0,4278

Fitness 0,0009468857, Gen ;0,8722;0,4481;0,6348;0,514;0,6462;0,3586;0,1531;0,3733;0,9186;0,728;0,676;0,9926;0,1897;0,2005;0,7143;0,5619;0,7841;0,1109;0,7166;0,1587;0,4278
,105,105,105,105,105,105,105,105,106,106
Fitness 0,001237539, Gen ;0,8722;0,4481;0,6348;0,514;0,6462;0,3586;0,1531;0,3733;0,9186;0,728;0,676;0,9926;0,1897;0,2005;0,7143;0,5619;0,7841;0,1109;0,7166;0,1587;0,4278

Fitness 0,001161864, Gen ;0,8722;0,4481;0,6348;0,514;0,6462;0,3586;0,1531;0,3733;0,9186;0,728;0,676;0,9926;0,1897;0,2005;0,7143;0,5619;0,7841;0,1109;0,7166;0,1587;0,4278

Fitness 14,47308, Gen ;0,8722;0,4481;0,6348;0,514;0,6462;0,3586;0,1531;0,3733;0,9186;0,728;0,676;0,9926;0,1897;0,2005;0,7143;0,5619;0,7841;0,1109;0,7166;0,1587;0,4278
,115,115,115,116,116,116,116,117,118,118
Fitness 0,001189626, Gen ;0,8722;0,4481;0,6348;0,514;0,6462;0,3586;0,1531;0,3733;0,9186;0,728;0,676;0,9926;0,1897;0,2005;0,7143;0,5619;0,7841;0,1109;0,7166;0,1587;0,4278

Fitness 0,001567329, Gen ;0,8722;0,4481;0,6348;0,514;0,6462;0,3586;0,1531;0,3733;0,9186;0,728;0,676;0,9926;0,1897;0,2005;0,7143;0,5619;0,7841;0,1109;0,7166;0,1587;0,4278

Fitness 8,566212, Gen ;0,8722;0,4481;0,6348;0,514;0,6462;0,3586;0,1531;0,3733;0,9186;0,728;0,676;0,9926;0,1897;0,2005;0,7143;0,5619;0,7841;0,1109;0,7166;0,1587;0,4278

Fitness 0,001792007, Gen ;0,8722;0,4481;0,6348;0,514;0,6462;0,3586;0,1531;0,3733;0,9186;0,728;0,676;0,9926;0,1897;0,2005;0,7143;0,5619;0,7841;0,1109;0,7166;0,1587;0,4278
,146,147,147,147,147,147,147,147,148,148
Fitness 0,002302236, Gen ;0,8722;0,4481;0,6348;0,514;0,6462;0,3586;0,1531;0,3733;0,9186;0,728;0,676;0,9926;0,1897;0,2005;0,7143;0,5619;0,7841;0,1109;0,7166;0,1587;0,4278

Fitness 0,001810229, Gen ;0,8722;0,4481;0,6348;0,514;0,6462;0,3586;0,1531;0,3733;0,9186;0,728;0,676;0,9926;0,1897;0,2005;0,7143;0,5619;0,7841;0,1109;0,7166;0,1587;0,4278
,106,117,118,118,118,119,119,119,119,119
Fitness 1,261049, Gen ;0,8722;0,4481;0,6348;0,514;0,6462;0,3586;0,1531;0,3733;0,9186;0,728;0,676;0,9926;0,1897;0,2005;0,7143;0,5619;0,7841;0,1109;0,7166;0,1587;0,4278

Fitness 0,002176091, Gen ;0,8722;0,4481;0,6348;0,514;0,6462;0,3586;0,1531;0,3733;0,9186;0,728;0,676;0,9926;0,1897;0,2005;0,7143;0,5619;0,7841;0,1109;0,7166;0,1587;0,4278
,128,128,145,145,145,145,146,146,146,150
Fitness 8,158311, Gen ;0,8722;0,4481;0,6348;0,514;0,6462;0,3586;0,1531;0,3733;0,9186;0,728;0,676;0,9926;0,1897;0,2005;0,7143;0,5619;0,7841;0,1109;0,7166;0,1587;0,4278
,175
Fitness 0,001471825, Gen ;0,8722;0,4481;0,6348;0,514;0,6462;0,3586;0,1531;0,3733;0,9186;0,728;0,676;0,9926;0,1897;0,2005;0,7143;0,5619;0,7841;0,1109;0,7166;0,1587;0,4278

Fitness 1,281971, Gen ;0,8722;0,4481;0,6348;0,514;0,6462;0,3586;0,1531;0,3733;0,9186;0,728;0,676;0,9926;0,1897;0,2005;0,7143;0,5619;0,7841;0,1109;0,7166;0,1587;0,4278
,142,142,143,143,143,143,143,144,144,144
Fitness 0,002109811, Gen ;0,8722;0,4481;0,6348;0,514;0,6462;0,3586;0,1531;0,3733;0,9186;0,728;0,676;0,9926;0,1897;0,2005;0,7143;0,5619;0,7841;0,1109;0,7166;0,1587;0,4278
,134,135,135,135,135,135,136,136,136,136
Fitness 0,0009237741, Gen ;0,8722;0,4481;0,6348;0,514;0,6462;0,3586;0,1531;0,3733;0,9186;0,728;0,676;0,9926;0,1897;0,2005;0,7143;0,5619;0,7841;0,1109;0,7166;0,1587;0,4278
,80,80,81,81,81,81,81,81,82,82
Fitness 1,718142, Gen ;0,8722;0,4481;0,6348;0,514;0,6462;0,3586;0,1531;0,3733;0,9186;0,728;0,676;0,9926;0,1897;0,2005;0,7143;0,5619;0,7841;0,1109;0,7166;0,1587;0,4278
,168,168,168,168,168,168,169,169,169,170
Fitness 3,062667, Gen ;0,8722;0,4481;0,6348;0,514;0,6462;0,3586;0,1531;0,3733;0,9186;0,728;0,676;0,9926;0,1897;0,2005;0,7143;0,5619;0,7841;0,1109;0,7166;0,1587;0,4278
,91,92,92,92,92,92,93,93,93,93
Fitness 33,97019, Gen ;0,8722;0,4481;0,6348;0,514;0,6462;0,3586;0,1531;0,3733;0,9186;0,728;0,676;0,9926;0,1897;0,2005;0,7143;0,5619;0,7841;0,1109;0,7166;0,1587;0,4278

Fitness 0,1292787, Gen ;0,8722;0,4481;0,6348;0,514;0,6462;0,3586;0,1531;0,3733;0,9186;0,728;0,676;0,9926;0,1897;0,2005;0,7143;0,5619;0,7841;0,1109;0,7166;0,1587;0,4278
,123,124,124,125,132,132,133,136,140
Fitness 23,46675, Gen ;0,8722;0,4481;0,6348;0,514;0,6462;0,3586;0,1531;0,3733;0,9186;0,728;0,676;0,9926;0,1897;0,2005;0,7143;0,5619;0,7841;0,1109;0,7166;0,1587;0,4278
,89,89,90,94,94,94,97,98,100,100
Fitness 0,0009795822, Gen ;0,8722;0,4481;0,6348;0,514;0,6462;0,3586;0,1531;0,3733;0,9186;0,728;0,676;0,9926;0,1897;0,2005;0,7143;0,5619;0,7841;0,1109;0,7166;0,1587;0,4278
,114,115,115,115,116,116,116,117,117,117
Fitness 0,002604986, Gen ;0,8722;0,4481;0,6348;0,514;0,6462;0,3586;0,1531;0,3733;0,9186;0,728;0,676;0,9926;0,1897;0,2005;0,7143;0,5619;0,7841;0,1109;0,7166;0,1587;0,4278

Fitness 19,41908, Gen ;0,8722;0,4481;0,6348;0,514;0,6462;0,3586;0,1531;0,3733;0,9186;0,728;0,676;0,9926;0,1897;0,2005;0,7143;0,5619;0,7841;0,1109;0,7166;0,1587;0,4278

Fitness 9,087729, Gen ;0,8722;0,4481;0,6348;0,514;0,6462;0,3586;0,1531;0,3733;0,9186;0,728;0,676;0,9926;0,1897;0,2005;0,7143;0,5619;0,7841;0,1109;0,7166;0,1587;0,4278
,157,157,157,157,157,158,158
Fitness 0,001263086, Gen ;0,8722;0,4481;0,6348;0,514;0,6462;0,3586;0,1531;0,3733;0,9186;0,728;0,676;0,9926;0,1897;0,2005;0,7143;0,5619;0,7841;0,1109;0,7166;0,1587;0,4278
,77,77,77,78,78,78,78,78,78,78
Fitness 0,00206295, Gen ;0,8722;0,4481;0,6348;0,514;0,6462;0,3586;0,1531;0,3733;0,9186;0,728;0,676;0,9926;0,1897;0,2005;0,7143;0,5619;0,7841;0,1109;0,7166;0,1587;0,4278
,87,87,87,87,87,87,88,88,88,88
Fitness 0,001686973, Gen ;0,8722;0,4481;0,6348;0,514;0,6462;0,3586;0,1531;0,3733;0,9186;0,728;0,676;0,9926;0,1897;0,2005;0,7143;0,5619;0,7841;0,1109;0,7166;0,1587;0,4278
,141,141,141,142,142,142,143,143,143,147
Fitness 37,78616, Gen ;0,8722;0,4481;0,6348;0,514;0,6462;0,3586;0,1531;0,3733;0,9186;0,728;0,676;0,9926;0,1897;0,2005;0,7143;0,5619;0,7841;0,1109;0,7166;0,1587;0,4278
,68,68,69,69,69,69,69,69,70,70
Fitness 27,65316, Gen ;0,8722;0,4481;0,6348;0,514;0,6462;0,3586;0,1531;0,3733;0,9186;0,728;0,676;0,9926;0,1897;0,2005;0,7143;0,5619;0,7841;0,1109;0,7166;0,1587;0,4278
,131,131,131,131,132,132,132,132,133,133
Fitness 1,527116, Gen ;0,8722;0,4481;0,6348;0,514;0,6462;0,3586;0,1531;0,3733;0,9186;0,728;0,676;0,9926;0,1897;0,2005;0,7143;0,5619;0,7841;0,1109;0,7166;0,1587;0,4278
,123,126,126,126,127,127,128,128,129,130
Fitness 47,71599, Gen ;0,8722;0,4481;0,6348;0,514;0,6462;0,3586;0,1531;0,3733;0,9186;0,728;0,676;0,9926;0,1897;0,2005;0,7143;0,5619;0,7841;0,1109;0,7166;0,1587;0,4278

Fitness 3,879553, Gen ;0,8722;0,4481;0,6348;0,514;0,6462;0,3586;0,1531;0,3733;0,9186;0,728;0,676;0,9926;0,1897;0,2005;0,7143;0,5619;0,7841;0,1109;0,7166;0,1587;0,4278

Fitness 4,783299, Gen ;0,8722;0,4481;0,6348;0,514;0,6462;0,3586;0,1531;0,3733;0,9186;0,728;0,676;0,9926;0,1897;0,2005;0,7143;0,5619;0,7841;0,1109;0,7166;0,1587;0,4278
,141,141,141,142,142,142,142,142,143,143
Fitness 0,0009028082, Gen ;0,8722;0,4481;0,6348;0,514;0,6462;0,3586;0,1531;0,3733;0,9186;0,728;0,676;0,9926;0,1897;0,2005;0,7143;0,5619;0,7841;0,1109;0,7166;0,1587;0,4278

Fitness 0,001201683, Gen ;0,8722;0,4481;0,6348;0,514;0,6462;0,3586;0,1531;0,3733;0,9186;0,728;0,676;0,9926;0,1897;0,2005;0,7143;0,5619;0,7841;0,1109;0,7166;0,1587;0,4278
,142,143,143,143,144,144,144,144,145,145
Fitness 1,925847, Gen ;0,8722;0,4481;0,6348;0,514;0,6462;0,3586;0,1531;0,3733;0,9186;0,728;0,676;0,9926;0,1897;0,2005;0,7143;0,5619;0,7841;0,1109;0,7166;0,1587;0,4278
,130,130,132,169,171,175,177,178,178,178
Fitness 0,001707742, Gen ;0,8722;0,4481;0,6348;0,514;0,6462;0,3586;0,1531;0,3733;0,9186;0,728;0,676;0,9926;0,1897;0,2005;0,7143;0,5619;0,7841;0,1109;0,7166;0,1587;0,4278
,59,59,60,60,60,60,60,60,61,61
Fitness 1,647533, Gen ;0,8722;0,4481;0,6348;0,514;0,6462;0,3586;0,1531;0,3733;0,9186;0,728;0,676;0,9926;0,1897;0,2005;0,7143;0,5619;0,7841;0,1109;0,7166;0,1587;0,4278

Fitness 0,0924334, Gen ;0,8722;0,4481;0,6348;0,514;0,6462;0,3586;0,1531;0,3733;0,9186;0,728;0,676;0,9926;0,1897;0,2005;0,7143;0,5619;0,7841;0,1109;0,7166;0,1587;0,4278

Fitness 60,65407, Gen ;0,8722;0,4481;0,6348;0,514;0,6462;0,3586;0,1531;0,3733;0,9186;0,728;0,676;0,9926;0,1897;0,2005;0,7143;0,5619;0,7841;0,1109;0,7166;0,1587;0,4278
,104,105,105,105,105,105,105,105,106,106
Fitness 0,001229376, Gen ;0,8722;0,4481;0,6348;0,514;0,6462;0,3586;0,1531;0,3733;0,9186;0,728;0,676;0,9926;0,1897;0,2005;0,7143;0,5619;0,7841;0,1109;0,7166;0,1587;0,4278

Fitness 0,001864532, Gen ;0,8722;0,4481;0,6348;0,514;0,6462;0,3586;0,1531;0,3733;0,9186;0,728;0,676;0,9926;0,1897;0,2005;0,7143;0,5619;0,7841;0,1109;0,7166;0,1587;0,4278

Fitness 14,58798, Gen ;0,8722;0,4481;0,6348;0,514;0,6462;0,3586;0,1531;0,3733;0,9186;0,728;0,676;0,9926;0,1897;0,2005;0,7143;0,5619;0,7841;0,1109;0,7166;0,1587;0,4278
,167,167,167,167,167,167,167,167,168,168
Fitness 0,0009018377, Gen ;0,8722;0,4481;0,6348;0,514;0,6462;0,3586;0,1531;0,3733;0,9186;0,728;0,676;0,9926;0,1897;0,2005;0,7143;0,5619;0,7841;0,1109;0,7166;0,1587;0,4278
,97,98,98,99,99,99,99,99,101,101
Fitness 0,0009236805, Gen ;0,8722;0,4481;0,6348;0,514;0,6462;0,3586;0,1531;0,3733;0,9186;0,728;0,676;0,9926;0,1897;0,2005;0,7143;0,5619;0,7841;0,1109;0,7166;0,1587;0,4278

Fitness 0,1468491, Gen ;0,8722;0,4481;0,6348;0,514;0,6462;0,3586;0,1531;0,3733;0,9186;0,728;0,676;0,9926;0,1897;0,2005;0,7143;0,5619;0,7841;0,1109;0,7166;0,1587;0,4278
,139,140,140,140,140,140,140,141,141,141
Fitness 17,93825, Gen ;0,8722;0,4481;0,6348;0,514;0,6462;0,3586;0,1531;0,3733;0,9186;0,728;0,676;0,9926;0,1897;0,2005;0,7143;0,5619;0,7841;0,1109;0,7166;0,1587;0,4278
,137,137,137,138,138,138,138,138,138,138
Fitness 0,002470998, Gen ;0,8722;0,4481;0,6348;0,514;0,6462;0,3586;0,1531;0,3733;0,9186;0,728;0,676;0,9926;0,1897;0,2005;0,7143;0,5619;0,7841;0,1109;0,7166;0,1587;0,4278

Fitness 2,16336, Gen ;0,8722;0,4481;0,6348;0,514;0,6462;0,3586;0,1531;0,3733;0,9186;0,728;0,676;0,9926;0,1897;0,2005;0,7143;0,5619;0,7841;0,1109;0,7166;0,1587;0,4278

Fitness 2,6275, Gen ;0,8722;0,4481;0,6348;0,514;0,6462;0,3586;0,1531;0,3733;0,9186;0,728;0,676;0,9926;0,1897;0,2005;0,7143;0,5619;0,7841;0,1109;0,7166;0,1587;0,4278
,123,123,124,124,124,124,124,124,125,125
Fitness 0,001608235, Gen ;0,8722;0,4481;0,6348;0,514;0,6462;0,3586;0,1531;0,3733;0,9186;0,728;0,676;0,9926;0,1897;0,2005;0,7143;0,5619;0,7841;0,1109;0,7166;0,1587;0,4278

Fitness 0,001167331, Gen ;0,8722;0,4481;0,6348;0,514;0,6462;0,3586;0,1531;0,3733;0,9186;0,728;0,676;0,9926;0,1897;0,2005;0,7143;0,5619;0,7841;0,1109;0,7166;0,1587;0,4278

Fitness 6,169111, Gen ;0,8722;0,4481;0,6348;0,514;0,6462;0,3586;0,1531;0,3733;0,9186;0,728;0,676;0,9926;0,1897;0,2005;0,7143;0,5619;0,7841;0,1109;0,7166;0,1587;0,4278

Fitness 0,00127733, Gen ;0,8722;0,4481;0,6348;0,514;0,6462;0,3586;0,1531;0,3733;0,9186;0,728;0,676;0,9926;0,1897;0,2005;0,7143;0,5619;0,7841;0,1109;0,7166;0,1587;0,4278
,147,147,147,147,148,148,148,148,148,149
Fitness 0,00126697, Gen ;0,8722;0,4481;0,6348;0,514;0,6462;0,3586;0,1531;0,3733;0,9186;0,728;0,676;0,9926;0,1897;0,2005;0,7143;0,5619;0,7841;0,1109;0,7166;0,1587;0,4278

Fitness 0,0008963913, Gen ;0,8722;0,4481;0,6348;0,514;0,6462;0,3586;0,1531;0,3733;0,9186;0,728;0,676;0,9926;0,1897;0,2005;0,7143;0,5619;0,7841;0,1109;0,7166;0,1587;0,4278
,109,109,110,110,110,110,110,110,110,110
Fitness 1,195746, Gen ;0,8722;0,4481;0,6348;0,514;0,6462;0,3586;0,1531;0,3733;0,9186;0,728;0,676;0,9926;0,1897;0,2005;0,7143;0,5619;0,7841;0,1109;0,7166;0,1587;0,4278

Fitness 0,00107154, Gen ;0,8722;0,4481;0,6348;0,514;0,6462;0,3586;0,1531;0,3733;0,9186;0,728;0,676;0,9926;0,1897;0,2005;0,7143;0,5619;0,7841;0,1109;0,7166;0,1587;0,4278
,153,153,154,165
Fitness 12,02325, Gen ;0,8722;0,4481;0,6348;0,514;0,6462;0,3586;0,1531;0,3733;0,9186;0,728;0,676;0,9926;0,1897;0,2005;0,7143;0,5619;0,7841;0,1109;0,7166;0,1587;0,4278
,76,76,77,77,77,77,77,77,78,78
Fitness 0,000757941, Gen ;0,8722;0,4481;0,6348;0,514;0,6462;0,3586;0,1531;0,3733;0,9186;0,728;0,676;0,9926;0,1897;0,2005;0,7143;0,5619;0,7841;0,1109;0,7166;0,1587;0,4278
,166,166,167,167,167,168,168,168,169,170
Fitness 0,001142693, Gen ;0,8722;0,4481;0,6348;0,514;0,6462;0,3586;0,1531;0,3733;0,9186;0,728;0,676;0,9926;0,1897;0,2005;0,7143;0,5619;0,7841;0,1109;0,7166;0,1587;0,4278

Fitness 38,02682, Gen ;0,8722;0,4481;0,6348;0,514;0,6462;0,3586;0,1531;0,3733;0,9186;0,728;0,676;0,9926;0,1897;0,2005;0,7143;0,5619;0,7841;0,1109;0,7166;0,1587;0,4278

Fitness 0,1285787, Gen ;0,8722;0,4481;0,6348;0,514;0,6462;0,3586;0,1531;0,3733;0,9186;0,728;0,676;0,9926;0,1897;0,2005;0,7143;0,5619;0,7841;0,1109;0,7166;0,1587;0,4278

Fitness 0,001253083, Gen ;0,8722;0,4481;0,6348;0,514;0,6462;0,3586;0,1531;0,3733;0,9186;0,728;0,676;0,9926;0,1897;0,2005;0,7143;0,5619;0,7841;0,1109;0,7166;0,1587;0,4278
,118,119,119,119,119,120,120,121,121,125
Fitness 0,0007098232, Gen ;0,8722;0,4481;0,6348;0,514;0,6462;0,3586;0,1531;0,3733;0,9186;0,728;0,676;0,9926;0,1897;0,2005;0,7143;0,5619;0,7841;0,1109;0,7166;0,1587;0,4278

Fitness 0,001426993, Gen ;0,8722;0,4481;0,6348;0,514;0,6462;0,3586;0,1531;0,3733;0,9186;0,728;0,676;0,9926;0,1897;0,2005;0,7143;0,5619;0,7841;0,1109;0,7166;0,1587;0,4278
,161,162,162,163,164,165,167,168,168,168
Fitness 6,472677, Gen ;0,8722;0,4481;0,6348;0,514;0,6462;0,3586;0,1531;0,3733;0,9186;0,728;0,676;0,9926;0,1897;0,2005;0,7143;0,5619;0,7841;0,1109;0,7166;0,1587;0,4278

Fitness 0,001291786, Gen ;0,8722;0,4481;0,6348;0,514;0,6462;0,3586;0,1531;0,3733;0,9186;0,728;0,676;0,9926;0,1897;0,2005;0,7143;0,5619;0,7841;0,1109;0,7166;0,1587;0,4278

Fitness 0,159738, Gen ;0,8722;0,4481;0,6348;0,514;0,6462;0,3586;0,1531;0,3733;0,9186;0,728;0,676;0,9926;0,1897;0,2005;0,7143;0,5619;0,7841;0,1109;0,7166;0,1587;0,4278

Fitness 0,0007757146, Gen ;0,8722;0,4481;0,6348;0,514;0,6462;0,3586;0,1531;0,3733;0,9186;0,728;0,676;0,9926;0,1897;0,2005;0,7143;0,5619;0,7841;0,1109;0,7166;0,1587;0,4278
,173,174,174,174,174,174,175,175,176,176
Fitness 0,0009590538, Gen ;0,8722;0,4481;0,6348;0,514;0,6462;0,3586;0,1531;0,3733;0,9186;0,728;0,676;0,9926;0,1897;0,2005;0,7143;0,5619;0,7841;0,1109;0,7166;0,1587;0,4278

Fitness 0,001345479, Gen ;0,8722;0,4481;0,6348;0,514;0,6462;0,3586;0,1531;0,3733;0,9186;0,728;0,676;0,9926;0,1897;0,2005;0,7143;0,5619;0,7841;0,1109;0,7166;0,1587;0,4278
,112,112,112,112,112,112,112,112,112,112
Fitness 0,09297393, Gen ;0,8722;0,4481;0,6348;0,514;0,6462;0,3586;0,1531;0,3733;0,9186;0,728;0,676;0,9926;0,1897;0,2005;0,7143;0,5619;0,7841;0,1109;0,7166;0,1587;0,4278

Fitness 0,001189042, Gen ;0,8722;0,4481;0,6348;0,514;0,6462;0,3586;0,1531;0,3733;0,9186;0,728;0,676;0,9926;0,1897;0,2005;0,7143;0,5619;0,7841;0,1109;0,7166;0,1587;0,4278

Fitness 11,14386, Gen ;0,8722;0,4481;0,6348;0,514;0,6462;0,3586;0,1531;0,3733;0,9186;0,728;0,676;0,9926;0,1897;0,2005;0,7143;0,5619;0,7841;0,1109;0,7166;0,1587;0,4278
,79,79,79,79,80,80,80,81,81,81
Fitness 0,001471614, Gen ;0,8722;0,4481;0,6348;0,514;0,6462;0,3586;0,1531;0,3733;0,9186;0,728;0,676;0,9926;0,1897;0,2005;0,7143;0,5619;0,7841;0,1109;0,7166;0,1587;0,4278

Fitness 0,000888892, Gen ;0,8722;0,4481;0,6348;0,514;0,6462;0,3586;0,1531;0,3733;0,9186;0,728;0,676;0,9926;0,1897;0,2005;0,7143;0,5619;0,7841;0,1109;0,7166;0,1587;0,4278
,160,160
Fitness 34,79248, Gen ;0,8722;0,4481;0,6348;0,514;0,6462;0,3586;0,1531;0,3733;0,9186;0,728;0,676;0,9926;0,1897;0,2005;0,7143;0,5619;0,7841;0,1109;0,7166;0,1587;0,4278

Fitness 0,001299333, Gen ;0,8722;0,4481;0,6348;0,514;0,6462;0,3586;0,1531;0,3733;0,9186;0,728;0,676;0,9926;0,1897;0,2005;0,7143;0,5619;0,7841;0,1109;0,7166;0,1587;0,4278

Fitness 0,001169869, Gen ;0,8722;0,4481;0,6348;0,514;0,6462;0,3586;0,1531;0,3733;0,9186;0,728;0,676;0,9926;0,1897;0,2005;0,7143;0,5619;0,7841;0,1109;0,7166;0,1587;0,4278
,168,168,168,169,169,169,169,169,169,170
Fitness 0,001905346, Gen ;0,8722;0,4481;0,6348;0,514;0,6462;0,3586;0,1531;0,3733;0,9186;0,728;0,676;0,9926;0,1897;0,2005;0,7143;0,5619;0,7841;0,1109;0,7166;0,1587;0,4278
,105,106,106,106,106,106,106,106,106,107
Fitness 0,00139802, Gen ;0,8722;0,4481;0,6348;0,514;0,6462;0,3586;0,1531;0,3733;0,9186;0,728;0,676;0,9926;0,1897;0,2005;0,7143;0,5619;0,7841;0,1109;0,7166;0,1587;0,4278

Fitness 0,1305396, Gen ;0,8722;0,4481;0,6348;0,514;0,6462;0,3586;0,1531;0,3733;0,9186;0,728;0,676;0,9926;0,1897;0,2005;0,7143;0,5619;0,7841;0,1109;0,7166;0,1587;0,4278

Fitness 14,08037, Gen ;0,8722;0,4481;0,6348;0,514;0,6462;0,3586;0,1531;0,3733;0,9186;0,728;0,676;0,9926;0,1897;0,2005;0,7143;0,5619;0,7841;0,1109;0,7166;0,1587;0,4278
,168,168,168,169,169,169,169,169,169,169
Fitness 0,001520462, Gen ;0,8722;0,4481;0,6348;0,514;0,6462;0,3586;0,1531;0,3733;0,9186;0,728;0,676;0,9926;0,1897;0,2005;0,7143;0,5619;0,7841;0,1109;0,7166;0,1587;0,4278
,163,163,163,164,164,166,167,171,172,173
Fitness 0,001274373, Gen ;0,8722;0,4481;0,6348;0,514;0,6462;0,3586;0,1531;0,3733;0,9186;0,728;0,676;0,9926;0,1897;0,2005;0,7143;0,5619;0,7841;0,1109;0,7166;0,1587;0,4278
,152,153,153,157,159
Fitness 0,1331614, Gen ;0,8722;0,4481;0,6348;0,514;0,6462;0,3586;0,1531;0,3733;0,9186;0,728;0,676;0,9926;0,1897;0,2005;0,7143;0,5619;0,7841;0,1109;0,7166;0,1587;0,4278
,132,132,132,132,132,132,132,133,133,133
Fitness 0,1119088, Gen ;0,8722;0,4481;0,6348;0,514;0,6462;0,3586;0,1531;0,3733;0,9186;0,728;0,676;0,9926;0,1897;0,2005;0,7143;0,5619;0,7841;0,1109;0,7166;0,1587;0,4278
,108,108,109,109,110,110,110,110,110,110
Fitness 0,002075201, Gen ;0,8722;0,4481;0,6348;0,514;0,6462;0,3586;0,1531;0,3733;0,9186;0,728;0,676;0,9926;0,1897;0,2005;0,7143;0,5619;0,7841;0,1109;0,7166;0,1587;0,4278
,152,159,160,160,160,161,161,161,162,162
Fitness 3,858081, Gen ;0,8722;0,4481;0,6348;0,514;0,6462;0,3586;0,1531;0,3733;0,9186;0,728;0,676;0,9926;0,1897;0,2005;0,7143;0,5619;0,7841;0,1109;0,7166;0,1587;0,4278
,119,119,120,120,120,121,121,121,121,122
Fitness 12,08664, Gen ;0,8722;0,4481;0,6348;0,514;0,6462;0,3586;0,1531;0,3733;0,9186;0,728;0,676;0,9926;0,1897;0,2005;0,7143;0,5619;0,7841;0,1109;0,7166;0,1587;0,4278

Fitness 0,3059088, Gen ;0,8722;0,4481;0,6348;0,514;0,6462;0,3586;0,1531;0,3733;0,9186;0,728;0,676;0,9926;0,1897;0,2005;0,7143;0,5619;0,7841;0,1109;0,7166;0,1587;0,4278
,122,123,123,129,137,137,137,138,138,139
