	100PopravljenStroembom ovc
	3 AI1 ovcarjev
Fitness 17,35313, Gen ;0,7848;0,2862;0,2359;0,6891;0,004;0,6404;0,0041;0,209;0,8291;0,8494;0,8849;0,7867;0,1561;0,1434;0,4914;0,0312;0,5204;0,6598;0,9504;0,5878;0,5304
,85,86,86,86,86,86,86,86,86,86,86,87,87,87,87,87,87,88,88,88,88,88,89,89,89,89,89,89,89,89,89,89,89,89,89,89,89,89,89,89,89,89,89,89,89,89,89,89,89,89,89,89,89,90,90,90,90,90,90,90,90,90,90,90,90,90,90,90,90,90,90,90,90,91,91,91,91,91,91,91,91,91,91,91,91,91,91,92,92,92,92,93,93,94,94,95,98,99,99,100
Fitness 32,84988, Gen ;0,7848;0,2862;0,2359;0,6891;0,004;0,6404;0,0041;0,209;0,8291;0,8494;0,8849;0,7867;0,1561;0,1434;0,4914;0,0312;0,5204;0,6598;0,9504;0,5878;0,5304
,104,104,104,104,104,104,104,104,104,105,105,105,105,105,105,105,105,105,105,105,105,105,105,105,105,105,105,105,105,105,105,105,105,105,105,105,105,105,105,106,106,106,106,106,106,106,106,106,106,106,106,106,106,106,106,106,106,106,106,106,106,106,107,107,107,107,107,107,107,107,107,107,107,107,107,107,107,107,107,107,107,108,108,108,108,108,108,108,108,108,109,109,109,109,110,110,110,111,111,112
Fitness 39,15838, Gen ;0,7848;0,2862;0,2359;0,6891;0,004;0,6404;0,0041;0,209;0,8291;0,8494;0,8849;0,7867;0,1561;0,1434;0,4914;0,0312;0,5204;0,6598;0,9504;0,5878;0,5304
,103,103,104,104,104,104,104,104,104,104,104,104,104,104,104,104,104,104,105,105,105,105,105,105,105,105,105,105,105,105,105,105,105,105,106,106,106,106,106,106,106,106,106,106,106,106,106,106,106,106,107,107,107,107,107,107,107,107,107,107,107,107,107,107,107,107,107,107,107,108,108,108,108,108,108,108,108,108,108,108,108,108,108,108,109,109,109,109,109,109,109,110,110,110,110,111,111,112,113,113
Fitness 20,29149, Gen ;0,7848;0,2862;0,2359;0,6891;0,004;0,6404;0,0041;0,209;0,8291;0,8494;0,8849;0,7867;0,1561;0,1434;0,4914;0,0312;0,5204;0,6598;0,9504;0,5878;0,5304

Fitness 12,01047, Gen ;0,7848;0,2862;0,2359;0,6891;0,004;0,6404;0,0041;0,209;0,8291;0,8494;0,8849;0,7867;0,1561;0,1434;0,4914;0,0312;0,5204;0,6598;0,9504;0,5878;0,5304
,105,105,105,105,106,106,106,106,106,106,106,106,106,107,107,107,107,107,107,107,108,108,108,108,108,108,109,109,110,110,113,117,117,117,117,117,117,117,117,117,117,117,117,117,117,117,117,117,117,117,118,118,118,118,118,118,118,118,118,118,118,118,118,118,118,118,118,118,118,118,118,119,119,119,119,119,119,119,119,119,119,120,120,120,120,120,121,121,121,121,121,122,122,122,122,124,125
Fitness 11,59731, Gen ;0,7848;0,2862;0,2359;0,6891;0,004;0,6404;0,0041;0,209;0,8291;0,8494;0,8849;0,7867;0,1561;0,1434;0,4914;0,0312;0,5204;0,6598;0,9504;0,5878;0,5304
,82,82,82,82,83,83,83,83,83,83,83,83,83,83,83,83,83,84,84,84,84,84,84,84,84,84,84,84,84,84,85,85,85,85,85,85,85,85,86,86,86,86,86,87,87,87,87,88,88,89,89,89,90,90,90,90,91,91,92,94,94,95,95,95,95,96,96,97,97,98,98,105,105,105,105,105,105,105,106,106,106,106,106,106,106,106,106,106,106,106,108,109,109,109,109,109,110,110,110,135
Fitness 0,0001263113, Gen ;0,7848;0,2862;0,2359;0,6891;0,004;0,6404;0,0041;0,209;0,8291;0,8494;0,8849;0,7867;0,1561;0,1434;0,4914;0,0312;0,5204;0,6598;0,9504;0,5878;0,5304
,69,69,69,70,70,70,70,70,70,70,70,70,70,70,70,70,70,70,70,70,70,70,70,70,70,70,71,71,71,71,71,71,71,71,71,71,71,71,71,71,71,71,71,71,71,71,71,71,71,71,71,72,72,72,72,72,72,72,72,72,72,72,72,72,72,72,72,73,73,73,73,73,73,73,73,73,73,74,74,74,74,74,74,74,74,74,74,74,75,75,76,77,77,82,83,83,84,84,85,85
Fitness 0,0001404068, Gen ;0,7848;0,2862;0,2359;0,6891;0,004;0,6404;0,0041;0,209;0,8291;0,8494;0,8849;0,7867;0,1561;0,1434;0,4914;0,0312;0,5204;0,6598;0,9504;0,5878;0,5304
,72,72,72,72,72,72,72,72,73,73,73,73,73,73,74,74,74,74,74,74,74,74,74,74,74,75,75,75,75,75,75,75,75,75,75,75,75,75,75,75,76,76,76,76,76,76,76,76,76,76,76,76,76,76,76,76,76,77,77,77,77,77,77,77,77,77,77,77,77,78,78,78,78,78,78,78,78,78,78,79,79,79,79,80,80,80,80,81,81,81,81,82,85
Fitness 6,177487, Gen ;0,7848;0,2862;0,2359;0,6891;0,004;0,6404;0,0041;0,209;0,8291;0,8494;0,8849;0,7867;0,1561;0,1434;0,4914;0,0312;0,5204;0,6598;0,9504;0,5878;0,5304
,67,67,67,67,67,67,67,67,67,68,68,68,68,68,68,68,68,68,68,68,68,68,68,68,68,68,68,68,68,68,68,68,68,68,68,68,68,68,68,68,68,68,68,68,68,68,69,69,69,69,69,69,69,69,69,69,69,69,69,69,69,69,69,69,69,69,69,69,69,69,70,70,70,70,70,70,70,70,70,70,70,71,71,71,71,71,71,72,72,72,72,73,73,73,73,74,74,74,75,75
Fitness 34,24573, Gen ;0,7848;0,2862;0,2359;0,6891;0,004;0,6404;0,0041;0,209;0,8291;0,8494;0,8849;0,7867;0,1561;0,1434;0,4914;0,0312;0,5204;0,6598;0,9504;0,5878;0,5304
,70,71,71,72,72,72,72,72,72,72,72,72,73,73,73,73,73,73,73,73,73,73,73,73,73,73,73,73,73,73,73,73,73,73,73,73,73,73,74,74,74,74,74,74,74,74,74,74,74,75,75,75,75,75,75,75,75,75,75,75,75,75,75,76,76,76,76,76,76,76,76,76,76,77,77,77,77,77,77,78,78,78,78,78,78,79,79,79,79,79,80,80,80,81,81,82,83,84,84,84
Fitness 0,0001368317, Gen ;0,7848;0,2862;0,2359;0,6891;0,004;0,6404;0,0041;0,209;0,8291;0,8494;0,8849;0,7867;0,1561;0,1434;0,4914;0,0312;0,5204;0,6598;0,9504;0,5878;0,5304
,86,87,87,87,87,87,87,87,87,87,87,87,87,88,88,88,88,88,88,88,88,88,88,88,89,89,89,89,89,89,89,89,89,89,89,89,89,89,89,89,90,90,90,90,90,90,90,90,90,90,90,90,90,90,90,90,90,90,90,91,91,91,91,91,91,91,91,92,92,92,92,92,92,93,93,93,94,94,94,94,94,94,95,95,97,119,119,123,124,124,124,124,124,124,125,125,125,128,131,131
Fitness 43,22906, Gen ;0,7848;0,2862;0,2359;0,6891;0,004;0,6404;0,0041;0,209;0,8291;0,8494;0,8849;0,7867;0,1561;0,1434;0,4914;0,0312;0,5204;0,6598;0,9504;0,5878;0,5304
,112,112,112,113,113,113,113,113,113,113,113,113,113,113,113,113,113,113,113,113,113,113,113,113,113,114,114,114,114,114,114,114,114,114,114,114,114,114,114,114,114,114,114,114,114,114,114,114,114,114,114,114,114,114,114,114,114,114,115,115,115,115,115,115,115,115,115,115,115,115,115,116,116,116,116,116,116,116,116,116,116,116,116,117,117,117,117,117,117,117,118,122,125,126,150
Fitness 34,10213, Gen ;0,7848;0,2862;0,2359;0,6891;0,004;0,6404;0,0041;0,209;0,8291;0,8494;0,8849;0,7867;0,1561;0,1434;0,4914;0,0312;0,5204;0,6598;0,9504;0,5878;0,5304
,86,86,86,86,86,86,87,87,87,87,87,87,87,87,87,87,87,87,87,87,87,87,87,87,87,87,87,87,87,87,87,87,87,88,88,88,88,88,88,88,88,88,88,88,88,88,88,88,88,88,88,89,89,89,89,89,89,89,89,89,89,89,89,89,89,89,89,89,89,89,89,90,90,90,90,90,90,90,90,90,91,91,91,91,91,91,91,91,91,91,91,92,92,92,93,93,93,93,94,95
Fitness 7,0482, Gen ;0,7848;0,2862;0,2359;0,6891;0,004;0,6404;0,0041;0,209;0,8291;0,8494;0,8849;0,7867;0,1561;0,1434;0,4914;0,0312;0,5204;0,6598;0,9504;0,5878;0,5304
,161,161,162,163,164,164,164,164,165,165,165,165,167,167,167,168,168,168,168,168,168,169,169,170,170,170,170,171,171,171,171,171,172,173,173,173,173,174,174,174,177
Fitness 8,300919E-05, Gen ;0,7848;0,2862;0,2359;0,6891;0,004;0,6404;0,0041;0,209;0,8291;0,8494;0,8849;0,7867;0,1561;0,1434;0,4914;0,0312;0,5204;0,6598;0,9504;0,5878;0,5304
,134,140,141,142,142,143,144,144,144,144,144,144,144,144,144,144,144,144,144,145,145,145,145,145,145,145,145,145,145,145,145,145,145,145,145,145,145,145,146,146,146,146,146,146,146,146,146,146,146,146,146,147,147,147,147,147,147,147,147,147,147,147,147,148,148,148,148,148,148,148,149,149,149,149,149,149,150,150,150,151,151,151,151,152,152,152,153,153,153,153,154,154,155,175,176
Fitness 23,3908, Gen ;0,7848;0,2862;0,2359;0,6891;0,004;0,6404;0,0041;0,209;0,8291;0,8494;0,8849;0,7867;0,1561;0,1434;0,4914;0,0312;0,5204;0,6598;0,9504;0,5878;0,5304
,69,70,70,70,70,70,70,70,70,70,70,70,70,70,70,70,70,71,71,71,71,71,71,71,71,71,71,71,71,72,72,72,72,72,72,72,72,72,72,72,72,73,73,73,73,73,73,73,73,73,73,73,73,73,74,74,74,74,74,74,74,74,74,74,75,75,75,75,75,75,75,75,75,75,76,76,76,76,76,77,77,77,77,77,77,77,77,77,78,78,78,85,85,85,86,86,87,87,87,87
Fitness 0,0001770334, Gen ;0,7848;0,2862;0,2359;0,6891;0,004;0,6404;0,0041;0,209;0,8291;0,8494;0,8849;0,7867;0,1561;0,1434;0,4914;0,0312;0,5204;0,6598;0,9504;0,5878;0,5304
,72,72,72,72,73,73,73,73,73,73,73,73,73,73,73,73,73,73,73,73,73,73,73,74,74,74,74,74,74,74,74,74,74,74,74,74,74,74,74,74,74,74,74,74,74,75,75,75,75,75,75,75,75,75,75,75,75,75,75,75,75,75,75,76,76,76,76,76,76,76,76,76,76,76,76,76,76,76,76,77,77,77,77,77,77,77,77,77,77,78,78,78,79,79,79,79,79,79,80,80
Fitness 0,0002104552, Gen ;0,7848;0,2862;0,2359;0,6891;0,004;0,6404;0,0041;0,209;0,8291;0,8494;0,8849;0,7867;0,1561;0,1434;0,4914;0,0312;0,5204;0,6598;0,9504;0,5878;0,5304
,89,90,90,90,90,90,90,90,90,91,91,91,91,91,91,91,91,92,92,92,92,92,92,92,92,92,92,92,92,92,92,92,92,92,92,92,92,92,92,92,92,93,93,93,93,93,93,93,93,93,93,93,93,93,93,93,93,93,93,94,94,94,94,94,94,94,94,94,94,94,95,95,95,95,95,95,95,95,96,96,96,96,96,96,96,96,97,98,98,100,100,100,101,101,102,102,103
Fitness 32,424, Gen ;0,7848;0,2862;0,2359;0,6891;0,004;0,6404;0,0041;0,209;0,8291;0,8494;0,8849;0,7867;0,1561;0,1434;0,4914;0,0312;0,5204;0,6598;0,9504;0,5878;0,5304
,81,81,81,81,81,81,81,81,81,81,81,81,81,81,81,81,82,82,82,82,82,82,82,82,82,82,82,82,83,83,83,83,83,83,83,83,83,83,83,83,83,84,84,84,84,84,84,84,84,84,85,85,85,85,85,85,85,85,85,86,86,86,86,86,86,86,86,86,86,86,86,86,87,87,87,87,87,87,87,87,87,88,88,88,88,88,88,88,89,90,90,90,90,90,90,91,91,91,92,92
Fitness 37,58194, Gen ;0,7848;0,2862;0,2359;0,6891;0,004;0,6404;0,0041;0,209;0,8291;0,8494;0,8849;0,7867;0,1561;0,1434;0,4914;0,0312;0,5204;0,6598;0,9504;0,5878;0,5304
,67,67,67,67,67,67,67,67,67,67,67,67,67,67,67,67,67,67,67,67,67,67,67,67,68,68,68,68,68,68,68,68,68,68,68,68,68,68,68,68,68,68,68,68,68,68,68,68,68,68,69,69,69,69,69,69,69,69,69,69,69,69,69,69,69,69,69,69,69,70,70,70,70,70,70,70,70,70,70,70,70,70,71,71,71,71,71,71,71,71,71,71,71,72,73,73,74,74,77,78
Fitness 0,0001270509, Gen ;0,7848;0,2862;0,2359;0,6891;0,004;0,6404;0,0041;0,209;0,8291;0,8494;0,8849;0,7867;0,1561;0,1434;0,4914;0,0312;0,5204;0,6598;0,9504;0,5878;0,5304
,57,57,57,57,57,57,57,57,57,57,57,57,57,57,57,57,57,57,57,58,58,58,58,58,58,58,58,58,58,58,58,58,58,58,58,58,58,58,58,58,58,58,58,58,58,58,58,58,58,58,58,58,58,58,58,58,59,59,59,59,59,59,59,59,59,59,59,59,59,59,59,59,59,59,59,59,59,59,59,59,60,60,60,60,60,60,60,60,60,60,60,60,60,60,60,60,61,61,62,63
Fitness 26,26139, Gen ;0,7848;0,2862;0,2359;0,6891;0,004;0,6404;0,0041;0,209;0,8291;0,8494;0,8849;0,7867;0,1561;0,1434;0,4914;0,0312;0,5204;0,6598;0,9504;0,5878;0,5304
,100,100,101,101,101,101,101,101,101,101,101,101,101,101,101,101,101,102,102,102,102,102,102,102,102,102,102,102,102,102,102,102,102,102,103,103,103,103,103,103,103,103,104,104,104,104,104,104,104,104,104,104,105,105,105,105,105,105,106,106,106,106,106,107,107,107,107,107,107,108,108,108,108,108,108,108,108,108,109,109,109,109,109,109,109,109,109,109,111,111,111,111,111,111,112,119,124,126,127,130
Fitness 41,07598, Gen ;0,7848;0,2862;0,2359;0,6891;0,004;0,6404;0,0041;0,209;0,8291;0,8494;0,8849;0,7867;0,1561;0,1434;0,4914;0,0312;0,5204;0,6598;0,9504;0,5878;0,5304
,118,118,118,118,118,118,118,118,118,118,118,118,119,119,119,119,119,119,119,119,119,119,119,119,119,119,119,119,119,119,119,119,120,120,120,120,120,120,120,120,120,120,120,120,120,120,120,120,120,120,120,120,120,120,120,120,121,121,121,121,121,121,121,121,121,121,121,121,121,122,122,122,122,122,122,122,122,122,122,123,123,123,123,123,124,124,124,124,124,124,125,125,126,127,128,131,147,148,149
Fitness 58,82734, Gen ;0,7848;0,2862;0,2359;0,6891;0,004;0,6404;0,0041;0,209;0,8291;0,8494;0,8849;0,7867;0,1561;0,1434;0,4914;0,0312;0,5204;0,6598;0,9504;0,5878;0,5304
,67,67,67,67,67,68,68,68,68,68,68,68,68,68,68,68,68,68,68,68,68,68,68,68,68,68,68,68,68,68,68,68,68,69,69,69,69,69,69,69,69,69,69,69,69,69,69,69,69,69,69,69,69,69,69,69,69,70,70,70,70,70,70,70,70,70,70,70,70,70,70,70,70,70,71,71,71,71,71,71,71,71,72,72,72,72,72,72,72,73,73,84,87,89,89,89,90,90,92,126
Fitness 6,510446, Gen ;0,7848;0,2862;0,2359;0,6891;0,004;0,6404;0,0041;0,209;0,8291;0,8494;0,8849;0,7867;0,1561;0,1434;0,4914;0,0312;0,5204;0,6598;0,9504;0,5878;0,5304
,75,75,75,75,75,75,75,75,75,75,75,75,75,76,76,76,76,76,77,77,77,78,78,78,78,78,78,78,78,78,78,78,78,79,79,79,80,81,81,81,81,81,81,82,82,82,82,82,82,82,83,83,84,84,96,96,97,105,105,105,105,105,105,105,106,106,106,106,107,107,107,107,107,107,108,108,108,108,108,108,108,109,109,109,109,110,112,115,121,121,122,124,132,132,133,133,133,133,133,133
Fitness 4,483479E-05, Gen ;0,7848;0,2862;0,2359;0,6891;0,004;0,6404;0,0041;0,209;0,8291;0,8494;0,8849;0,7867;0,1561;0,1434;0,4914;0,0312;0,5204;0,6598;0,9504;0,5878;0,5304
,73,73,73,73,73,74,74,74,74,74,74,74,74,74,74,74,74,74,74,75,75,75,75,75,75,75,75,75,75,75,75,75,75,75,75,75,75,75,75,75,76,76,76,76,76,76,76,76,76,76,76,76,76,76,76,77,77,77,77,77,77,77,77,77,77,77,77,77,77,78,78,78,78,78,78,78,78,78,78,78,78,78,78,79,79,79,79,79,79,79,79,79,79,80,80,80,81,81,82
Fitness 11,01043, Gen ;0,7848;0,2862;0,2359;0,6891;0,004;0,6404;0,0041;0,209;0,8291;0,8494;0,8849;0,7867;0,1561;0,1434;0,4914;0,0312;0,5204;0,6598;0,9504;0,5878;0,5304
,95,95,95,95,95,95,95,95,95,95,95,95,95,95,95,95,95,95,95,95,95,95,95,95,95,95,95,95,95,95,95,96,96,96,96,96,96,96,96,97,97,97,97,97,97,97,97,97,97,97,97,97,97,97,97,97,97,97,97,97,97,97,97,97,97,98,98,98,98,98,99,99,99,99,99,100,100,100,100,100,100,100,101,102,102,103,103,104,104,107,116,148,150,177
Fitness 6,612098, Gen ;0,7848;0,2862;0,2359;0,6891;0,004;0,6404;0,0041;0,209;0,8291;0,8494;0,8849;0,7867;0,1561;0,1434;0,4914;0,0312;0,5204;0,6598;0,9504;0,5878;0,5304
,66,69,69,69,69,69,69,69,69,69,70,70,70,70,70,70,70,70,70,70,70,70,70,70,70,70,70,70,70,70,70,70,70,70,71,71,71,71,71,71,71,71,71,71,71,71,71,71,71,71,71,71,71,71,71,72,72,72,72,72,72,72,72,72,72,72,72,72,73,73,73,73,73,73,73,73,73,73,73,74,74,74,74,74,74,75,75,75,75,75,76,76,77,77,77,79,81,81,82,84
Fitness 0,0002440154, Gen ;0,7848;0,2862;0,2359;0,6891;0,004;0,6404;0,0041;0,209;0,8291;0,8494;0,8849;0,7867;0,1561;0,1434;0,4914;0,0312;0,5204;0,6598;0,9504;0,5878;0,5304
,61,61,62,62,62,63,64,64,64,64,65,65,65,65,65,65,65,65,65,65,65,65,65,65,65,65,65,65,65,66,66,66,66,66,66,66,66,66,66,66,66,66,67,67,67,67,67,67,67,68,68,68,69,69,69,69,69,69,69,70,70,70,70,70,70,70,70,71,72,73,73,77,78,78,85,85,85,85,85,85,85,85,85,85,85,85,86,86,86,86,86,87,87,88,89,89,90,92,98,99
Fitness 0,000186474, Gen ;0,7848;0,2862;0,2359;0,6891;0,004;0,6404;0,0041;0,209;0,8291;0,8494;0,8849;0,7867;0,1561;0,1434;0,4914;0,0312;0,5204;0,6598;0,9504;0,5878;0,5304
,67,67,67,67,68,68,68,68,68,68,68,69,69,69,69,70,70,70,70,71,71,71,71,71,71,71,72,72,75,76,76,76,76,76,76,76,77,77,77,77,77,77,77,77,77,78,78,79,81,110,112,112,112,112,112,112,112,112,112,113,113,113,113,113,113,113,113,113,113,113,114,114,114,114,114,114,114,114,115,115,115,115,115,115,115,115,117,117,117,118,118,119,121,121,122,124,124,125,126,128
Fitness 35,74045, Gen ;0,7848;0,2862;0,2359;0,6891;0,004;0,6404;0,0041;0,209;0,8291;0,8494;0,8849;0,7867;0,1561;0,1434;0,4914;0,0312;0,5204;0,6598;0,9504;0,5878;0,5304
,56,56,56,57,57,57,57,57,57,57,57,57,57,57,57,57,57,57,57,57,57,57,58,58,58,58,58,58,58,58,58,58,58,58,58,58,58,58,58,58,58,58,58,58,58,58,58,58,58,58,59,59,59,59,59,59,59,59,59,59,59,59,59,59,59,59,59,59,59,59,59,59,59,59,59,59,59,60,60,60,60,60,60,60,60,60,60,60,60,60,61,61,61,61,61,62,62,63,64,65
Fitness 25,08732, Gen ;0,7848;0,2862;0,2359;0,6891;0,004;0,6404;0,0041;0,209;0,8291;0,8494;0,8849;0,7867;0,1561;0,1434;0,4914;0,0312;0,5204;0,6598;0,9504;0,5878;0,5304
,122,123,124,125,125,125,125,125,125,125,125,125,126,126,126,126,126,126,126,126,126,126,126,126,126,127,127,127,127,127,127,127,127,127,127,127,127,127,128,128,128,128,128,128,128,128,128,128,128,128,128,128,129,130,130,130,130,130,131,131,131,131,132,132,132,135,135,135,136,136,136,136,136,137,137,137,137,137,137,137,138,138,138,138,138,138,138,139,139,140,140,141,142,142,143
Fitness 8,21003, Gen ;0,7848;0,2862;0,2359;0,6891;0,004;0,6404;0,0041;0,209;0,8291;0,8494;0,8849;0,7867;0,1561;0,1434;0,4914;0,0312;0,5204;0,6598;0,9504;0,5878;0,5304
,79,79,79,80,80,80,80,80,80,81,81,82,82,82,82,90,90,90,90,91,91,91,91,91,91,91,91,92,92,92,92,92,92,93,93,93,93,93,93,94,94,94,94,94,95,95,95,95,95,95,95,95,95,95,95,96,96,123,123,124,124,125,125,125,126,126,126,126,126,126,127,128,128,129,129,129,130,130,130,130,131,131,131,132,135,136,137,137,140,140,140,153,161,163,164,168,168,168,169,170
Fitness 57,62236, Gen ;0,7848;0,2862;0,2359;0,6891;0,004;0,6404;0,0041;0,209;0,8291;0,8494;0,8849;0,7867;0,1561;0,1434;0,4914;0,0312;0,5204;0,6598;0,9504;0,5878;0,5304
,90,90,90,91,91,91,91,91,91,92,92,92,92,92,92,92,92,92,92,92,92,93,93,93,93,93,93,93,94,95,95,95,96,96,96,96,96,96,96,96,96,96,96,96,96,96,96,96,96,96,96,96,96,96,96,97,97,97,97,97,97,97,97,97,97,98,98,98,98,98,99,102,102,102,102,102,102,103,103,103,103,103,103,104,104,105,105,105,106,106,106,107,107,107,111,111,132,168
Fitness 0,0001724794, Gen ;0,7848;0,2862;0,2359;0,6891;0,004;0,6404;0,0041;0,209;0,8291;0,8494;0,8849;0,7867;0,1561;0,1434;0,4914;0,0312;0,5204;0,6598;0,9504;0,5878;0,5304
,104,104,104,105,105,105,106,106,106,106,107,107,107,107,107,107,108,108,108,108,108,108,109,109,109,109,109,109,109,109,110,110,110,110,110,111,111,111,111,111,111,111,111,111,111,111,111,112,112,112,112,112,112,112,112,112,112,112,112,112,112,113,113,113,113,113,113,113,113,113,113,114,114,114,114,114,114,114,114,115,115,115,116,116,116,116,116,116,116,116,117,117,117,118,130,137,159,177,177,177
Fitness 0,2423533, Gen ;0,7848;0,2862;0,2359;0,6891;0,004;0,6404;0,0041;0,209;0,8291;0,8494;0,8849;0,7867;0,1561;0,1434;0,4914;0,0312;0,5204;0,6598;0,9504;0,5878;0,5304
,124,125,126,126,126,126,126,126,126,126,127,127,127,127,127,127,127,127,127,127,127,127,127,127,127,128,128,128,128,128,128,128,128,128,128,128,128,128,128,128,128,128,128,128,128,128,128,129,129,129,129,129,129,129,129,129,129,129,129,129,129,129,129,129,129,129,129,129,129,129,129,129,130,130,130,130,130,130,130,130,130,131,131,131,131,131,131,131,131,132,132,132,132,133,133,135,135,136,137,164
Fitness 0,0001461219, Gen ;0,7848;0,2862;0,2359;0,6891;0,004;0,6404;0,0041;0,209;0,8291;0,8494;0,8849;0,7867;0,1561;0,1434;0,4914;0,0312;0,5204;0,6598;0,9504;0,5878;0,5304
,78,78,78,78,78,78,78,79,79,79,79,79,79,79,79,79,79,79,79,79,79,80,80,80,80,80,80,80,80,80,80,80,80,80,80,80,80,80,81,81,81,81,81,81,81,81,81,81,81,82,82,82,82,82,82,82,82,82,82,82,82,82,82,82,82,83,83,83,83,83,83,83,83,83,83,83,83,83,83,83,83,84,84,84,84,84,84,84,84,85,85,86,86,87,87,88,94,95,96,124
Fitness 0,02599819, Gen ;0,7848;0,2862;0,2359;0,6891;0,004;0,6404;0,0041;0,209;0,8291;0,8494;0,8849;0,7867;0,1561;0,1434;0,4914;0,0312;0,5204;0,6598;0,9504;0,5878;0,5304
,93,94,94,95,95,96,98,101,102,102,102,102,102,102,102,102,102,102,102,102,102,102,102,102,103,103,103,103,103,103,104,104,104,104,104,104,104,104,104,104,104,104,104,104,104,104,104,104,104,104,105,105,105,105,106,106,106,106,106,107,107,107,107,107,107,108,108,108,108,108,109,109,109,109,109,109,110,110,110,110,110,110,111,111,111,111,111,111,112,112,112,112,113,113,115,116,116,118,126,133
Fitness 0,4300602, Gen ;0,7848;0,2862;0,2359;0,6891;0,004;0,6404;0,0041;0,209;0,8291;0,8494;0,8849;0,7867;0,1561;0,1434;0,4914;0,0312;0,5204;0,6598;0,9504;0,5878;0,5304
,89,90,90,91,104,104,104,104,104,104,104,104,104,104,105,105,105,105,105,105,105,105,105,105,105,105,105,105,105,105,105,106,106,106,106,106,106,106,107,108,110,110,110,110,110,110,111,111,111,111,111,111,111,111,111,111,111,111,112,112,112,112,112,112,112,112,112,112,112,112,113,113,113,113,113,114,114,114,114,114,114,114,115,115,115,115,115,115,116,116,117,118,118,118,118,120,137,146,152,162
Fitness 10,73899, Gen ;0,7848;0,2862;0,2359;0,6891;0,004;0,6404;0,0041;0,209;0,8291;0,8494;0,8849;0,7867;0,1561;0,1434;0,4914;0,0312;0,5204;0,6598;0,9504;0,5878;0,5304
,109,110,110,110,110,110,110,110,111,111,111,111,111,111,111,112,112,112,112,112,112,112,112,112,112,112,112,112,112,112,112,112,112,112,112,112,112,112,112,112,112,112,113,113,113,113,113,113,113,113,113,113,113,113,113,113,113,113,113,113,114,114,114,114,114,114,114,114,114,114,114,114,115,115,115,115,115,115,115,115,115,115,115,115,116,116,116,116,116,118,119,119,119,119,120,120,121,121,122,123
Fitness 5,710702, Gen ;0,7848;0,2862;0,2359;0,6891;0,004;0,6404;0,0041;0,209;0,8291;0,8494;0,8849;0,7867;0,1561;0,1434;0,4914;0,0312;0,5204;0,6598;0,9504;0,5878;0,5304
,71,71,71,71,71,71,71,71,71,71,71,71,71,71,71,71,71,71,71,71,71,71,71,71,71,71,71,71,71,71,72,72,72,72,72,72,72,72,72,72,72,72,72,72,72,72,72,72,72,72,72,72,72,72,72,72,72,72,73,73,73,73,73,73,73,73,73,73,73,73,73,73,73,73,73,73,73,73,73,74,74,74,74,74,74,74,74,74,75,75,75,75,75,75,75,76,90,90,99,110
Fitness 0,7370936, Gen ;0,7848;0,2862;0,2359;0,6891;0,004;0,6404;0,0041;0,209;0,8291;0,8494;0,8849;0,7867;0,1561;0,1434;0,4914;0,0312;0,5204;0,6598;0,9504;0,5878;0,5304
,79,79,79,79,79,79,79,79,79,79,79,79,79,79,79,79,79,79,79,79,79,79,79,79,79,80,80,80,80,80,80,80,80,80,80,80,80,80,80,80,80,80,80,80,80,80,80,80,80,80,80,80,80,80,80,80,81,81,81,81,81,81,81,81,81,81,81,81,81,81,81,81,81,81,81,81,82,82,82,82,82,82,82,82,82,82,83,83,83,84,85,85,86,86,86,87,88,88,88,89
Fitness 7,709695, Gen ;0,7848;0,2862;0,2359;0,6891;0,004;0,6404;0,0041;0,209;0,8291;0,8494;0,8849;0,7867;0,1561;0,1434;0,4914;0,0312;0,5204;0,6598;0,9504;0,5878;0,5304
,74,75,76,76,76,77,77,77,77,77,77,77,77,77,77,77,77,77,77,77,77,78,78,78,78,78,78,78,78,78,78,78,78,78,78,79,79,79,79,79,79,79,79,79,80,80,80,80,80,81,81,81,82,82,82,82,87,87,92,92,92,92,92,92,93,93,93,93,94,94,94,94,94,94,94,94,94,94,95,95,95,95,95,95,96,96,96,96,97,97,97,98,99,99,100,100,101,102,102,118
Fitness 18,31123, Gen ;0,7848;0,2862;0,2359;0,6891;0,004;0,6404;0,0041;0,209;0,8291;0,8494;0,8849;0,7867;0,1561;0,1434;0,4914;0,0312;0,5204;0,6598;0,9504;0,5878;0,5304
,69,69,69,69,69,69,69,69,69,69,70,70,70,70,70,70,70,70,70,70,70,70,70,70,70,70,70,70,70,70,70,70,70,70,70,70,70,70,70,70,70,70,70,70,71,71,71,71,71,71,71,71,71,71,71,71,71,71,71,71,71,71,71,71,71,71,71,72,72,72,72,72,72,72,72,72,72,72,72,72,72,73,73,73,73,73,73,73,73,73,73,73,74,77,77,77,78,78,78,79
Fitness 29,03924, Gen ;0,7848;0,2862;0,2359;0,6891;0,004;0,6404;0,0041;0,209;0,8291;0,8494;0,8849;0,7867;0,1561;0,1434;0,4914;0,0312;0,5204;0,6598;0,9504;0,5878;0,5304
,73,73,73,73,73,73,73,73,73,74,74,74,74,74,74,74,74,74,74,74,74,74,74,74,74,74,74,74,74,74,74,74,74,74,74,74,74,74,74,74,74,74,74,74,74,74,74,74,74,75,75,75,75,75,75,75,75,75,75,75,75,75,75,75,75,75,75,75,75,75,75,75,75,76,76,76,76,76,76,76,76,76,76,76,76,76,76,76,77,77,78,79,79,80,80,80,80,80,80,80
Fitness 12,83127, Gen ;0,7848;0,2862;0,2359;0,6891;0,004;0,6404;0,0041;0,209;0,8291;0,8494;0,8849;0,7867;0,1561;0,1434;0,4914;0,0312;0,5204;0,6598;0,9504;0,5878;0,5304
,87,87,87,87,87,87,87,87,87,87,87,87,87,88,88,88,88,88,88,88,88,88,88,88,88,88,88,88,88,88,88,88,88,88,88,88,88,88,88,88,88,88,88,89,89,89,89,89,89,89,89,89,89,89,89,89,89,89,89,89,90,90,90,90,90,90,90,90,90,90,90,90,90,90,90,90,90,90,91,91,91,91,91,91,91,91,91,91,91,91,91,91,92,93,95,97,98
Fitness 39,77695, Gen ;0,7848;0,2862;0,2359;0,6891;0,004;0,6404;0,0041;0,209;0,8291;0,8494;0,8849;0,7867;0,1561;0,1434;0,4914;0,0312;0,5204;0,6598;0,9504;0,5878;0,5304
,75,75,75,75,76,76,76,76,76,76,76,76,76,76,76,76,76,76,76,76,76,76,76,76,76,76,76,76,76,76,76,76,77,77,77,77,77,77,77,77,77,77,77,77,77,77,77,77,77,77,77,77,77,77,78,78,78,78,78,78,78,78,78,78,78,78,78,78,78,78,79,79,79,79,79,79,79,79,79,79,79,79,79,79,79,79,80,80,80,80,80,80,80,80,81,82,91,92,93,113
Fitness 37,19393, Gen ;0,7848;0,2862;0,2359;0,6891;0,004;0,6404;0,0041;0,209;0,8291;0,8494;0,8849;0,7867;0,1561;0,1434;0,4914;0,0312;0,5204;0,6598;0,9504;0,5878;0,5304
,116,116,116,117,117,118,119,124,125,125,125,125,126,126,126,126,126,126,126,126,126,126,127,127,127,127,127,127,127,127,127,127,127,127,127,127,127,127,127,127,127,127,128,128,128,128,128,128,128,128,128,128,128,128,128,129,129,129,129,129,129,129,129,130,130,130,130,130,130,130,130,130,130,130,131,131,131,131,131,131,131,131,131,132,132,132,132,132,132,132,133,134,134,134,134,135,135,135,136
Fitness 6,30401E-05, Gen ;0,7848;0,2862;0,2359;0,6891;0,004;0,6404;0,0041;0,209;0,8291;0,8494;0,8849;0,7867;0,1561;0,1434;0,4914;0,0312;0,5204;0,6598;0,9504;0,5878;0,5304
,95,95,95,95,95,95,95,95,95,95,95,95,95,95,95,95,95,95,95,95,95,95,95,95,95,96,96,96,96,96,96,96,96,96,96,96,96,96,96,96,96,96,96,96,96,96,96,96,96,96,96,97,97,97,97,97,97,97,97,97,97,97,97,97,97,97,97,97,97,97,97,97,98,98,98,98,98,98,98,98,98,99,99,99,99,99,99,99,99,99,100,100,100,101,106,107,150,152
Fitness 16,28371, Gen ;0,7848;0,2862;0,2359;0,6891;0,004;0,6404;0,0041;0,209;0,8291;0,8494;0,8849;0,7867;0,1561;0,1434;0,4914;0,0312;0,5204;0,6598;0,9504;0,5878;0,5304
,78,78,78,78,78,78,78,78,78,78,79,79,79,79,79,79,79,79,79,79,79,79,79,79,79,79,79,79,79,79,79,79,79,79,79,79,79,79,79,79,80,80,80,80,80,80,80,80,80,80,80,80,80,80,80,80,80,80,80,80,80,80,81,81,81,81,81,81,81,81,81,82,82,82,82,82,82,82,82,82,82,82,82,82,82,82,83,83,83,83,83,83,83,83,84,85,86,88,88
Fitness 0,000159671, Gen ;0,7848;0,2862;0,2359;0,6891;0,004;0,6404;0,0041;0,209;0,8291;0,8494;0,8849;0,7867;0,1561;0,1434;0,4914;0,0312;0,5204;0,6598;0,9504;0,5878;0,5304
,100,101,101,103,111,111,111,111,111,111,111,111,111,111,112,112,112,112,112,112,112,112,112,112,112,112,112,112,112,112,112,112,112,112,112,112,112,112,112,112,113,113,113,113,113,113,113,113,113,113,113,113,113,113,113,113,113,113,113,114,114,114,114,114,114,114,114,114,114,114,114,114,114,114,114,114,114,114,114,114,114,114,115,115,115,115,115,115,115,115,115,115,115,115,115,116,117
Fitness 0,0001059455, Gen ;0,7848;0,2862;0,2359;0,6891;0,004;0,6404;0,0041;0,209;0,8291;0,8494;0,8849;0,7867;0,1561;0,1434;0,4914;0,0312;0,5204;0,6598;0,9504;0,5878;0,5304
,82,83,83,83,83,83,83,83,83,84,84,84,84,85,85,85,85,85,86,87,87,87,87,87,87,87,87,87,87,88,88,88,88,88,88,88,89,89,89,89,89,89,89,89,89,89,89,90,90,91,92,92,92,92,93,93,93,93,93,94,94,94,94,95,95,95,96,98,99,99,99,99,99,99,99,99,99,100,100,100,100,100,100,100,100,100,100,101,101,101,101,101,101,102,102,106,138,141,143
Fitness 0,0001378725, Gen ;0,7848;0,2862;0,2359;0,6891;0,004;0,6404;0,0041;0,209;0,8291;0,8494;0,8849;0,7867;0,1561;0,1434;0,4914;0,0312;0,5204;0,6598;0,9504;0,5878;0,5304
,92,92,92,92,93,93,93,93,93,93,93,93,93,93,93,93,93,93,93,93,94,94,94,94,94,94,94,94,94,94,94,94,94,94,95,95,95,95,95,96,100,100,101,101,101,101,101,101,101,101,101,102,102,102,102,102,102,102,102,102,103,103,103,103,103,103,103,104,104,104,104,104,104,104,104,126,126,126,127,127,127,127,127,127,127,127,127,128,128,128,128,128,128,129,129,129,129,129,145
Fitness 0,0001230378, Gen ;0,7848;0,2862;0,2359;0,6891;0,004;0,6404;0,0041;0,209;0,8291;0,8494;0,8849;0,7867;0,1561;0,1434;0,4914;0,0312;0,5204;0,6598;0,9504;0,5878;0,5304
,61,62,62,62,62,62,62,62,62,62,62,62,62,62,62,62,62,62,62,62,62,62,62,62,62,62,62,62,62,62,62,62,62,62,62,62,62,62,62,62,62,62,62,63,63,63,63,63,63,63,63,63,63,63,63,63,63,63,63,63,63,64,64,64,64,64,64,64,64,64,64,64,64,64,64,65,65,65,65,66,67,69,71,72,73,74,75,75,75,75,76,76,76,77,77,78,78,153,154,157
Fitness 0,0001675119, Gen ;0,7848;0,2862;0,2359;0,6891;0,004;0,6404;0,0041;0,209;0,8291;0,8494;0,8849;0,7867;0,1561;0,1434;0,4914;0,0312;0,5204;0,6598;0,9504;0,5878;0,5304
,81,82,82,82,82,82,82,82,82,82,83,83,83,83,83,83,83,83,83,83,83,83,84,84,84,84,84,85,85,86,86,87,89,89,89,90,90,90,90,90,90,90,91,91,91,91,91,92,92,93,96,96,96,96,97,97,97,97,97,97,97,97,97,97,97,98,98,98,98,98,98,98,98,98,98,98,98,98,99,99,100,100,100,100,101,101,101,102,102,103,103,104,104,105,105,105,105,106,106,126
Fitness 0,000191356, Gen ;0,7848;0,2862;0,2359;0,6891;0,004;0,6404;0,0041;0,209;0,8291;0,8494;0,8849;0,7867;0,1561;0,1434;0,4914;0,0312;0,5204;0,6598;0,9504;0,5878;0,5304
,66,66,66,66,66,66,66,66,66,66,66,66,66,66,66,66,66,66,66,66,66,66,67,67,67,67,67,67,67,67,67,67,67,67,67,67,67,67,67,67,67,67,67,67,67,67,67,67,67,67,67,67,67,67,67,67,67,67,67,67,68,68,68,68,68,68,68,68,68,68,68,68,68,68,68,68,69,69,69,69,69,69,69,69,70,70,70,70,70,70,70,71,71,71,71,71,76,76,76,76
Fitness 2,062002, Gen ;0,7848;0,2862;0,2359;0,6891;0,004;0,6404;0,0041;0,209;0,8291;0,8494;0,8849;0,7867;0,1561;0,1434;0,4914;0,0312;0,5204;0,6598;0,9504;0,5878;0,5304
,60,60,60,60,61,61,61,61,61,61,61,61,61,61,61,61,61,61,61,61,61,61,61,61,61,61,61,61,61,61,62,62,62,62,62,62,62,62,62,62,62,62,62,62,62,62,62,62,62,62,62,62,62,62,62,62,63,63,63,63,63,63,63,63,63,63,63,63,63,63,63,63,63,63,63,63,63,63,64,64,64,64,64,64,64,64,64,64,64,64,64,65,65,65,65,67,67,68,68,71
Fitness 9,068903, Gen ;0,7848;0,2862;0,2359;0,6891;0,004;0,6404;0,0041;0,209;0,8291;0,8494;0,8849;0,7867;0,1561;0,1434;0,4914;0,0312;0,5204;0,6598;0,9504;0,5878;0,5304
,71,71,71,71,71,72,72,72,72,72,72,72,72,72,72,72,72,72,72,72,72,72,72,72,72,72,72,72,72,72,72,72,72,73,73,73,73,73,73,73,73,73,73,73,73,73,73,73,73,73,73,73,73,73,74,74,74,74,74,74,74,74,74,74,74,74,74,74,74,74,74,74,74,74,74,74,74,74,75,75,75,75,75,75,75,75,75,76,76,76,76,76,77,77,78,78,78,78,79,79
Fitness 43,03548, Gen ;0,7848;0,2862;0,2359;0,6891;0,004;0,6404;0,0041;0,209;0,8291;0,8494;0,8849;0,7867;0,1561;0,1434;0,4914;0,0312;0,5204;0,6598;0,9504;0,5878;0,5304
,106,109,109,109,109,110,110,110,110,110,110,110,110,110,110,110,110,110,110,110,111,111,111,111,111,111,111,111,111,111,111,111,111,111,111,111,111,111,111,112,112,112,112,112,112,112,112,112,112,112,112,112,113,113,113,113,113,113,114,114,114,114,114,114,114,115,115,115,115,115,116,116,117,117,118,118,118,119,119,119,119,120,120,120,120,120,121,121,122,122,123,123,123,123,123,124,124,166,167,167
Fitness 49,41214, Gen ;0,7848;0,2862;0,2359;0,6891;0,004;0,6404;0,0041;0,209;0,8291;0,8494;0,8849;0,7867;0,1561;0,1434;0,4914;0,0312;0,5204;0,6598;0,9504;0,5878;0,5304
,94,94,94,94,94,95,95,95,95,95,95,95,95,95,95,95,95,95,95,95,95,95,95,95,95,95,95,95,95,95,95,95,95,95,95,96,96,96,96,96,96,96,96,96,96,96,96,96,96,96,96,96,96,96,96,96,96,97,97,97,97,97,97,97,97,97,97,97,97,97,98,98,98,98,98,98,98,98,98,98,99,99,99,99,99,99,99,100,100,101,101,149,156,158,160,171,172,172,175,176
Fitness 38,26183, Gen ;0,7848;0,2862;0,2359;0,6891;0,004;0,6404;0,0041;0,209;0,8291;0,8494;0,8849;0,7867;0,1561;0,1434;0,4914;0,0312;0,5204;0,6598;0,9504;0,5878;0,5304
,69,70,80,105,105,106,107,107,107,107,107,107,107,107,107,107,107,108,108,108,108,108,108,108,108,108,108,108,109,109,109,109,109,109,109,109,109,109,109,109,109,109,109,109,109,109,109,110,110,110,110,110,110,110,110,110,110,110,110,110,110,110,111,111,111,111,111,111,111,112,112,112,112,112,112,112,112,112,113,113,113,113,113,113,113,113,114,114,114,114,114,114,114,114,115,115,116,118,132,133
Fitness 0,3558069, Gen ;0,7848;0,2862;0,2359;0,6891;0,004;0,6404;0,0041;0,209;0,8291;0,8494;0,8849;0,7867;0,1561;0,1434;0,4914;0,0312;0,5204;0,6598;0,9504;0,5878;0,5304
,52,52,52,53,53,53,53,53,53,53,53,53,53,53,53,53,53,53,53,53,53,53,53,53,53,53,53,53,53,53,53,53,53,53,53,53,53,53,53,53,53,53,53,53,53,53,53,53,53,54,54,54,54,54,54,54,54,54,54,54,54,54,54,54,54,54,54,54,54,54,54,54,54,54,54,54,55,55,55,55,55,55,55,55,55,55,55,55,55,56,56,56,58,58,59,60,60,60,61,62
Fitness 0,05111731, Gen ;0,7848;0,2862;0,2359;0,6891;0,004;0,6404;0,0041;0,209;0,8291;0,8494;0,8849;0,7867;0,1561;0,1434;0,4914;0,0312;0,5204;0,6598;0,9504;0,5878;0,5304
,70,70,70,71,71,71,71,71,71,71,72,72,72,72,72,72,72,72,72,72,72,72,72,72,72,72,72,72,72,72,72,72,72,72,73,73,73,73,73,73,73,73,73,73,73,73,73,73,73,73,73,73,73,73,73,73,74,74,74,74,74,74,74,74,74,74,74,74,74,74,74,74,74,74,74,74,75,75,75,75,75,75,75,75,75,75,75,76,76,76,76,76,77,77,77,77,77,77,78,78
Fitness 5,581802, Gen ;0,7848;0,2862;0,2359;0,6891;0,004;0,6404;0,0041;0,209;0,8291;0,8494;0,8849;0,7867;0,1561;0,1434;0,4914;0,0312;0,5204;0,6598;0,9504;0,5878;0,5304
,74,74,75,75,75,75,75,75,75,75,75,75,75,75,75,75,75,75,75,75,75,75,75,75,76,76,76,76,76,76,76,76,76,76,76,76,76,76,76,76,76,76,77,77,77,77,77,77,77,77,77,77,77,77,77,77,77,77,78,78,78,78,78,78,79,79,79,79,79,79,79,79,80,80,80,81,81,111,111,111,112,112,112,112,112,112,113,113,113,113,113,114,114,114,115,115,115,117,142,142
Fitness 62,20642, Gen ;0,7848;0,2862;0,2359;0,6891;0,004;0,6404;0,0041;0,209;0,8291;0,8494;0,8849;0,7867;0,1561;0,1434;0,4914;0,0312;0,5204;0,6598;0,9504;0,5878;0,5304
,115,115,115,116,117,120,120,120,120,121,121,121,121,121,121,122,122,122,122,122,122,122,122,122,122,122,122,122,122,122,122,122,122,122,122,122,123,123,123,123,123,123,123,123,123,123,123,123,123,123,123,123,123,123,123,123,124,124,124,124,124,124,124,124,124,124,124,124,124,124,124,125,125,125,125,125,125,125,125,125,125,125,125,125,125,125,126,127
Fitness 39,45656, Gen ;0,7848;0,2862;0,2359;0,6891;0,004;0,6404;0,0041;0,209;0,8291;0,8494;0,8849;0,7867;0,1561;0,1434;0,4914;0,0312;0,5204;0,6598;0,9504;0,5878;0,5304
,70,70,70,70,70,71,71,71,71,71,71,71,71,71,71,71,71,71,71,71,71,71,71,71,71,71,71,71,71,71,72,72,72,72,72,72,72,72,72,72,72,72,72,72,72,72,72,72,72,72,72,73,73,73,73,73,73,73,73,73,73,73,73,73,73,73,73,74,74,74,74,74,74,74,74,74,74,74,75,75,75,75,75,75,75,75,75,75,76,76,76,77,77,78,79,80,80,81,82,82
Fitness 4,731254, Gen ;0,7848;0,2862;0,2359;0,6891;0,004;0,6404;0,0041;0,209;0,8291;0,8494;0,8849;0,7867;0,1561;0,1434;0,4914;0,0312;0,5204;0,6598;0,9504;0,5878;0,5304
,72,72,72,72,72,72,72,72,72,72,72,72,72,72,72,72,73,73,73,73,73,73,73,73,73,73,73,73,73,73,73,73,73,73,73,73,73,73,73,73,73,74,74,74,74,74,74,74,74,74,74,74,74,74,74,74,74,74,74,74,74,74,75,75,75,75,75,75,75,75,75,75,75,76,76,76,76,76,76,76,76,76,76,77,77,77,77,77,77,78,78,78,79,80,80,81,81,82,84,107
Fitness 0,0001771269, Gen ;0,7848;0,2862;0,2359;0,6891;0,004;0,6404;0,0041;0,209;0,8291;0,8494;0,8849;0,7867;0,1561;0,1434;0,4914;0,0312;0,5204;0,6598;0,9504;0,5878;0,5304
,62,62,62,62,62,62,63,63,63,63,63,63,63,63,63,63,63,64,64,64,64,64,64,64,64,65,65,65,65,65,65,66,66,66,66,67,67,67,67,67,67,68,68,68,68,69,69,69,70,70,70,70,70,71,71,71,72,73,73,73,74,74,74,75,75,75,75,75,77,77,78,78,78,78,79,80,108,110,110,111,111,111,111,111,112,112,112,112,112,113,113,114,114,114,115,115,117,117,138,140
Fitness 36,17498, Gen ;0,7848;0,2862;0,2359;0,6891;0,004;0,6404;0,0041;0,209;0,8291;0,8494;0,8849;0,7867;0,1561;0,1434;0,4914;0,0312;0,5204;0,6598;0,9504;0,5878;0,5304
,71,71,71,71,71,72,72,72,72,72,72,72,72,72,72,72,72,72,73,73,73,73,73,73,73,73,73,73,73,73,73,73,73,73,73,73,73,73,73,74,74,74,74,74,74,74,74,74,74,74,74,74,74,74,74,74,74,74,74,74,74,75,75,75,75,75,75,75,75,75,75,75,75,75,75,75,76,76,76,76,76,76,77,77,77,77,77,77,78,80,80,80,81,81,81,82,82,83,85,86
Fitness 19,81691, Gen ;0,7848;0,2862;0,2359;0,6891;0,004;0,6404;0,0041;0,209;0,8291;0,8494;0,8849;0,7867;0,1561;0,1434;0,4914;0,0312;0,5204;0,6598;0,9504;0,5878;0,5304
,75,75,75,75,75,75,75,75,75,75,75,75,75,75,75,75,75,75,75,75,75,75,76,76,76,76,76,76,76,76,76,76,76,76,76,76,76,76,76,76,76,76,77,77,77,77,77,77,77,77,77,77,77,77,77,77,77,77,77,77,77,78,78,78,78,78,78,78,78,78,78,78,78,78,79,79,79,79,79,79,80,80,80,80,80,81,82,82,83,84,84,86,86,87,88,93,94,95,95,99
Fitness 5,519964, Gen ;0,7848;0,2862;0,2359;0,6891;0,004;0,6404;0,0041;0,209;0,8291;0,8494;0,8849;0,7867;0,1561;0,1434;0,4914;0,0312;0,5204;0,6598;0,9504;0,5878;0,5304
,73,73,74,74,74,74,74,74,74,74,75,75,75,75,75,75,75,75,75,75,75,75,75,75,75,75,75,76,76,76,76,76,76,76,76,76,76,76,76,76,76,76,76,76,76,76,76,77,77,77,77,77,77,77,77,77,77,77,77,77,77,77,77,77,78,78,78,78,78,78,78,78,78,78,78,78,78,78,78,78,78,78,79,79,79,79,79,79,79,79,79,79,79,80,80,81,81,82,82,83
Fitness 33,22541, Gen ;0,7848;0,2862;0,2359;0,6891;0,004;0,6404;0,0041;0,209;0,8291;0,8494;0,8849;0,7867;0,1561;0,1434;0,4914;0,0312;0,5204;0,6598;0,9504;0,5878;0,5304
,116,116,116,116,116,116,116,116,116,116,116,116,116,116,116,116,116,116,116,116,116,116,117,117,117,117,117,117,117,117,117,117,117,117,117,117,117,117,117,117,117,117,118,118,118,118,118,118,118,118,118,118,118,119,119,119,119,119,119,119,119,119,119,120,120,120,120,120,120,120,120,120,120,120,120,120,120,120,120,121,121,124,125,127,127,128,128,129,130,134,144,162,162,162,163,163,163,168,169
Fitness 23,66621, Gen ;0,7848;0,2862;0,2359;0,6891;0,004;0,6404;0,0041;0,209;0,8291;0,8494;0,8849;0,7867;0,1561;0,1434;0,4914;0,0312;0,5204;0,6598;0,9504;0,5878;0,5304
,89,90,90,90,90,90,90,90,90,90,91,91,91,91,91,91,91,91,91,91,91,91,91,92,92,92,92,92,92,92,92,92,92,92,92,93,93,93,93,93,93,93,93,93,93,93,93,93,94,94,94,94,94,94,94,94,94,94,94,94,95,95,95,95,95,95,95,95,95,95,95,96,96,96,96,96,96,96,97,97,97,97,97,98,98,98,98,98,98,98,98,99,99,99,100,100,100,101,101,103
Fitness 34,83627, Gen ;0,7848;0,2862;0,2359;0,6891;0,004;0,6404;0,0041;0,209;0,8291;0,8494;0,8849;0,7867;0,1561;0,1434;0,4914;0,0312;0,5204;0,6598;0,9504;0,5878;0,5304
,99,99,99,99,99,100,100,100,100,100,100,100,100,100,100,100,101,101,101,101,101,102,102,102,102,102,102,102,103,152,155,156,156,156,157,157,157,157,158,158,158,158,158,159,159,159,159,159,159,159,159,160,160,161,162,163,164,165,166,167,167,167,167,167,167,167,167,167,167,167,167,167,167,167,167,168,168,168,168,168,168,168,168,168,168,168,168,168,169,169,169,169,170,170,175
Fitness 0,0001022764, Gen ;0,7848;0,2862;0,2359;0,6891;0,004;0,6404;0,0041;0,209;0,8291;0,8494;0,8849;0,7867;0,1561;0,1434;0,4914;0,0312;0,5204;0,6598;0,9504;0,5878;0,5304
,55,55,55,55,55,55,55,55,55,55,55,55,55,56,56,56,56,56,56,56,56,56,56,56,56,56,56,56,56,56,56,56,56,56,56,56,56,56,56,56,56,56,56,56,56,56,56,56,56,56,56,57,57,57,57,57,57,57,57,57,57,57,57,57,57,57,57,57,57,57,57,57,57,57,57,57,58,58,58,58,58,58,58,58,58,58,58,58,59,59,59,59,59,60,60,61,61,61,62,63
Fitness 18,26699, Gen ;0,7848;0,2862;0,2359;0,6891;0,004;0,6404;0,0041;0,209;0,8291;0,8494;0,8849;0,7867;0,1561;0,1434;0,4914;0,0312;0,5204;0,6598;0,9504;0,5878;0,5304
,55,55,55,55,55,55,55,56,56,56,56,56,56,56,56,56,56,56,56,56,56,56,56,56,56,56,56,56,56,56,56,56,57,57,57,57,57,57,57,57,57,57,57,57,57,57,57,57,57,57,57,57,57,57,57,57,57,57,57,57,57,57,58,58,58,58,58,58,58,58,58,58,58,58,58,58,58,58,58,58,58,58,59,59,59,59,59,59,59,59,59,59,59,59,59,60,61,62,63,64
Fitness 0,0001845835, Gen ;0,7848;0,2862;0,2359;0,6891;0,004;0,6404;0,0041;0,209;0,8291;0,8494;0,8849;0,7867;0,1561;0,1434;0,4914;0,0312;0,5204;0,6598;0,9504;0,5878;0,5304
,74,74,75,75,75,75,75,75,76,76,76,76,76,76,76,76,77,77,77,77,77,77,77,77,78,78,78,78,78,78,78,78,78,79,79,80,80,80,80,80,80,80,80,81,81,81,81,81,81,81,81,81,81,81,82,82,82,83,83,83,83,83,83,83,83,83,83,83,83,84,84,84,84,84,84,84,84,85,85,85,85,85,85,85,85,85,85,86,86,87,87,87,87,87,88,88,88,92,94,95
Fitness 59,79794, Gen ;0,7848;0,2862;0,2359;0,6891;0,004;0,6404;0,0041;0,209;0,8291;0,8494;0,8849;0,7867;0,1561;0,1434;0,4914;0,0312;0,5204;0,6598;0,9504;0,5878;0,5304
,120,120,120,121,121,121,121,121,121,121,121,121,122,122,122,122,122,122,122,122,122,122,122,123,123,123,123,123,123,123,123,123,123,123,123,123,123,124,124,124,124,124,124,124,124,124,124,124,124,124,124,124,125,125,125,125,125,125,125,125,125,125,125,126,126,126,126,126,127,127,128,128,134,134,135,135,136,136,136,136,137,137,137,137,137,137,138,138,138,138,139,139,139,139,140,142,172
Fitness 58,54024, Gen ;0,7848;0,2862;0,2359;0,6891;0,004;0,6404;0,0041;0,209;0,8291;0,8494;0,8849;0,7867;0,1561;0,1434;0,4914;0,0312;0,5204;0,6598;0,9504;0,5878;0,5304
,101,102,102,102,102,103,103,103,103,103,104,104,105,105,105,105,106,106,106,107,107,107,107,107,107,107,107,107,107,107,108,108,108,108,108,108,108,108,108,108,108,108,108,108,108,108,108,108,108,109,109,109,109,109,109,109,109,109,109,109,109,109,109,110,110,110,110,110,110,110,110,110,110,110,110,111,111,111,111,111,111,111,112,112,112,113,114,115,116,116,119,119,120,120,121
Fitness 25,5975, Gen ;0,7848;0,2862;0,2359;0,6891;0,004;0,6404;0,0041;0,209;0,8291;0,8494;0,8849;0,7867;0,1561;0,1434;0,4914;0,0312;0,5204;0,6598;0,9504;0,5878;0,5304
,67,67,67,67,67,67,67,67,67,67,67,67,67,67,67,67,67,67,67,67,67,67,67,67,67,67,67,67,67,67,67,67,68,68,68,68,68,68,68,68,68,68,68,68,68,68,68,68,68,68,68,68,68,68,68,68,68,68,68,68,68,68,69,69,69,69,69,69,69,69,69,69,69,69,69,69,69,69,69,69,69,70,70,70,70,70,70,70,70,70,70,71,71,72,73,73,74,75,76,92
Fitness 0,0001678383, Gen ;0,7848;0,2862;0,2359;0,6891;0,004;0,6404;0,0041;0,209;0,8291;0,8494;0,8849;0,7867;0,1561;0,1434;0,4914;0,0312;0,5204;0,6598;0,9504;0,5878;0,5304
,75,75,75,75,75,75,75,75,75,75,75,75,75,76,76,76,76,76,76,76,76,76,76,76,76,76,76,76,76,76,76,76,76,76,77,77,77,77,77,77,77,77,78,78,78,78,78,78,78,78,79,79,79,79,80,80,80,80,80,81,81,81,81,81,81,81,81,82,82,82,82,82,82,82,83,83,83,83,83,83,84,84,84,84,84,84,84,84,86,86,86,86,87,87,88,88,88,88,91,116
Fitness 9,479158E-05, Gen ;0,7848;0,2862;0,2359;0,6891;0,004;0,6404;0,0041;0,209;0,8291;0,8494;0,8849;0,7867;0,1561;0,1434;0,4914;0,0312;0,5204;0,6598;0,9504;0,5878;0,5304
,86,86,86,86,86,86,86,86,87,87,87,87,87,87,87,87,87,87,87,87,87,87,87,87,87,87,87,87,87,87,87,87,87,87,88,88,88,88,88,88,88,88,89,89,89,89,89,90,91,91,92,99,99,99,99,99,99,99,99,99,99,99,99,100,100,100,100,100,100,100,100,100,100,100,100,100,100,100,101,101,101,101,101,101,103,104,104,104,104,105,105,112,113,114,114,114,115,115,115,115
Fitness 30,96586, Gen ;0,7848;0,2862;0,2359;0,6891;0,004;0,6404;0,0041;0,209;0,8291;0,8494;0,8849;0,7867;0,1561;0,1434;0,4914;0,0312;0,5204;0,6598;0,9504;0,5878;0,5304
,81,81,81,81,81,81,81,81,82,82,82,82,82,82,82,83,83,83,83,83,83,83,83,83,83,83,83,83,84,84,84,84,84,84,84,84,84,84,84,84,85,85,85,85,85,85,85,85,85,86,86,86,86,86,86,86,86,86,86,86,87,87,87,87,87,88,88,88,92,92,93,93,93,93,97,103,103,103,105,105,105,105,105,106,106,106,107,107,107,108,108,109,109,109,110,110,110,112,113,133
Fitness 14,51895, Gen ;0,7848;0,2862;0,2359;0,6891;0,004;0,6404;0,0041;0,209;0,8291;0,8494;0,8849;0,7867;0,1561;0,1434;0,4914;0,0312;0,5204;0,6598;0,9504;0,5878;0,5304
,84,84,85,85,85,85,86,86,86,86,86,87,87,88,88,88,88,88,89,90,91,91,92,92,92,92,93,93,93,93,93,93,94,94,95,95,95,95,95,96,96,96,96,96,96,97,97,97,97,98,98,98,98,99,100,100,106,106,106,106,106,106,106,106,106,106,107,107,107,107,107,107,107,107,107,108,117,117,118,118,118,118,119,119,120,123,127,129,131,132,133,139,140,140,141,141,145,145,146,146
Fitness 12,56116, Gen ;0,7848;0,2862;0,2359;0,6891;0,004;0,6404;0,0041;0,209;0,8291;0,8494;0,8849;0,7867;0,1561;0,1434;0,4914;0,0312;0,5204;0,6598;0,9504;0,5878;0,5304
,80,80,80,80,80,80,80,80,80,80,80,80,80,81,81,81,81,81,81,81,81,81,81,81,81,81,81,81,81,81,81,81,81,81,81,81,81,81,81,81,81,81,81,81,81,81,82,82,82,82,82,82,82,82,82,82,82,82,82,82,82,82,82,82,82,83,83,83,83,83,83,83,84,84,84,84,84,84,85,85,85,85,85,86,86,87,88,88,88,88,89,89,89,89,90,90,101,109,112,128
Fitness 6,879732, Gen ;0,7848;0,2862;0,2359;0,6891;0,004;0,6404;0,0041;0,209;0,8291;0,8494;0,8849;0,7867;0,1561;0,1434;0,4914;0,0312;0,5204;0,6598;0,9504;0,5878;0,5304
,72,72,72,72,73,73,73,73,73,73,73,73,73,73,73,73,73,73,73,73,73,73,73,73,73,73,73,73,73,73,73,73,73,73,73,73,73,73,73,73,73,73,73,73,73,74,74,74,74,74,74,74,74,74,74,74,74,74,74,74,74,74,74,74,74,75,75,75,75,75,75,75,76,76,76,77,77,78,79,83,86,87,87,87,88,88,88,89,89,90,90,90,90,91,91,92,99,99,101,101
Fitness 3,137485, Gen ;0,7848;0,2862;0,2359;0,6891;0,004;0,6404;0,0041;0,209;0,8291;0,8494;0,8849;0,7867;0,1561;0,1434;0,4914;0,0312;0,5204;0,6598;0,9504;0,5878;0,5304
,98,112,112,112,112,112,112,112,112,112,112,113,113,113,113,113,113,113,113,113,113,113,113,113,113,113,113,113,113,113,114,114,114,114,114,114,114,114,114,114,114,114,115,115,115,115,115,115,115,115,115,115,115,115,115,115,116,116,116,116,116,116,116,116,116,116,116,116,116,116,117,117,117,117,117,117,117,118,118,118,118,118,118,118,118,119,119,119,120,120,120,120,120,121,121,123,123
Fitness 9,255736, Gen ;0,7848;0,2862;0,2359;0,6891;0,004;0,6404;0,0041;0,209;0,8291;0,8494;0,8849;0,7867;0,1561;0,1434;0,4914;0,0312;0,5204;0,6598;0,9504;0,5878;0,5304
,99,99,99,99,99,99,99,99,99,99,99,99,99,99,99,99,99,100,100,100,100,100,100,100,100,101,101,101,101,101,101,101,101,101,101,101,101,101,101,101,101,101,101,102,102,102,102,104,105,106,107,107,107,108,108,108,108,108,108,108,108,108,108,108,108,108,108,108,108,109,109,109,109,109,109,109,109,109,109,110,110,110,110,110,112,113,114,119,119,120,120,121,121,121,121,121,121,122,122,150
Fitness 22,61407, Gen ;0,7848;0,2862;0,2359;0,6891;0,004;0,6404;0,0041;0,209;0,8291;0,8494;0,8849;0,7867;0,1561;0,1434;0,4914;0,0312;0,5204;0,6598;0,9504;0,5878;0,5304
,104,104,104,104,104,104,105,105,105,105,105,105,105,105,105,105,106,106,106,106,106,106,106,106,106,106,106,107,107,107,107,107,107,107,107,107,107,107,107,107,107,107,107,107,107,107,107,107,107,107,107,108,108,108,108,108,108,108,108,108,108,108,108,108,108,108,108,108,109,109,109,109,109,109,109,109,109,109,109,109,110,110,110,110,110,110,110,110,110,111,111,111,112,112,114,114,114,115,119,137
Fitness 0,0001593625, Gen ;0,7848;0,2862;0,2359;0,6891;0,004;0,6404;0,0041;0,209;0,8291;0,8494;0,8849;0,7867;0,1561;0,1434;0,4914;0,0312;0,5204;0,6598;0,9504;0,5878;0,5304
,74,74,74,74,74,74,75,75,75,76,76,76,76,76,76,76,76,76,76,76,76,76,76,76,76,76,76,76,76,76,76,77,77,77,77,77,77,77,77,77,77,77,77,77,77,77,77,77,77,77,78,78,78,78,78,78,78,78,78,78,78,79,79,79,79,79,79,79,79,80,80,80,80,80,80,80,81,81,81,82,82,82,82,82,82,82,83,83,83,83,84,85,85,86,132,138,139,139,148,148
Fitness 2,249689, Gen ;0,7848;0,2862;0,2359;0,6891;0,004;0,6404;0,0041;0,209;0,8291;0,8494;0,8849;0,7867;0,1561;0,1434;0,4914;0,0312;0,5204;0,6598;0,9504;0,5878;0,5304
,74,74,74,74,74,74,74,74,75,75,75,75,75,75,75,75,75,75,75,75,75,75,75,75,75,75,75,75,75,75,75,75,75,75,75,75,75,75,75,75,75,75,76,76,76,76,76,76,76,76,76,76,76,76,76,76,76,76,76,76,76,76,77,77,77,77,77,77,77,77,77,77,77,77,77,77,77,77,78,78,78,78,78,78,78,78,78,78,78,79,79,79,80,80,80,80,81,82,83,83
Fitness 4,63238, Gen ;0,7848;0,2862;0,2359;0,6891;0,004;0,6404;0,0041;0,209;0,8291;0,8494;0,8849;0,7867;0,1561;0,1434;0,4914;0,0312;0,5204;0,6598;0,9504;0,5878;0,5304
,69,69,69,69,69,69,69,69,69,69,69,69,69,69,69,69,69,69,69,69,69,69,69,69,69,70,70,70,70,70,70,70,70,70,70,70,70,70,70,70,70,70,70,70,70,70,70,70,70,70,70,70,71,71,71,71,71,71,71,71,71,71,71,71,72,72,72,72,72,72,72,72,72,72,72,72,72,72,73,73,73,73,73,74,74,74,76,140,141,141,141,141,141,141,141,141,141,141,142,155
Fitness 3,554622, Gen ;0,7848;0,2862;0,2359;0,6891;0,004;0,6404;0,0041;0,209;0,8291;0,8494;0,8849;0,7867;0,1561;0,1434;0,4914;0,0312;0,5204;0,6598;0,9504;0,5878;0,5304
,130,130,130,130,130,130,130,130,130,130,130,130,130,130,130,130,130,130,130,131,131,131,131,131,131,131,131,131,131,131,131,131,131,131,131,131,131,131,131,131,131,131,131,132,132,132,132,132,132,132,132,132,132,132,132,132,132,132,132,132,132,132,132,133,133,133,133,133,133,133,133,133,134,135,153,153,154,154,154,154,154,155,155,155,155,155,155,155,155,155,156,156,157,159,169
Fitness 34,72838, Gen ;0,7848;0,2862;0,2359;0,6891;0,004;0,6404;0,0041;0,209;0,8291;0,8494;0,8849;0,7867;0,1561;0,1434;0,4914;0,0312;0,5204;0,6598;0,9504;0,5878;0,5304
,97,97,97,97,97,97,97,97,97,97,97,97,97,97,97,97,97,97,97,97,97,97,97,97,97,97,97,98,98,98,98,98,98,98,98,98,98,98,98,98,98,98,98,98,98,98,98,98,98,98,98,98,98,98,98,98,98,98,98,98,99,99,99,99,99,99,99,99,99,99,99,99,100,100,100,100,100,100,100,100,100,101,101,101,101,101,101,101,101,102,102,102,103,103,104,104,104
Fitness 2,166163, Gen ;0,7848;0,2862;0,2359;0,6891;0,004;0,6404;0,0041;0,209;0,8291;0,8494;0,8849;0,7867;0,1561;0,1434;0,4914;0,0312;0,5204;0,6598;0,9504;0,5878;0,5304
,52,52,52,52,52,52,52,52,52,52,52,52,52,52,52,52,53,53,53,53,53,53,53,53,53,53,53,53,53,53,53,53,54,54,54,54,54,54,54,54,54,54,54,54,54,54,54,54,54,54,54,54,55,55,55,55,55,55,55,55,55,55,55,55,56,56,56,56,56,56,56,56,57,57,57,57,57,57,57,57,57,57,57,58,58,58,58,58,58,58,59,59,60,60,60,61,61,62,63,63
Fitness 0,0001594005, Gen ;0,7848;0,2862;0,2359;0,6891;0,004;0,6404;0,0041;0,209;0,8291;0,8494;0,8849;0,7867;0,1561;0,1434;0,4914;0,0312;0,5204;0,6598;0,9504;0,5878;0,5304
,66,66,66,66,66,66,66,66,66,67,67,67,67,67,67,67,67,67,67,67,67,67,67,67,67,67,67,67,67,67,67,67,67,67,68,68,68,68,68,68,68,68,68,68,68,68,68,68,68,68,68,68,68,68,68,68,68,68,68,68,68,69,69,69,69,69,69,69,69,69,69,69,69,69,70,70,70,70,70,70,70,71,71,71,71,71,71,71,72,72,72,73,73,73,73,73,73,73,73,74
Fitness 0,0001574426, Gen ;0,7848;0,2862;0,2359;0,6891;0,004;0,6404;0,0041;0,209;0,8291;0,8494;0,8849;0,7867;0,1561;0,1434;0,4914;0,0312;0,5204;0,6598;0,9504;0,5878;0,5304
,85,85,85,85,85,85,85,85,85,85,85,85,85,85,85,85,85,85,85,85,85,85,85,85,86,86,86,86,86,86,86,86,86,86,86,86,86,86,86,86,87,87,87,87,87,87,87,87,87,87,87,87,87,87,87,88,88,88,88,88,88,89,89,89,90,90,90,90,91,91,92,92,150,150,151,151,151,151,151,151,151,151,151,151,152,152,152,152,152,152,152,152,152,153,153,153,153,153,153
Fitness 61,37223, Gen ;0,7848;0,2862;0,2359;0,6891;0,004;0,6404;0,0041;0,209;0,8291;0,8494;0,8849;0,7867;0,1561;0,1434;0,4914;0,0312;0,5204;0,6598;0,9504;0,5878;0,5304
,56,57,58,59,59,59,59,59,59,59,59,59,59,59,59,59,59,59,59,59,59,60,60,60,60,60,60,60,60,60,60,60,60,60,60,60,60,60,60,60,60,60,60,60,60,61,61,61,61,61,61,61,61,61,61,61,61,61,61,61,62,62,62,62,62,62,62,62,62,62,62,62,62,63,63,63,63,63,63,63,63,64,64,64,64,64,65,65,65,65,65,65,66,66,66,66,67,68,68,78
Fitness 44,47604, Gen ;0,7848;0,2862;0,2359;0,6891;0,004;0,6404;0,0041;0,209;0,8291;0,8494;0,8849;0,7867;0,1561;0,1434;0,4914;0,0312;0,5204;0,6598;0,9504;0,5878;0,5304
,102,102,102,102,102,102,102,102,102,102,102,102,102,102,103,103,103,103,103,103,103,103,103,103,103,103,103,103,103,103,104,104,104,104,104,104,104,104,104,104,104,104,105,105,105,106,106,107,108,108,109,110,110,110,110,110,111,113,114,114,114,114,114,114,114,114,114,114,114,114,114,114,115,115,115,115,115,115,115,116,116,116,116,116,116,116,116,117,118,120,125,125,126,127,127,127,127,128
Fitness 0,0001002707, Gen ;0,7848;0,2862;0,2359;0,6891;0,004;0,6404;0,0041;0,209;0,8291;0,8494;0,8849;0,7867;0,1561;0,1434;0,4914;0,0312;0,5204;0,6598;0,9504;0,5878;0,5304
,74,74,74,75,75,75,75,75,75,75,75,75,75,75,75,75,75,75,75,75,75,75,75,75,76,76,76,76,76,76,76,76,76,76,76,76,77,77,77,77,77,77,77,77,77,77,77,77,77,78,78,78,78,78,78,78,78,79,79,79,79,79,79,79,80,80,80,80,81,81,81,81,81,82,82,82,82,82,83,83,83,83,84,84,84,84,84,84,85,85,86,87,87,88,88,89
