	1PopravljenStroembom ovc
	3 AI1 ovcarjev
Generacija 1, Fitness 92,27138, Gen ;0,9366;0,413;0,7806;0,8467;0,026;0,0663;0,0258;0,1357;0,4788;0,9203;0,7226;0,7275;0,1279;0,045;0,5;0,2678;0,6497;0,9343;0,7669;0,3508;0,6647
,43
Generacija 1, Fitness 95,18646, Gen ;0,9366;0,413;0,7806;0,8467;0,026;0,0663;0,0258;0,1357;0,4788;0,9203;0,7226;0,7275;0,1279;0,045;0,5;0,2678;0,6497;0,9343;0,7669;0,3508;0,6647
,41
Generacija 1, Fitness 85,81739, Gen ;0,9366;0,413;0,7806;0,8467;0,026;0,0663;0,0258;0,1357;0,4788;0,9203;0,7226;0,7275;0,1279;0,045;0,5;0,2678;0,6497;0,9343;0,7669;0,3508;0,6647
,46
Generacija 1, Fitness 104,3896, Gen ;0,9366;0,413;0,7806;0,8467;0,026;0,0663;0,0258;0,1357;0,4788;0,9203;0,7226;0,7275;0,1279;0,045;0,5;0,2678;0,6497;0,9343;0,7669;0,3508;0,6647
,37
Generacija 1, Fitness 90,71169, Gen ;0,9366;0,413;0,7806;0,8467;0,026;0,0663;0,0258;0,1357;0,4788;0,9203;0,7226;0,7275;0,1279;0,045;0,5;0,2678;0,6497;0,9343;0,7669;0,3508;0,6647
,44
Generacija 1, Fitness 102,1186, Gen ;0,9366;0,413;0,7806;0,8467;0,026;0,0663;0,0258;0,1357;0,4788;0,9203;0,7226;0,7275;0,1279;0,045;0,5;0,2678;0,6497;0,9343;0,7669;0,3508;0,6647
,38
Generacija 1, Fitness 105,9614, Gen ;0,9366;0,413;0,7806;0,8467;0,026;0,0663;0,0258;0,1357;0,4788;0,9203;0,7226;0,7275;0,1279;0,045;0,5;0,2678;0,6497;0,9343;0,7669;0,3508;0,6647
,36
Generacija 1, Fitness 90,58791, Gen ;0,9366;0,413;0,7806;0,8467;0,026;0,0663;0,0258;0,1357;0,4788;0,9203;0,7226;0,7275;0,1279;0,045;0,5;0,2678;0,6497;0,9343;0,7669;0,3508;0,6647
,44
Generacija 1, Fitness 116,0171, Gen ;0,9366;0,413;0,7806;0,8467;0,026;0,0663;0,0258;0,1357;0,4788;0,9203;0,7226;0,7275;0,1279;0,045;0,5;0,2678;0,6497;0,9343;0,7669;0,3508;0,6647
,32
Generacija 1, Fitness 98,65955, Gen ;0,9366;0,413;0,7806;0,8467;0,026;0,0663;0,0258;0,1357;0,4788;0,9203;0,7226;0,7275;0,1279;0,045;0,5;0,2678;0,6497;0,9343;0,7669;0,3508;0,6647
,40
Generacija 1, Fitness 85,38177, Gen ;0,9366;0,413;0,7806;0,8467;0,026;0,0663;0,0258;0,1357;0,4788;0,9203;0,7226;0,7275;0,1279;0,045;0,5;0,2678;0,6497;0,9343;0,7669;0,3508;0,6647
,46
Generacija 1, Fitness 95,60375, Gen ;0,9366;0,413;0,7806;0,8467;0,026;0,0663;0,0258;0,1357;0,4788;0,9203;0,7226;0,7275;0,1279;0,045;0,5;0,2678;0,6497;0,9343;0,7669;0,3508;0,6647
,41
Generacija 1, Fitness 85,05824, Gen ;0,9366;0,413;0,7806;0,8467;0,026;0,0663;0,0258;0,1357;0,4788;0,9203;0,7226;0,7275;0,1279;0,045;0,5;0,2678;0,6497;0,9343;0,7669;0,3508;0,6647
,47
Generacija 1, Fitness 117,5966, Gen ;0,9366;0,413;0,7806;0,8467;0,026;0,0663;0,0258;0,1357;0,4788;0,9203;0,7226;0,7275;0,1279;0,045;0,5;0,2678;0,6497;0,9343;0,7669;0,3508;0,6647
,31
Generacija 1, Fitness 121,1714, Gen ;0,9366;0,413;0,7806;0,8467;0,026;0,0663;0,0258;0,1357;0,4788;0,9203;0,7226;0,7275;0,1279;0,045;0,5;0,2678;0,6497;0,9343;0,7669;0,3508;0,6647
,30
Generacija 1, Fitness 106,9756, Gen ;0,9366;0,413;0,7806;0,8467;0,026;0,0663;0,0258;0,1357;0,4788;0,9203;0,7226;0,7275;0,1279;0,045;0,5;0,2678;0,6497;0,9343;0,7669;0,3508;0,6647
,36
Generacija 1, Fitness 130,4262, Gen ;0,9366;0,413;0,7806;0,8467;0,026;0,0663;0,0258;0,1357;0,4788;0,9203;0,7226;0,7275;0,1279;0,045;0,5;0,2678;0,6497;0,9343;0,7669;0,3508;0,6647
,26
Generacija 1, Fitness 72,94255, Gen ;0,9366;0,413;0,7806;0,8467;0,026;0,0663;0,0258;0,1357;0,4788;0,9203;0,7226;0,7275;0,1279;0,045;0,5;0,2678;0,6497;0,9343;0,7669;0,3508;0,6647
,53
Generacija 1, Fitness 103,0568, Gen ;0,9366;0,413;0,7806;0,8467;0,026;0,0663;0,0258;0,1357;0,4788;0,9203;0,7226;0,7275;0,1279;0,045;0,5;0,2678;0,6497;0,9343;0,7669;0,3508;0,6647
,38
Generacija 1, Fitness 93,54981, Gen ;0,9366;0,413;0,7806;0,8467;0,026;0,0663;0,0258;0,1357;0,4788;0,9203;0,7226;0,7275;0,1279;0,045;0,5;0,2678;0,6497;0,9343;0,7669;0,3508;0,6647
,42
Generacija 1, Fitness 66,12099, Gen ;0,9366;0,413;0,7806;0,8467;0,026;0,0663;0,0258;0,1357;0,4788;0,9203;0,7226;0,7275;0,1279;0,045;0,5;0,2678;0,6497;0,9343;0,7669;0,3508;0,6647
,57
Generacija 1, Fitness 62,10826, Gen ;0,9366;0,413;0,7806;0,8467;0,026;0,0663;0,0258;0,1357;0,4788;0,9203;0,7226;0,7275;0,1279;0,045;0,5;0,2678;0,6497;0,9343;0,7669;0,3508;0,6647
,60
Generacija 1, Fitness 89,44022, Gen ;0,9366;0,413;0,7806;0,8467;0,026;0,0663;0,0258;0,1357;0,4788;0,9203;0,7226;0,7275;0,1279;0,045;0,5;0,2678;0,6497;0,9343;0,7669;0,3508;0,6647
,44
Generacija 1, Fitness 81,2921, Gen ;0,9366;0,413;0,7806;0,8467;0,026;0,0663;0,0258;0,1357;0,4788;0,9203;0,7226;0,7275;0,1279;0,045;0,5;0,2678;0,6497;0,9343;0,7669;0,3508;0,6647
,49
Generacija 1, Fitness 52,33725, Gen ;0,9366;0,413;0,7806;0,8467;0,026;0,0663;0,0258;0,1357;0,4788;0,9203;0,7226;0,7275;0,1279;0,045;0,5;0,2678;0,6497;0,9343;0,7669;0,3508;0,6647
,67
Generacija 1, Fitness 102,074, Gen ;0,9366;0,413;0,7806;0,8467;0,026;0,0663;0,0258;0,1357;0,4788;0,9203;0,7226;0,7275;0,1279;0,045;0,5;0,2678;0,6497;0,9343;0,7669;0,3508;0,6647
,38
Generacija 1, Fitness 100,9614, Gen ;0,9366;0,413;0,7806;0,8467;0,026;0,0663;0,0258;0,1357;0,4788;0,9203;0,7226;0,7275;0,1279;0,045;0,5;0,2678;0,6497;0,9343;0,7669;0,3508;0,6647
,39
Generacija 1, Fitness 101,0962, Gen ;0,9366;0,413;0,7806;0,8467;0,026;0,0663;0,0258;0,1357;0,4788;0,9203;0,7226;0,7275;0,1279;0,045;0,5;0,2678;0,6497;0,9343;0,7669;0,3508;0,6647
,39
Generacija 1, Fitness 114,945, Gen ;0,9366;0,413;0,7806;0,8467;0,026;0,0663;0,0258;0,1357;0,4788;0,9203;0,7226;0,7275;0,1279;0,045;0,5;0,2678;0,6497;0,9343;0,7669;0,3508;0,6647
,32
Generacija 1, Fitness 97,07943, Gen ;0,9366;0,413;0,7806;0,8467;0,026;0,0663;0,0258;0,1357;0,4788;0,9203;0,7226;0,7275;0,1279;0,045;0,5;0,2678;0,6497;0,9343;0,7669;0,3508;0,6647
,41
Generacija 1, Fitness 113,2449, Gen ;0,9366;0,413;0,7806;0,8467;0,026;0,0663;0,0258;0,1357;0,4788;0,9203;0,7226;0,7275;0,1279;0,045;0,5;0,2678;0,6497;0,9343;0,7669;0,3508;0,6647
,33
Generacija 1, Fitness 53,27896, Gen ;0,9366;0,413;0,7806;0,8467;0,026;0,0663;0,0258;0,1357;0,4788;0,9203;0,7226;0,7275;0,1279;0,045;0,5;0,2678;0,6497;0,9343;0,7669;0,3508;0,6647
,66
Generacija 1, Fitness 107,9092, Gen ;0,9366;0,413;0,7806;0,8467;0,026;0,0663;0,0258;0,1357;0,4788;0,9203;0,7226;0,7275;0,1279;0,045;0,5;0,2678;0,6497;0,9343;0,7669;0,3508;0,6647
,36
Generacija 1, Fitness 100,0987, Gen ;0,9366;0,413;0,7806;0,8467;0,026;0,0663;0,0258;0,1357;0,4788;0,9203;0,7226;0,7275;0,1279;0,045;0,5;0,2678;0,6497;0,9343;0,7669;0,3508;0,6647
,39
Generacija 1, Fitness 89,95457, Gen ;0,9366;0,413;0,7806;0,8467;0,026;0,0663;0,0258;0,1357;0,4788;0,9203;0,7226;0,7275;0,1279;0,045;0,5;0,2678;0,6497;0,9343;0,7669;0,3508;0,6647
,44
Generacija 1, Fitness 92,2564, Gen ;0,9366;0,413;0,7806;0,8467;0,026;0,0663;0,0258;0,1357;0,4788;0,9203;0,7226;0,7275;0,1279;0,045;0,5;0,2678;0,6497;0,9343;0,7669;0,3508;0,6647
,43
Generacija 1, Fitness 68,23632, Gen ;0,9366;0,413;0,7806;0,8467;0,026;0,0663;0,0258;0,1357;0,4788;0,9203;0,7226;0,7275;0,1279;0,045;0,5;0,2678;0,6497;0,9343;0,7669;0,3508;0,6647
,56
Generacija 1, Fitness 131,5961, Gen ;0,9366;0,413;0,7806;0,8467;0,026;0,0663;0,0258;0,1357;0,4788;0,9203;0,7226;0,7275;0,1279;0,045;0,5;0,2678;0,6497;0,9343;0,7669;0,3508;0,6647
,26
Generacija 1, Fitness 88,2476, Gen ;0,9366;0,413;0,7806;0,8467;0,026;0,0663;0,0258;0,1357;0,4788;0,9203;0,7226;0,7275;0,1279;0,045;0,5;0,2678;0,6497;0,9343;0,7669;0,3508;0,6647
,45
Generacija 1, Fitness 71,58406, Gen ;0,9366;0,413;0,7806;0,8467;0,026;0,0663;0,0258;0,1357;0,4788;0,9203;0,7226;0,7275;0,1279;0,045;0,5;0,2678;0,6497;0,9343;0,7669;0,3508;0,6647
,54
Generacija 1, Fitness 127,7092, Gen ;0,9366;0,413;0,7806;0,8467;0,026;0,0663;0,0258;0,1357;0,4788;0,9203;0,7226;0,7275;0,1279;0,045;0,5;0,2678;0,6497;0,9343;0,7669;0,3508;0,6647
,27
Generacija 1, Fitness 77,65356, Gen ;0,9366;0,413;0,7806;0,8467;0,026;0,0663;0,0258;0,1357;0,4788;0,9203;0,7226;0,7275;0,1279;0,045;0,5;0,2678;0,6497;0,9343;0,7669;0,3508;0,6647
,51
Generacija 1, Fitness 91,84608, Gen ;0,9366;0,413;0,7806;0,8467;0,026;0,0663;0,0258;0,1357;0,4788;0,9203;0,7226;0,7275;0,1279;0,045;0,5;0,2678;0,6497;0,9343;0,7669;0,3508;0,6647
,43
Generacija 1, Fitness 80,9311, Gen ;0,9366;0,413;0,7806;0,8467;0,026;0,0663;0,0258;0,1357;0,4788;0,9203;0,7226;0,7275;0,1279;0,045;0,5;0,2678;0,6497;0,9343;0,7669;0,3508;0,6647
,49
Generacija 1, Fitness 89,42587, Gen ;0,9366;0,413;0,7806;0,8467;0,026;0,0663;0,0258;0,1357;0,4788;0,9203;0,7226;0,7275;0,1279;0,045;0,5;0,2678;0,6497;0,9343;0,7669;0,3508;0,6647
,44
Generacija 1, Fitness 103,095, Gen ;0,9366;0,413;0,7806;0,8467;0,026;0,0663;0,0258;0,1357;0,4788;0,9203;0,7226;0,7275;0,1279;0,045;0,5;0,2678;0,6497;0,9343;0,7669;0,3508;0,6647
,38
Generacija 1, Fitness 118,1743, Gen ;0,9366;0,413;0,7806;0,8467;0,026;0,0663;0,0258;0,1357;0,4788;0,9203;0,7226;0,7275;0,1279;0,045;0,5;0,2678;0,6497;0,9343;0,7669;0,3508;0,6647
,31
Generacija 1, Fitness 118,8869, Gen ;0,9366;0,413;0,7806;0,8467;0,026;0,0663;0,0258;0,1357;0,4788;0,9203;0,7226;0,7275;0,1279;0,045;0,5;0,2678;0,6497;0,9343;0,7669;0,3508;0,6647
,31
Generacija 1, Fitness 111,6691, Gen ;0,9366;0,413;0,7806;0,8467;0,026;0,0663;0,0258;0,1357;0,4788;0,9203;0,7226;0,7275;0,1279;0,045;0,5;0,2678;0,6497;0,9343;0,7669;0,3508;0,6647
,34
Generacija 1, Fitness 79,93982, Gen ;0,9366;0,413;0,7806;0,8467;0,026;0,0663;0,0258;0,1357;0,4788;0,9203;0,7226;0,7275;0,1279;0,045;0,5;0,2678;0,6497;0,9343;0,7669;0,3508;0,6647
,49
Generacija 1, Fitness 82,99448, Gen ;0,9366;0,413;0,7806;0,8467;0,026;0,0663;0,0258;0,1357;0,4788;0,9203;0,7226;0,7275;0,1279;0,045;0,5;0,2678;0,6497;0,9343;0,7669;0,3508;0,6647
,48
Generacija 1, Fitness 76,50935, Gen ;0,9366;0,413;0,7806;0,8467;0,026;0,0663;0,0258;0,1357;0,4788;0,9203;0,7226;0,7275;0,1279;0,045;0,5;0,2678;0,6497;0,9343;0,7669;0,3508;0,6647
,51
Generacija 1, Fitness 116,5401, Gen ;0,9366;0,413;0,7806;0,8467;0,026;0,0663;0,0258;0,1357;0,4788;0,9203;0,7226;0,7275;0,1279;0,045;0,5;0,2678;0,6497;0,9343;0,7669;0,3508;0,6647
,32
Generacija 1, Fitness 96,59053, Gen ;0,9366;0,413;0,7806;0,8467;0,026;0,0663;0,0258;0,1357;0,4788;0,9203;0,7226;0,7275;0,1279;0,045;0,5;0,2678;0,6497;0,9343;0,7669;0,3508;0,6647
,41
Generacija 1, Fitness 98,73496, Gen ;0,9366;0,413;0,7806;0,8467;0,026;0,0663;0,0258;0,1357;0,4788;0,9203;0,7226;0,7275;0,1279;0,045;0,5;0,2678;0,6497;0,9343;0,7669;0,3508;0,6647
,40
Generacija 1, Fitness 89,30155, Gen ;0,9366;0,413;0,7806;0,8467;0,026;0,0663;0,0258;0,1357;0,4788;0,9203;0,7226;0,7275;0,1279;0,045;0,5;0,2678;0,6497;0,9343;0,7669;0,3508;0,6647
,44
Generacija 1, Fitness 83,58835, Gen ;0,9366;0,413;0,7806;0,8467;0,026;0,0663;0,0258;0,1357;0,4788;0,9203;0,7226;0,7275;0,1279;0,045;0,5;0,2678;0,6497;0,9343;0,7669;0,3508;0,6647
,47
Generacija 1, Fitness 78,95668, Gen ;0,9366;0,413;0,7806;0,8467;0,026;0,0663;0,0258;0,1357;0,4788;0,9203;0,7226;0,7275;0,1279;0,045;0,5;0,2678;0,6497;0,9343;0,7669;0,3508;0,6647
,50
Generacija 1, Fitness 84,59386, Gen ;0,9366;0,413;0,7806;0,8467;0,026;0,0663;0,0258;0,1357;0,4788;0,9203;0,7226;0,7275;0,1279;0,045;0,5;0,2678;0,6497;0,9343;0,7669;0,3508;0,6647
,47
Generacija 1, Fitness 92,00396, Gen ;0,9366;0,413;0,7806;0,8467;0,026;0,0663;0,0258;0,1357;0,4788;0,9203;0,7226;0,7275;0,1279;0,045;0,5;0,2678;0,6497;0,9343;0,7669;0,3508;0,6647
,43
Generacija 1, Fitness 105,137, Gen ;0,9366;0,413;0,7806;0,8467;0,026;0,0663;0,0258;0,1357;0,4788;0,9203;0,7226;0,7275;0,1279;0,045;0,5;0,2678;0,6497;0,9343;0,7669;0,3508;0,6647
,37
Generacija 1, Fitness 95,80894, Gen ;0,9366;0,413;0,7806;0,8467;0,026;0,0663;0,0258;0,1357;0,4788;0,9203;0,7226;0,7275;0,1279;0,045;0,5;0,2678;0,6497;0,9343;0,7669;0,3508;0,6647
,41
Generacija 1, Fitness 63,30202, Gen ;0,9366;0,413;0,7806;0,8467;0,026;0,0663;0,0258;0,1357;0,4788;0,9203;0,7226;0,7275;0,1279;0,045;0,5;0,2678;0,6497;0,9343;0,7669;0,3508;0,6647
,59
Generacija 1, Fitness 43,45298, Gen ;0,9366;0,413;0,7806;0,8467;0,026;0,0663;0,0258;0,1357;0,4788;0,9203;0,7226;0,7275;0,1279;0,045;0,5;0,2678;0,6497;0,9343;0,7669;0,3508;0,6647
,73
Generacija 1, Fitness 93,25505, Gen ;0,9366;0,413;0,7806;0,8467;0,026;0,0663;0,0258;0,1357;0,4788;0,9203;0,7226;0,7275;0,1279;0,045;0,5;0,2678;0,6497;0,9343;0,7669;0,3508;0,6647
,42
Generacija 1, Fitness 105,3526, Gen ;0,9366;0,413;0,7806;0,8467;0,026;0,0663;0,0258;0,1357;0,4788;0,9203;0,7226;0,7275;0,1279;0,045;0,5;0,2678;0,6497;0,9343;0,7669;0,3508;0,6647
,37
Generacija 1, Fitness 107,6034, Gen ;0,9366;0,413;0,7806;0,8467;0,026;0,0663;0,0258;0,1357;0,4788;0,9203;0,7226;0,7275;0,1279;0,045;0,5;0,2678;0,6497;0,9343;0,7669;0,3508;0,6647
,36
Generacija 1, Fitness 97,6932, Gen ;0,9366;0,413;0,7806;0,8467;0,026;0,0663;0,0258;0,1357;0,4788;0,9203;0,7226;0,7275;0,1279;0,045;0,5;0,2678;0,6497;0,9343;0,7669;0,3508;0,6647
,40
Generacija 1, Fitness 131,4567, Gen ;0,9366;0,413;0,7806;0,8467;0,026;0,0663;0,0258;0,1357;0,4788;0,9203;0,7226;0,7275;0,1279;0,045;0,5;0,2678;0,6497;0,9343;0,7669;0,3508;0,6647
,26
Generacija 1, Fitness 98,07189, Gen ;0,9366;0,413;0,7806;0,8467;0,026;0,0663;0,0258;0,1357;0,4788;0,9203;0,7226;0,7275;0,1279;0,045;0,5;0,2678;0,6497;0,9343;0,7669;0,3508;0,6647
,40
Generacija 1, Fitness 94,71622, Gen ;0,9366;0,413;0,7806;0,8467;0,026;0,0663;0,0258;0,1357;0,4788;0,9203;0,7226;0,7275;0,1279;0,045;0,5;0,2678;0,6497;0,9343;0,7669;0,3508;0,6647
,42
Generacija 1, Fitness 115,2811, Gen ;0,9366;0,413;0,7806;0,8467;0,026;0,0663;0,0258;0,1357;0,4788;0,9203;0,7226;0,7275;0,1279;0,045;0,5;0,2678;0,6497;0,9343;0,7669;0,3508;0,6647
,32
Generacija 1, Fitness 71,34814, Gen ;0,9366;0,413;0,7806;0,8467;0,026;0,0663;0,0258;0,1357;0,4788;0,9203;0,7226;0,7275;0,1279;0,045;0,5;0,2678;0,6497;0,9343;0,7669;0,3508;0,6647
,54
Generacija 1, Fitness 98,99395, Gen ;0,9366;0,413;0,7806;0,8467;0,026;0,0663;0,0258;0,1357;0,4788;0,9203;0,7226;0,7275;0,1279;0,045;0,5;0,2678;0,6497;0,9343;0,7669;0,3508;0,6647
,40
Generacija 1, Fitness 109,3258, Gen ;0,9366;0,413;0,7806;0,8467;0,026;0,0663;0,0258;0,1357;0,4788;0,9203;0,7226;0,7275;0,1279;0,045;0,5;0,2678;0,6497;0,9343;0,7669;0,3508;0,6647
,35
Generacija 1, Fitness 113,9203, Gen ;0,9366;0,413;0,7806;0,8467;0,026;0,0663;0,0258;0,1357;0,4788;0,9203;0,7226;0,7275;0,1279;0,045;0,5;0,2678;0,6497;0,9343;0,7669;0,3508;0,6647
,33
Generacija 1, Fitness 89,79, Gen ;0,9366;0,413;0,7806;0,8467;0,026;0,0663;0,0258;0,1357;0,4788;0,9203;0,7226;0,7275;0,1279;0,045;0,5;0,2678;0,6497;0,9343;0,7669;0,3508;0,6647
,44
Generacija 1, Fitness 77,29592, Gen ;0,9366;0,413;0,7806;0,8467;0,026;0,0663;0,0258;0,1357;0,4788;0,9203;0,7226;0,7275;0,1279;0,045;0,5;0,2678;0,6497;0,9343;0,7669;0,3508;0,6647
,51
Generacija 1, Fitness 101,8492, Gen ;0,9366;0,413;0,7806;0,8467;0,026;0,0663;0,0258;0,1357;0,4788;0,9203;0,7226;0,7275;0,1279;0,045;0,5;0,2678;0,6497;0,9343;0,7669;0,3508;0,6647
,38
Generacija 1, Fitness 94,96769, Gen ;0,9366;0,413;0,7806;0,8467;0,026;0,0663;0,0258;0,1357;0,4788;0,9203;0,7226;0,7275;0,1279;0,045;0,5;0,2678;0,6497;0,9343;0,7669;0,3508;0,6647
,42
Generacija 1, Fitness 79,17257, Gen ;0,9366;0,413;0,7806;0,8467;0,026;0,0663;0,0258;0,1357;0,4788;0,9203;0,7226;0,7275;0,1279;0,045;0,5;0,2678;0,6497;0,9343;0,7669;0,3508;0,6647
,50
Generacija 1, Fitness 77,59751, Gen ;0,9366;0,413;0,7806;0,8467;0,026;0,0663;0,0258;0,1357;0,4788;0,9203;0,7226;0,7275;0,1279;0,045;0,5;0,2678;0,6497;0,9343;0,7669;0,3508;0,6647
,51
Generacija 1, Fitness 102,7528, Gen ;0,9366;0,413;0,7806;0,8467;0,026;0,0663;0,0258;0,1357;0,4788;0,9203;0,7226;0,7275;0,1279;0,045;0,5;0,2678;0,6497;0,9343;0,7669;0,3508;0,6647
,38
Generacija 1, Fitness 112,8141, Gen ;0,9366;0,413;0,7806;0,8467;0,026;0,0663;0,0258;0,1357;0,4788;0,9203;0,7226;0,7275;0,1279;0,045;0,5;0,2678;0,6497;0,9343;0,7669;0,3508;0,6647
,33
Generacija 1, Fitness 102,4368, Gen ;0,9366;0,413;0,7806;0,8467;0,026;0,0663;0,0258;0,1357;0,4788;0,9203;0,7226;0,7275;0,1279;0,045;0,5;0,2678;0,6497;0,9343;0,7669;0,3508;0,6647
,38
Generacija 1, Fitness 84,73917, Gen ;0,9366;0,413;0,7806;0,8467;0,026;0,0663;0,0258;0,1357;0,4788;0,9203;0,7226;0,7275;0,1279;0,045;0,5;0,2678;0,6497;0,9343;0,7669;0,3508;0,6647
,47
Generacija 1, Fitness 53,50299, Gen ;0,9366;0,413;0,7806;0,8467;0,026;0,0663;0,0258;0,1357;0,4788;0,9203;0,7226;0,7275;0,1279;0,045;0,5;0,2678;0,6497;0,9343;0,7669;0,3508;0,6647
,66
Generacija 1, Fitness 97,49107, Gen ;0,9366;0,413;0,7806;0,8467;0,026;0,0663;0,0258;0,1357;0,4788;0,9203;0,7226;0,7275;0,1279;0,045;0,5;0,2678;0,6497;0,9343;0,7669;0,3508;0,6647
,40
Generacija 1, Fitness 112,4339, Gen ;0,9366;0,413;0,7806;0,8467;0,026;0,0663;0,0258;0,1357;0,4788;0,9203;0,7226;0,7275;0,1279;0,045;0,5;0,2678;0,6497;0,9343;0,7669;0,3508;0,6647
,34
Generacija 1, Fitness 97,15763, Gen ;0,9366;0,413;0,7806;0,8467;0,026;0,0663;0,0258;0,1357;0,4788;0,9203;0,7226;0,7275;0,1279;0,045;0,5;0,2678;0,6497;0,9343;0,7669;0,3508;0,6647
,41
Generacija 1, Fitness 91,1637, Gen ;0,9366;0,413;0,7806;0,8467;0,026;0,0663;0,0258;0,1357;0,4788;0,9203;0,7226;0,7275;0,1279;0,045;0,5;0,2678;0,6497;0,9343;0,7669;0,3508;0,6647
,43
Generacija 1, Fitness 89,4837, Gen ;0,9366;0,413;0,7806;0,8467;0,026;0,0663;0,0258;0,1357;0,4788;0,9203;0,7226;0,7275;0,1279;0,045;0,5;0,2678;0,6497;0,9343;0,7669;0,3508;0,6647
,44
Generacija 1, Fitness 52,03346, Gen ;0,9366;0,413;0,7806;0,8467;0,026;0,0663;0,0258;0,1357;0,4788;0,9203;0,7226;0,7275;0,1279;0,045;0,5;0,2678;0,6497;0,9343;0,7669;0,3508;0,6647
,67
Generacija 1, Fitness 130,9851, Gen ;0,9366;0,413;0,7806;0,8467;0,026;0,0663;0,0258;0,1357;0,4788;0,9203;0,7226;0,7275;0,1279;0,045;0,5;0,2678;0,6497;0,9343;0,7669;0,3508;0,6647
,26
Generacija 1, Fitness 97,54274, Gen ;0,9366;0,413;0,7806;0,8467;0,026;0,0663;0,0258;0,1357;0,4788;0,9203;0,7226;0,7275;0,1279;0,045;0,5;0,2678;0,6497;0,9343;0,7669;0,3508;0,6647
,40
Generacija 1, Fitness 63,2067, Gen ;0,9366;0,413;0,7806;0,8467;0,026;0,0663;0,0258;0,1357;0,4788;0,9203;0,7226;0,7275;0,1279;0,045;0,5;0,2678;0,6497;0,9343;0,7669;0,3508;0,6647
,59
Generacija 1, Fitness 89,16854, Gen ;0,9366;0,413;0,7806;0,8467;0,026;0,0663;0,0258;0,1357;0,4788;0,9203;0,7226;0,7275;0,1279;0,045;0,5;0,2678;0,6497;0,9343;0,7669;0,3508;0,6647
,44
Generacija 1, Fitness 90,00492, Gen ;0,9366;0,413;0,7806;0,8467;0,026;0,0663;0,0258;0,1357;0,4788;0,9203;0,7226;0,7275;0,1279;0,045;0,5;0,2678;0,6497;0,9343;0,7669;0,3508;0,6647
,44
Generacija 1, Fitness 118,9596, Gen ;0,9366;0,413;0,7806;0,8467;0,026;0,0663;0,0258;0,1357;0,4788;0,9203;0,7226;0,7275;0,1279;0,045;0,5;0,2678;0,6497;0,9343;0,7669;0,3508;0,6647
,31
Generacija 1, Fitness 99,60002, Gen ;0,9366;0,413;0,7806;0,8467;0,026;0,0663;0,0258;0,1357;0,4788;0,9203;0,7226;0,7275;0,1279;0,045;0,5;0,2678;0,6497;0,9343;0,7669;0,3508;0,6647
,39
