	5PopravljenStroembom ovc
	1 AI1 ovcarjev
Fitness 23,71297, Gen ;0,8887;0,656;0,7731;0,8804;0,0495;0,968;0,1621;0,0298;0,2853;0,49;0,9032;0,9867;0,2543;0,3875;0,9185;0,7617;0,719;0,4754;0,0623;0,3113;0,7418
,129,130,130,130,131
Fitness 69,69492, Gen ;0,8887;0,656;0,7731;0,8804;0,0495;0,968;0,1621;0,0298;0,2853;0,49;0,9032;0,9867;0,2543;0,3875;0,9185;0,7617;0,719;0,4754;0,0623;0,3113;0,7418
,102,104,104,105,106
Fitness 80,90195, Gen ;0,8887;0,656;0,7731;0,8804;0,0495;0,968;0,1621;0,0298;0,2853;0,49;0,9032;0,9867;0,2543;0,3875;0,9185;0,7617;0,719;0,4754;0,0623;0,3113;0,7418
,112,113,113,113,113
Fitness 18,68708, Gen ;0,8887;0,656;0,7731;0,8804;0,0495;0,968;0,1621;0,0298;0,2853;0,49;0,9032;0,9867;0,2543;0,3875;0,9185;0,7617;0,719;0,4754;0,0623;0,3113;0,7418
,104,104,105,105,106
Fitness 35,0423, Gen ;0,8887;0,656;0,7731;0,8804;0,0495;0,968;0,1621;0,0298;0,2853;0,49;0,9032;0,9867;0,2543;0,3875;0,9185;0,7617;0,719;0,4754;0,0623;0,3113;0,7418
,160,160,161,161,162
Fitness 29,07104, Gen ;0,8887;0,656;0,7731;0,8804;0,0495;0,968;0,1621;0,0298;0,2853;0,49;0,9032;0,9867;0,2543;0,3875;0,9185;0,7617;0,719;0,4754;0,0623;0,3113;0,7418
,82,102,103,103,103
Fitness 34,76725, Gen ;0,8887;0,656;0,7731;0,8804;0,0495;0,968;0,1621;0,0298;0,2853;0,49;0,9032;0,9867;0,2543;0,3875;0,9185;0,7617;0,719;0,4754;0,0623;0,3113;0,7418
,135,135,136,136,137
Fitness 6,852184, Gen ;0,8887;0,656;0,7731;0,8804;0,0495;0,968;0,1621;0,0298;0,2853;0,49;0,9032;0,9867;0,2543;0,3875;0,9185;0,7617;0,719;0,4754;0,0623;0,3113;0,7418

Fitness 37,72292, Gen ;0,8887;0,656;0,7731;0,8804;0,0495;0,968;0,1621;0,0298;0,2853;0,49;0,9032;0,9867;0,2543;0,3875;0,9185;0,7617;0,719;0,4754;0,0623;0,3113;0,7418
,100
Fitness 15,81107, Gen ;0,8887;0,656;0,7731;0,8804;0,0495;0,968;0,1621;0,0298;0,2853;0,49;0,9032;0,9867;0,2543;0,3875;0,9185;0,7617;0,719;0,4754;0,0623;0,3113;0,7418
,109,123,123,124,124
Fitness 0,006159759, Gen ;0,8887;0,656;0,7731;0,8804;0,0495;0,968;0,1621;0,0298;0,2853;0,49;0,9032;0,9867;0,2543;0,3875;0,9185;0,7617;0,719;0,4754;0,0623;0,3113;0,7418
,191,191,192,192,192
Fitness 0,007864185, Gen ;0,8887;0,656;0,7731;0,8804;0,0495;0,968;0,1621;0,0298;0,2853;0,49;0,9032;0,9867;0,2543;0,3875;0,9185;0,7617;0,719;0,4754;0,0623;0,3113;0,7418
,85,85,86,86,87
Fitness 23,18496, Gen ;0,8887;0,656;0,7731;0,8804;0,0495;0,968;0,1621;0,0298;0,2853;0,49;0,9032;0,9867;0,2543;0,3875;0,9185;0,7617;0,719;0,4754;0,0623;0,3113;0,7418

Fitness 1,560948, Gen ;0,8887;0,656;0,7731;0,8804;0,0495;0,968;0,1621;0,0298;0,2853;0,49;0,9032;0,9867;0,2543;0,3875;0,9185;0,7617;0,719;0,4754;0,0623;0,3113;0,7418
,132,148,193
Fitness 52,02824, Gen ;0,8887;0,656;0,7731;0,8804;0,0495;0,968;0,1621;0,0298;0,2853;0,49;0,9032;0,9867;0,2543;0,3875;0,9185;0,7617;0,719;0,4754;0,0623;0,3113;0,7418
,83,83,83,84,85
Fitness 0,007058447, Gen ;0,8887;0,656;0,7731;0,8804;0,0495;0,968;0,1621;0,0298;0,2853;0,49;0,9032;0,9867;0,2543;0,3875;0,9185;0,7617;0,719;0,4754;0,0623;0,3113;0,7418

Fitness 0,008243367, Gen ;0,8887;0,656;0,7731;0,8804;0,0495;0,968;0,1621;0,0298;0,2853;0,49;0,9032;0,9867;0,2543;0,3875;0,9185;0,7617;0,719;0,4754;0,0623;0,3113;0,7418
,195,195,196,197,197
Fitness 53,81001, Gen ;0,8887;0,656;0,7731;0,8804;0,0495;0,968;0,1621;0,0298;0,2853;0,49;0,9032;0,9867;0,2543;0,3875;0,9185;0,7617;0,719;0,4754;0,0623;0,3113;0,7418

Fitness 0,006442496, Gen ;0,8887;0,656;0,7731;0,8804;0,0495;0,968;0,1621;0,0298;0,2853;0,49;0,9032;0,9867;0,2543;0,3875;0,9185;0,7617;0,719;0,4754;0,0623;0,3113;0,7418
,48,48,48,48,48
Fitness 1,157931, Gen ;0,8887;0,656;0,7731;0,8804;0,0495;0,968;0,1621;0,0298;0,2853;0,49;0,9032;0,9867;0,2543;0,3875;0,9185;0,7617;0,719;0,4754;0,0623;0,3113;0,7418
,75,75,75,75,76
Fitness 0,007484605, Gen ;0,8887;0,656;0,7731;0,8804;0,0495;0,968;0,1621;0,0298;0,2853;0,49;0,9032;0,9867;0,2543;0,3875;0,9185;0,7617;0,719;0,4754;0,0623;0,3113;0,7418
,84,84,84,85,85
Fitness 101,0312, Gen ;0,8887;0,656;0,7731;0,8804;0,0495;0,968;0,1621;0,0298;0,2853;0,49;0,9032;0,9867;0,2543;0,3875;0,9185;0,7617;0,719;0,4754;0,0623;0,3113;0,7418
,104,152,153,153,153
Fitness 63,97768, Gen ;0,8887;0,656;0,7731;0,8804;0,0495;0,968;0,1621;0,0298;0,2853;0,49;0,9032;0,9867;0,2543;0,3875;0,9185;0,7617;0,719;0,4754;0,0623;0,3113;0,7418
,216,218,219,219,219
Fitness 53,41326, Gen ;0,8887;0,656;0,7731;0,8804;0,0495;0,968;0,1621;0,0298;0,2853;0,49;0,9032;0,9867;0,2543;0,3875;0,9185;0,7617;0,719;0,4754;0,0623;0,3113;0,7418
,103,103,103,103,103
Fitness 10,51269, Gen ;0,8887;0,656;0,7731;0,8804;0,0495;0,968;0,1621;0,0298;0,2853;0,49;0,9032;0,9867;0,2543;0,3875;0,9185;0,7617;0,719;0,4754;0,0623;0,3113;0,7418
,85,93,128,128,129
Fitness 0,1415504, Gen ;0,8887;0,656;0,7731;0,8804;0,0495;0,968;0,1621;0,0298;0,2853;0,49;0,9032;0,9867;0,2543;0,3875;0,9185;0,7617;0,719;0,4754;0,0623;0,3113;0,7418
,96,96,96,96,96
Fitness 36,7063, Gen ;0,8887;0,656;0,7731;0,8804;0,0495;0,968;0,1621;0,0298;0,2853;0,49;0,9032;0,9867;0,2543;0,3875;0,9185;0,7617;0,719;0,4754;0,0623;0,3113;0,7418

Fitness 22,49812, Gen ;0,8887;0,656;0,7731;0,8804;0,0495;0,968;0,1621;0,0298;0,2853;0,49;0,9032;0,9867;0,2543;0,3875;0,9185;0,7617;0,719;0,4754;0,0623;0,3113;0,7418
,130,130,130,130,131
Fitness 42,74989, Gen ;0,8887;0,656;0,7731;0,8804;0,0495;0,968;0,1621;0,0298;0,2853;0,49;0,9032;0,9867;0,2543;0,3875;0,9185;0,7617;0,719;0,4754;0,0623;0,3113;0,7418

Fitness 0,007488162, Gen ;0,8887;0,656;0,7731;0,8804;0,0495;0,968;0,1621;0,0298;0,2853;0,49;0,9032;0,9867;0,2543;0,3875;0,9185;0,7617;0,719;0,4754;0,0623;0,3113;0,7418
,180,224,225,225,225
Fitness 18,67625, Gen ;0,8887;0,656;0,7731;0,8804;0,0495;0,968;0,1621;0,0298;0,2853;0,49;0,9032;0,9867;0,2543;0,3875;0,9185;0,7617;0,719;0,4754;0,0623;0,3113;0,7418
,116,117,117,117,117
Fitness 0,00777716, Gen ;0,8887;0,656;0,7731;0,8804;0,0495;0,968;0,1621;0,0298;0,2853;0,49;0,9032;0,9867;0,2543;0,3875;0,9185;0,7617;0,719;0,4754;0,0623;0,3113;0,7418
,115,115,115,116,117
Fitness 0,08043568, Gen ;0,8887;0,656;0,7731;0,8804;0,0495;0,968;0,1621;0,0298;0,2853;0,49;0,9032;0,9867;0,2543;0,3875;0,9185;0,7617;0,719;0,4754;0,0623;0,3113;0,7418
,143,144,144,145,145
Fitness 26,58029, Gen ;0,8887;0,656;0,7731;0,8804;0,0495;0,968;0,1621;0,0298;0,2853;0,49;0,9032;0,9867;0,2543;0,3875;0,9185;0,7617;0,719;0,4754;0,0623;0,3113;0,7418
,123,124,124,124,124
Fitness 26,91669, Gen ;0,8887;0,656;0,7731;0,8804;0,0495;0,968;0,1621;0,0298;0,2853;0,49;0,9032;0,9867;0,2543;0,3875;0,9185;0,7617;0,719;0,4754;0,0623;0,3113;0,7418
,86,86,87,87,87
Fitness 12,25719, Gen ;0,8887;0,656;0,7731;0,8804;0,0495;0,968;0,1621;0,0298;0,2853;0,49;0,9032;0,9867;0,2543;0,3875;0,9185;0,7617;0,719;0,4754;0,0623;0,3113;0,7418
,89,98,98,144,144
Fitness 22,29301, Gen ;0,8887;0,656;0,7731;0,8804;0,0495;0,968;0,1621;0,0298;0,2853;0,49;0,9032;0,9867;0,2543;0,3875;0,9185;0,7617;0,719;0,4754;0,0623;0,3113;0,7418
,171,171,172,172,172
Fitness 51,65042, Gen ;0,8887;0,656;0,7731;0,8804;0,0495;0,968;0,1621;0,0298;0,2853;0,49;0,9032;0,9867;0,2543;0,3875;0,9185;0,7617;0,719;0,4754;0,0623;0,3113;0,7418
,80,80,80,81,87
Fitness 16,40783, Gen ;0,8887;0,656;0,7731;0,8804;0,0495;0,968;0,1621;0,0298;0,2853;0,49;0,9032;0,9867;0,2543;0,3875;0,9185;0,7617;0,719;0,4754;0,0623;0,3113;0,7418
,134,135,135,135,136
Fitness 4,473057, Gen ;0,8887;0,656;0,7731;0,8804;0,0495;0,968;0,1621;0,0298;0,2853;0,49;0,9032;0,9867;0,2543;0,3875;0,9185;0,7617;0,719;0,4754;0,0623;0,3113;0,7418
,50,51,51,51,52
Fitness 53,23641, Gen ;0,8887;0,656;0,7731;0,8804;0,0495;0,968;0,1621;0,0298;0,2853;0,49;0,9032;0,9867;0,2543;0,3875;0,9185;0,7617;0,719;0,4754;0,0623;0,3113;0,7418
,191,191,191,192,192
Fitness 16,16905, Gen ;0,8887;0,656;0,7731;0,8804;0,0495;0,968;0,1621;0,0298;0,2853;0,49;0,9032;0,9867;0,2543;0,3875;0,9185;0,7617;0,719;0,4754;0,0623;0,3113;0,7418
,126,178,178,179,181
Fitness 95,72666, Gen ;0,8887;0,656;0,7731;0,8804;0,0495;0,968;0,1621;0,0298;0,2853;0,49;0,9032;0,9867;0,2543;0,3875;0,9185;0,7617;0,719;0,4754;0,0623;0,3113;0,7418
,86,86,87,87,88
Fitness 1,592444, Gen ;0,8887;0,656;0,7731;0,8804;0,0495;0,968;0,1621;0,0298;0,2853;0,49;0,9032;0,9867;0,2543;0,3875;0,9185;0,7617;0,719;0,4754;0,0623;0,3113;0,7418
,120,153,154,154,154
Fitness 3,58798, Gen ;0,8887;0,656;0,7731;0,8804;0,0495;0,968;0,1621;0,0298;0,2853;0,49;0,9032;0,9867;0,2543;0,3875;0,9185;0,7617;0,719;0,4754;0,0623;0,3113;0,7418
,132,139,139,139,139
Fitness 50,80323, Gen ;0,8887;0,656;0,7731;0,8804;0,0495;0,968;0,1621;0,0298;0,2853;0,49;0,9032;0,9867;0,2543;0,3875;0,9185;0,7617;0,719;0,4754;0,0623;0,3113;0,7418
,202,203,203,203,203
Fitness 9,777372, Gen ;0,8887;0,656;0,7731;0,8804;0,0495;0,968;0,1621;0,0298;0,2853;0,49;0,9032;0,9867;0,2543;0,3875;0,9185;0,7617;0,719;0,4754;0,0623;0,3113;0,7418
,160,175,225,227,228
Fitness 14,72898, Gen ;0,8887;0,656;0,7731;0,8804;0,0495;0,968;0,1621;0,0298;0,2853;0,49;0,9032;0,9867;0,2543;0,3875;0,9185;0,7617;0,719;0,4754;0,0623;0,3113;0,7418
,161,161,161,162,162
Fitness 0,6970797, Gen ;0,8887;0,656;0,7731;0,8804;0,0495;0,968;0,1621;0,0298;0,2853;0,49;0,9032;0,9867;0,2543;0,3875;0,9185;0,7617;0,719;0,4754;0,0623;0,3113;0,7418
,127,127,127,127,127
Fitness 0,08116385, Gen ;0,8887;0,656;0,7731;0,8804;0,0495;0,968;0,1621;0,0298;0,2853;0,49;0,9032;0,9867;0,2543;0,3875;0,9185;0,7617;0,719;0,4754;0,0623;0,3113;0,7418
,150,150,150,150,150
Fitness 6,74456, Gen ;0,8887;0,656;0,7731;0,8804;0,0495;0,968;0,1621;0,0298;0,2853;0,49;0,9032;0,9867;0,2543;0,3875;0,9185;0,7617;0,719;0,4754;0,0623;0,3113;0,7418
,129,130,130,132,132
Fitness 20,55494, Gen ;0,8887;0,656;0,7731;0,8804;0,0495;0,968;0,1621;0,0298;0,2853;0,49;0,9032;0,9867;0,2543;0,3875;0,9185;0,7617;0,719;0,4754;0,0623;0,3113;0,7418
,152,152,153,153,153
Fitness 10,46992, Gen ;0,8887;0,656;0,7731;0,8804;0,0495;0,968;0,1621;0,0298;0,2853;0,49;0,9032;0,9867;0,2543;0,3875;0,9185;0,7617;0,719;0,4754;0,0623;0,3113;0,7418
,132,132,132,132,132
Fitness 18,17641, Gen ;0,8887;0,656;0,7731;0,8804;0,0495;0,968;0,1621;0,0298;0,2853;0,49;0,9032;0,9867;0,2543;0,3875;0,9185;0,7617;0,719;0,4754;0,0623;0,3113;0,7418
,205,205,206,206,207
Fitness 9,370709, Gen ;0,8887;0,656;0,7731;0,8804;0,0495;0,968;0,1621;0,0298;0,2853;0,49;0,9032;0,9867;0,2543;0,3875;0,9185;0,7617;0,719;0,4754;0,0623;0,3113;0,7418
,201,202,202,202,202
Fitness 17,81013, Gen ;0,8887;0,656;0,7731;0,8804;0,0495;0,968;0,1621;0,0298;0,2853;0,49;0,9032;0,9867;0,2543;0,3875;0,9185;0,7617;0,719;0,4754;0,0623;0,3113;0,7418
,209,209,210,210,210
Fitness 0,5216564, Gen ;0,8887;0,656;0,7731;0,8804;0,0495;0,968;0,1621;0,0298;0,2853;0,49;0,9032;0,9867;0,2543;0,3875;0,9185;0,7617;0,719;0,4754;0,0623;0,3113;0,7418
,224,224,225,226,226
Fitness 0,7867644, Gen ;0,8887;0,656;0,7731;0,8804;0,0495;0,968;0,1621;0,0298;0,2853;0,49;0,9032;0,9867;0,2543;0,3875;0,9185;0,7617;0,719;0,4754;0,0623;0,3113;0,7418

Fitness 0,3915194, Gen ;0,8887;0,656;0,7731;0,8804;0,0495;0,968;0,1621;0,0298;0,2853;0,49;0,9032;0,9867;0,2543;0,3875;0,9185;0,7617;0,719;0,4754;0,0623;0,3113;0,7418

Fitness 0,04663622, Gen ;0,8887;0,656;0,7731;0,8804;0,0495;0,968;0,1621;0,0298;0,2853;0,49;0,9032;0,9867;0,2543;0,3875;0,9185;0,7617;0,719;0,4754;0,0623;0,3113;0,7418
,108,108,108,108,109
Fitness 0,006574582, Gen ;0,8887;0,656;0,7731;0,8804;0,0495;0,968;0,1621;0,0298;0,2853;0,49;0,9032;0,9867;0,2543;0,3875;0,9185;0,7617;0,719;0,4754;0,0623;0,3113;0,7418
,62,62,62,63,63
Fitness 0,007556574, Gen ;0,8887;0,656;0,7731;0,8804;0,0495;0,968;0,1621;0,0298;0,2853;0,49;0,9032;0,9867;0,2543;0,3875;0,9185;0,7617;0,719;0,4754;0,0623;0,3113;0,7418
,184,184,184,184,185
Fitness 32,64856, Gen ;0,8887;0,656;0,7731;0,8804;0,0495;0,968;0,1621;0,0298;0,2853;0,49;0,9032;0,9867;0,2543;0,3875;0,9185;0,7617;0,719;0,4754;0,0623;0,3113;0,7418
,160,179,179,180,180
Fitness 80,37472, Gen ;0,8887;0,656;0,7731;0,8804;0,0495;0,968;0,1621;0,0298;0,2853;0,49;0,9032;0,9867;0,2543;0,3875;0,9185;0,7617;0,719;0,4754;0,0623;0,3113;0,7418
,127,141,175,176,176
Fitness 2,396617, Gen ;0,8887;0,656;0,7731;0,8804;0,0495;0,968;0,1621;0,0298;0,2853;0,49;0,9032;0,9867;0,2543;0,3875;0,9185;0,7617;0,719;0,4754;0,0623;0,3113;0,7418
,163,163,163,163,163
Fitness 3,302333, Gen ;0,8887;0,656;0,7731;0,8804;0,0495;0,968;0,1621;0,0298;0,2853;0,49;0,9032;0,9867;0,2543;0,3875;0,9185;0,7617;0,719;0,4754;0,0623;0,3113;0,7418
,119,119,119,120,120
Fitness 4,623317, Gen ;0,8887;0,656;0,7731;0,8804;0,0495;0,968;0,1621;0,0298;0,2853;0,49;0,9032;0,9867;0,2543;0,3875;0,9185;0,7617;0,719;0,4754;0,0623;0,3113;0,7418
,162,162,162,162,162
Fitness 6,476751, Gen ;0,8887;0,656;0,7731;0,8804;0,0495;0,968;0,1621;0,0298;0,2853;0,49;0,9032;0,9867;0,2543;0,3875;0,9185;0,7617;0,719;0,4754;0,0623;0,3113;0,7418
,97,97,97,97,97
Fitness 24,85613, Gen ;0,8887;0,656;0,7731;0,8804;0,0495;0,968;0,1621;0,0298;0,2853;0,49;0,9032;0,9867;0,2543;0,3875;0,9185;0,7617;0,719;0,4754;0,0623;0,3113;0,7418
,104,114,117,166,167
Fitness 6,735184, Gen ;0,8887;0,656;0,7731;0,8804;0,0495;0,968;0,1621;0,0298;0,2853;0,49;0,9032;0,9867;0,2543;0,3875;0,9185;0,7617;0,719;0,4754;0,0623;0,3113;0,7418
,80,80,80,80,82
Fitness 41,58992, Gen ;0,8887;0,656;0,7731;0,8804;0,0495;0,968;0,1621;0,0298;0,2853;0,49;0,9032;0,9867;0,2543;0,3875;0,9185;0,7617;0,719;0,4754;0,0623;0,3113;0,7418
,117,117,117,118,118
Fitness 8,176496, Gen ;0,8887;0,656;0,7731;0,8804;0,0495;0,968;0,1621;0,0298;0,2853;0,49;0,9032;0,9867;0,2543;0,3875;0,9185;0,7617;0,719;0,4754;0,0623;0,3113;0,7418
,107,107,107,108,108
Fitness 57,45775, Gen ;0,8887;0,656;0,7731;0,8804;0,0495;0,968;0,1621;0,0298;0,2853;0,49;0,9032;0,9867;0,2543;0,3875;0,9185;0,7617;0,719;0,4754;0,0623;0,3113;0,7418
,231,232,232,234,234
Fitness 26,16609, Gen ;0,8887;0,656;0,7731;0,8804;0,0495;0,968;0,1621;0,0298;0,2853;0,49;0,9032;0,9867;0,2543;0,3875;0,9185;0,7617;0,719;0,4754;0,0623;0,3113;0,7418
,166,167,167,167,167
Fitness 33,19502, Gen ;0,8887;0,656;0,7731;0,8804;0,0495;0,968;0,1621;0,0298;0,2853;0,49;0,9032;0,9867;0,2543;0,3875;0,9185;0,7617;0,719;0,4754;0,0623;0,3113;0,7418
,120,124,168,169,170
Fitness 0,01264618, Gen ;0,8887;0,656;0,7731;0,8804;0,0495;0,968;0,1621;0,0298;0,2853;0,49;0,9032;0,9867;0,2543;0,3875;0,9185;0,7617;0,719;0,4754;0,0623;0,3113;0,7418

Fitness 5,444995, Gen ;0,8887;0,656;0,7731;0,8804;0,0495;0,968;0,1621;0,0298;0,2853;0,49;0,9032;0,9867;0,2543;0,3875;0,9185;0,7617;0,719;0,4754;0,0623;0,3113;0,7418
,81,82,82,82,82
Fitness 6,276816, Gen ;0,8887;0,656;0,7731;0,8804;0,0495;0,968;0,1621;0,0298;0,2853;0,49;0,9032;0,9867;0,2543;0,3875;0,9185;0,7617;0,719;0,4754;0,0623;0,3113;0,7418
,176,179,195,195,195
Fitness 0,00615646, Gen ;0,8887;0,656;0,7731;0,8804;0,0495;0,968;0,1621;0,0298;0,2853;0,49;0,9032;0,9867;0,2543;0,3875;0,9185;0,7617;0,719;0,4754;0,0623;0,3113;0,7418
,190,190,190,190,192
Fitness 56,79537, Gen ;0,8887;0,656;0,7731;0,8804;0,0495;0,968;0,1621;0,0298;0,2853;0,49;0,9032;0,9867;0,2543;0,3875;0,9185;0,7617;0,719;0,4754;0,0623;0,3113;0,7418
,196,196,197,197,198
Fitness 1,443943, Gen ;0,8887;0,656;0,7731;0,8804;0,0495;0,968;0,1621;0,0298;0,2853;0,49;0,9032;0,9867;0,2543;0,3875;0,9185;0,7617;0,719;0,4754;0,0623;0,3113;0,7418
,138,177,178,178,179
Fitness 1,604064, Gen ;0,8887;0,656;0,7731;0,8804;0,0495;0,968;0,1621;0,0298;0,2853;0,49;0,9032;0,9867;0,2543;0,3875;0,9185;0,7617;0,719;0,4754;0,0623;0,3113;0,7418
,92,92,92,92,93
Fitness 1,096653, Gen ;0,8887;0,656;0,7731;0,8804;0,0495;0,968;0,1621;0,0298;0,2853;0,49;0,9032;0,9867;0,2543;0,3875;0,9185;0,7617;0,719;0,4754;0,0623;0,3113;0,7418
,98,98,99,99,99
Fitness 3,752345, Gen ;0,8887;0,656;0,7731;0,8804;0,0495;0,968;0,1621;0,0298;0,2853;0,49;0,9032;0,9867;0,2543;0,3875;0,9185;0,7617;0,719;0,4754;0,0623;0,3113;0,7418
,61,61,61,61,61
Fitness 45,82042, Gen ;0,8887;0,656;0,7731;0,8804;0,0495;0,968;0,1621;0,0298;0,2853;0,49;0,9032;0,9867;0,2543;0,3875;0,9185;0,7617;0,719;0,4754;0,0623;0,3113;0,7418
,127
Fitness 40,1429, Gen ;0,8887;0,656;0,7731;0,8804;0,0495;0,968;0,1621;0,0298;0,2853;0,49;0,9032;0,9867;0,2543;0,3875;0,9185;0,7617;0,719;0,4754;0,0623;0,3113;0,7418
,217,217,218,218,218
Fitness 81,75754, Gen ;0,8887;0,656;0,7731;0,8804;0,0495;0,968;0,1621;0,0298;0,2853;0,49;0,9032;0,9867;0,2543;0,3875;0,9185;0,7617;0,719;0,4754;0,0623;0,3113;0,7418
,225
Fitness 0,007953065, Gen ;0,8887;0,656;0,7731;0,8804;0,0495;0,968;0,1621;0,0298;0,2853;0,49;0,9032;0,9867;0,2543;0,3875;0,9185;0,7617;0,719;0,4754;0,0623;0,3113;0,7418
,132,133,133,134,134
Fitness 0,1508016, Gen ;0,8887;0,656;0,7731;0,8804;0,0495;0,968;0,1621;0,0298;0,2853;0,49;0,9032;0,9867;0,2543;0,3875;0,9185;0,7617;0,719;0,4754;0,0623;0,3113;0,7418
,159,167,167,168,168
Fitness 0,008279851, Gen ;0,8887;0,656;0,7731;0,8804;0,0495;0,968;0,1621;0,0298;0,2853;0,49;0,9032;0,9867;0,2543;0,3875;0,9185;0,7617;0,719;0,4754;0,0623;0,3113;0,7418
,120,121,121,122,122
Fitness 17,00475, Gen ;0,8887;0,656;0,7731;0,8804;0,0495;0,968;0,1621;0,0298;0,2853;0,49;0,9032;0,9867;0,2543;0,3875;0,9185;0,7617;0,719;0,4754;0,0623;0,3113;0,7418
,133,174,174,174,175
Fitness 5,488296, Gen ;0,8887;0,656;0,7731;0,8804;0,0495;0,968;0,1621;0,0298;0,2853;0,49;0,9032;0,9867;0,2543;0,3875;0,9185;0,7617;0,719;0,4754;0,0623;0,3113;0,7418
,168,173,173,174,174
Fitness 23,59747, Gen ;0,8887;0,656;0,7731;0,8804;0,0495;0,968;0,1621;0,0298;0,2853;0,49;0,9032;0,9867;0,2543;0,3875;0,9185;0,7617;0,719;0,4754;0,0623;0,3113;0,7418
,164,164
Fitness 4,499774, Gen ;0,8887;0,656;0,7731;0,8804;0,0495;0,968;0,1621;0,0298;0,2853;0,49;0,9032;0,9867;0,2543;0,3875;0,9185;0,7617;0,719;0,4754;0,0623;0,3113;0,7418
,235,235,235,235,236
Fitness 4,157164, Gen ;0,8887;0,656;0,7731;0,8804;0,0495;0,968;0,1621;0,0298;0,2853;0,49;0,9032;0,9867;0,2543;0,3875;0,9185;0,7617;0,719;0,4754;0,0623;0,3113;0,7418
,73,74,74,74,75
Fitness 0,006794051, Gen ;0,8887;0,656;0,7731;0,8804;0,0495;0,968;0,1621;0,0298;0,2853;0,49;0,9032;0,9867;0,2543;0,3875;0,9185;0,7617;0,719;0,4754;0,0623;0,3113;0,7418
,55,55,55,55,56
Fitness 0,01036014, Gen ;0,8887;0,656;0,7731;0,8804;0,0495;0,968;0,1621;0,0298;0,2853;0,49;0,9032;0,9867;0,2543;0,3875;0,9185;0,7617;0,719;0,4754;0,0623;0,3113;0,7418
,126,127,127,127,129
Fitness 64,77935, Gen ;0,8887;0,656;0,7731;0,8804;0,0495;0,968;0,1621;0,0298;0,2853;0,49;0,9032;0,9867;0,2543;0,3875;0,9185;0,7617;0,719;0,4754;0,0623;0,3113;0,7418
,194,214
Fitness 90,24845, Gen ;0,8887;0,656;0,7731;0,8804;0,0495;0,968;0,1621;0,0298;0,2853;0,49;0,9032;0,9867;0,2543;0,3875;0,9185;0,7617;0,719;0,4754;0,0623;0,3113;0,7418
,93,93,93,94,94
Fitness 19,98643, Gen ;0,8887;0,656;0,7731;0,8804;0,0495;0,968;0,1621;0,0298;0,2853;0,49;0,9032;0,9867;0,2543;0,3875;0,9185;0,7617;0,719;0,4754;0,0623;0,3113;0,7418
,122,122,122,122,122
