	75PopravljenStroembom ovc
	3 AI1 ovcarjev
Fitness 29,8419, Gen ;0,9162;0,4489;0,3247;0,756;0,0657;0,7854;0,1024;0,6971;0,9383;0,599;0,4552;0,9877;0,0351;0,173;0,754;0,2955;0,8965;0,7015;0,3957;0,309;0,4602
,71,72,72,73,73,73,73,73,73,73,73,73,73,73,73,73,73,73,73,74,74,74,74,74,74,74,74,74,74,74,74,74,74,74,74,74,74,74,74,75,75,75,75,75,75,75,75,75,75,75,75,75,75,75,75,75,75,75,76,76,76,76,76,76,76,76,76,77,77,77,77,88,88,90,90
Fitness 34,65042, Gen ;0,9162;0,4489;0,3247;0,756;0,0657;0,7854;0,1024;0,6971;0,9383;0,599;0,4552;0,9877;0,0351;0,173;0,754;0,2955;0,8965;0,7015;0,3957;0,309;0,4602
,78,79,79,79,79,79,79,79,79,79,79,79,79,80,80,80,80,80,80,80,80,80,81,81,81,81,81,81,81,81,82,82,82,82,82,83,83,83,104,104,104,104,104,104,104,104,104,104,104,104,104,104,104,104,104,104,105,105,105,105,105,105,105,105,105,105,105,106,106,106,106,106,107,108,108
Fitness 47,06168, Gen ;0,9162;0,4489;0,3247;0,756;0,0657;0,7854;0,1024;0,6971;0,9383;0,599;0,4552;0,9877;0,0351;0,173;0,754;0,2955;0,8965;0,7015;0,3957;0,309;0,4602
,125,125,126,126,126,126,126,126,126,126,127,127,127,127,127,127,127,127,127,127,127,127,127,127,127,128,128,128,128,128,128,128,128,128,129,129,129,129,129,129,129,129,129,129,130,130,130,130,130,130,130,131,131,131,131,131,131,132,132,132,133,133,133,133,134,134,134,136,137,137,138,138,139,139,139
Fitness 29,86336, Gen ;0,9162;0,4489;0,3247;0,756;0,0657;0,7854;0,1024;0,6971;0,9383;0,599;0,4552;0,9877;0,0351;0,173;0,754;0,2955;0,8965;0,7015;0,3957;0,309;0,4602
,84,84,84,84,84,84,84,84,84,85,85,85,85,85,85,85,85,85,86,86,86,86,86,86,87,87,87,87,87,87,88,88,88,88,88,88,88,88,88,89,89,89,89,89,90,90,90,90,100,100,100,101,101,101,101,101,101,101,101,101,101,101,101,101,101,101,102,102,102,102,102,102,102,102,103
Fitness 15,92012, Gen ;0,9162;0,4489;0,3247;0,756;0,0657;0,7854;0,1024;0,6971;0,9383;0,599;0,4552;0,9877;0,0351;0,173;0,754;0,2955;0,8965;0,7015;0,3957;0,309;0,4602
,66,66,66,66,66,66,66,66,66,66,66,67,67,67,67,67,67,67,67,67,67,67,67,67,67,67,67,68,68,68,68,68,68,68,68,68,69,69,69,69,69,69,69,69,69,69,69,70,70,70,70,70,70,71,71,71,71,71,72,72,72,72,73,73,73,73,73,74,74,75,76,76,77,77,77
Fitness 2,918313, Gen ;0,9162;0,4489;0,3247;0,756;0,0657;0,7854;0,1024;0,6971;0,9383;0,599;0,4552;0,9877;0,0351;0,173;0,754;0,2955;0,8965;0,7015;0,3957;0,309;0,4602
,85,85,85,85,86,86,86,87,87,89,89,105,105,105,105,105,105,105,105,105,105,105,105,105,105,105,105,105,105,105,105,105,105,105,105,106,106,106,106,106,106,106,106,106,106,106,106,106,106,106,106,106,106,106,106,106,106,106,106,106,106,106,106,107,107,107,107,107,107,107,107,107,107,107,108
Fitness 18,48659, Gen ;0,9162;0,4489;0,3247;0,756;0,0657;0,7854;0,1024;0,6971;0,9383;0,599;0,4552;0,9877;0,0351;0,173;0,754;0,2955;0,8965;0,7015;0,3957;0,309;0,4602
,65,65,65,65,65,65,65,65,65,65,65,65,66,66,66,66,66,66,66,66,66,66,66,66,66,66,66,66,66,66,66,66,66,66,66,66,66,67,67,67,67,67,67,67,67,67,67,67,67,67,67,67,67,68,68,68,68,69,69,69,69,69,69,69,70,70,70,70,71,72,72,72,76,77,77
Fitness 41,57812, Gen ;0,9162;0,4489;0,3247;0,756;0,0657;0,7854;0,1024;0,6971;0,9383;0,599;0,4552;0,9877;0,0351;0,173;0,754;0,2955;0,8965;0,7015;0,3957;0,309;0,4602
,114,114,114,114,114,114,114,114,114,114,114,115,115,115,115,115,115,115,115,115,115,115,115,115,115,115,115,115,115,115,115,115,116,116,116,116,116,116,116,116,116,116,116,116,116,116,116,116,116,116,116,117,117,117,117,117,117,117,117,117,117,117,117,117,117,117,118,118,118,118,118,118,119,119,122
Fitness 13,96461, Gen ;0,9162;0,4489;0,3247;0,756;0,0657;0,7854;0,1024;0,6971;0,9383;0,599;0,4552;0,9877;0,0351;0,173;0,754;0,2955;0,8965;0,7015;0,3957;0,309;0,4602
,52,52,52,53,53,53,53,53,53,53,53,54,54,54,54,54,54,54,54,54,54,54,54,54,54,54,54,54,54,54,54,54,54,54,54,54,54,55,55,55,55,55,55,55,55,55,55,55,56,56,56,56,57,57,57,57,57,57,57,57,57,58,58,58,58,58,59,59,59,59,61,61,61,61,62
Fitness 42,16985, Gen ;0,9162;0,4489;0,3247;0,756;0,0657;0,7854;0,1024;0,6971;0,9383;0,599;0,4552;0,9877;0,0351;0,173;0,754;0,2955;0,8965;0,7015;0,3957;0,309;0,4602
,60,60,60,60,60,60,60,60,60,60,60,60,60,61,61,61,61,61,61,61,61,61,61,61,61,61,61,62,62,62,62,62,62,62,62,62,62,62,62,62,62,63,63,63,63,63,63,63,63,64,64,64,64,64,64,64,64,64,65,65,65,65,65,65,65,65,65,66,66,66,66,66,75,77,80
Fitness 7,660257, Gen ;0,9162;0,4489;0,3247;0,756;0,0657;0,7854;0,1024;0,6971;0,9383;0,599;0,4552;0,9877;0,0351;0,173;0,754;0,2955;0,8965;0,7015;0,3957;0,309;0,4602
,120,120,120,120,120,120,120,120,120,120,120,120,120,120,121,121,121,121,121,121,121,121,121,121,121,121,121,121,121,121,121,121,121,121,121,121,121,121,121,121,122,122,122,122,122,122,122,122,122,122,122,122,122,123,123,123,123,123,123,123,123,123,123,124,124,124,124,124,124,124,125,125,127,129,131
Fitness 61,92107, Gen ;0,9162;0,4489;0,3247;0,756;0,0657;0,7854;0,1024;0,6971;0,9383;0,599;0,4552;0,9877;0,0351;0,173;0,754;0,2955;0,8965;0,7015;0,3957;0,309;0,4602
,78,78,78,78,78,78,78,78,78,78,79,79,79,79,80,80,80,80,80,80,80,80,80,80,80,80,81,81,81,81,81,81,81,81,81,81,81,82,82,82,82,82,82,82,82,82,82,83,83,83,83,83,84,85,85,85,86,86,87,87,87,87,87,87,87,87,88,88,88,88,89,89,102,102,102
Fitness 41,29976, Gen ;0,9162;0,4489;0,3247;0,756;0,0657;0,7854;0,1024;0,6971;0,9383;0,599;0,4552;0,9877;0,0351;0,173;0,754;0,2955;0,8965;0,7015;0,3957;0,309;0,4602
,84,84,84,84,85,85,85,85,85,85,85,85,85,86,86,86,86,86,86,86,86,86,86,86,86,87,87,87,87,87,87,87,88,88,88,101,101,101,101,101,101,101,101,101,101,101,102,102,102,102,102,102,102,102,102,102,102,102,102,102,102,102,102,102,102,103,103,103,103,104,104,104,104,105,106
Fitness 5,000256, Gen ;0,9162;0,4489;0,3247;0,756;0,0657;0,7854;0,1024;0,6971;0,9383;0,599;0,4552;0,9877;0,0351;0,173;0,754;0,2955;0,8965;0,7015;0,3957;0,309;0,4602
,54,54,54,54,54,54,54,54,54,54,54,54,54,54,54,54,54,54,54,54,54,54,54,54,54,54,54,54,54,54,55,55,55,55,55,55,55,55,55,55,55,55,55,55,55,55,55,56,56,56,56,56,56,56,56,56,56,57,57,57,57,57,57,57,57,58,58,58,58,58,58,58,62,62,66
Fitness 20,8562, Gen ;0,9162;0,4489;0,3247;0,756;0,0657;0,7854;0,1024;0,6971;0,9383;0,599;0,4552;0,9877;0,0351;0,173;0,754;0,2955;0,8965;0,7015;0,3957;0,309;0,4602
,98,98,98,98,98,98,98,98,98,98,98,98,98,98,99,99,99,99,99,99,99,99,99,99,99,99,99,99,99,99,99,99,99,99,99,100,100,100,100,100,100,100,100,100,100,100,100,100,100,100,100,100,100,101,101,101,101,101,101,101,101,102,103,103,104,105,105,106,106,106,106,107,129,148,178
Fitness 16,68967, Gen ;0,9162;0,4489;0,3247;0,756;0,0657;0,7854;0,1024;0,6971;0,9383;0,599;0,4552;0,9877;0,0351;0,173;0,754;0,2955;0,8965;0,7015;0,3957;0,309;0,4602
,88,89,89,90,90,90,90,91,91,91,91,91,92,92,92,92,92,92,92,92,92,92,93,93,93,93,93,93,93,93,94,94,95,96,97,106,107,107,107,107,107,107,107,107,107,107,107,107,107,107,107,108,108,108,108,108,108,108,108,109,109,109,109,109,109,109,109,110,110,110,110,110,110,111,111
Fitness 57,77296, Gen ;0,9162;0,4489;0,3247;0,756;0,0657;0,7854;0,1024;0,6971;0,9383;0,599;0,4552;0,9877;0,0351;0,173;0,754;0,2955;0,8965;0,7015;0,3957;0,309;0,4602
,133,133,133,133,133,133,133,133,133,133,133,133,133,133,133,133,133,133,133,133,133,133,133,133,133,134,134,134,134,134,134,134,134,134,134,134,134,134,134,134,134,135,135,135,135,135,135,135,135,135,135,135,136,136,136,137,137,137,137,137,137,138,138,139,139,139,139,139,139,140
Fitness 0,02601767, Gen ;0,9162;0,4489;0,3247;0,756;0,0657;0,7854;0,1024;0,6971;0,9383;0,599;0,4552;0,9877;0,0351;0,173;0,754;0,2955;0,8965;0,7015;0,3957;0,309;0,4602
,66,66,66,66,66,66,66,66,66,66,66,66,66,66,66,67,67,67,67,67,67,67,67,67,67,67,67,67,67,67,67,67,67,67,67,67,67,67,67,68,68,68,68,68,68,68,68,68,68,68,68,68,68,68,68,68,68,69,69,69,69,69,69,69,70,70,70,70,70,71,100,101,101,106,106
Fitness 13,45388, Gen ;0,9162;0,4489;0,3247;0,756;0,0657;0,7854;0,1024;0,6971;0,9383;0,599;0,4552;0,9877;0,0351;0,173;0,754;0,2955;0,8965;0,7015;0,3957;0,309;0,4602
,73,73,73,73,73,73,73,73,74,74,74,74,74,74,74,74,74,74,74,74,74,74,74,74,74,74,74,74,74,74,74,75,75,75,75,75,75,75,75,75,75,75,75,75,75,75,75,75,75,75,76,76,76,76,76,76,76,76,76,76,76,76,76,76,76,76,77,77,77,77,78,79,79,81,82
Fitness 0,0001779419, Gen ;0,9162;0,4489;0,3247;0,756;0,0657;0,7854;0,1024;0,6971;0,9383;0,599;0,4552;0,9877;0,0351;0,173;0,754;0,2955;0,8965;0,7015;0,3957;0,309;0,4602
,111,111,111,111,111,111,111,111,111,111,111,111,111,111,111,111,111,111,111,111,111,111,111,111,111,111,111,111,111,111,111,112,112,112,112,112,112,112,112,112,112,112,112,112,112,112,112,112,113,113,113,113,113,113,113,113,113,113,113,113,113,113,114,114,114,114,114,114,114,114,114,115,115,115,115
Fitness 21,14517, Gen ;0,9162;0,4489;0,3247;0,756;0,0657;0,7854;0,1024;0,6971;0,9383;0,599;0,4552;0,9877;0,0351;0,173;0,754;0,2955;0,8965;0,7015;0,3957;0,309;0,4602
,104,105,105,106,106,106,106,106,106,106,106,106,106,106,106,106,107,107,107,107,107,107,107,107,107,107,107,107,108,108,108,108,108,108,108,108,108,108,108,108,108,108,108,108,108,108,109,109,109,109,109,109,109,109,109,109,109,109,109,109,109,109,110,110,110,110,110,110,110,110,110,110,110,111,112
Fitness 35,59038, Gen ;0,9162;0,4489;0,3247;0,756;0,0657;0,7854;0,1024;0,6971;0,9383;0,599;0,4552;0,9877;0,0351;0,173;0,754;0,2955;0,8965;0,7015;0,3957;0,309;0,4602
,88,88,88,88,88,88,88,89,89,89,89,89,89,89,89,90,90,91,91,91,91,112,112,112,112,112,112,112,112,112,112,113,113,113,113,113,113,113,113,113,113,113,113,113,113,113,113,114,114,114,114,114,114,114,114,114,114,115,119,120,121,123,124,125,128,128,128,129,129,129,129,129,130,139,142
Fitness 10,14467, Gen ;0,9162;0,4489;0,3247;0,756;0,0657;0,7854;0,1024;0,6971;0,9383;0,599;0,4552;0,9877;0,0351;0,173;0,754;0,2955;0,8965;0,7015;0,3957;0,309;0,4602
,98,98,98,98,98,98,98,98,98,98,98,98,98,98,98,98,99,99,99,99,99,99,99,99,99,99,99,99,99,99,99,99,99,99,99,99,99,99,100,100,100,100,100,100,100,100,100,100,100,100,100,100,100,101,101,101,101,101,101,102,102,102,102,102,103,103,103,103,103,104,104,104,104,104,104
Fitness 11,85932, Gen ;0,9162;0,4489;0,3247;0,756;0,0657;0,7854;0,1024;0,6971;0,9383;0,599;0,4552;0,9877;0,0351;0,173;0,754;0,2955;0,8965;0,7015;0,3957;0,309;0,4602
,113,113,114,114,114,114,114,114,114,114,114,114,114,114,114,114,114,115,115,115,115,115,115,115,115,115,115,115,115,115,115,115,115,115,115,116,116,116,116,116,116,116,116,116,116,116,116,117,117,117,118,118,118,119,119,119,119,120,120,120,121,121,121,121,121,121,121,122,122,123,143,144,147,148,148
Fitness 3,64025, Gen ;0,9162;0,4489;0,3247;0,756;0,0657;0,7854;0,1024;0,6971;0,9383;0,599;0,4552;0,9877;0,0351;0,173;0,754;0,2955;0,8965;0,7015;0,3957;0,309;0,4602
,57,57,57,57,57,58,58,58,58,58,58,58,58,58,58,58,58,58,59,59,59,59,59,59,59,59,59,59,59,60,60,60,60,60,60,60,60,60,60,60,60,60,60,60,60,60,60,61,61,61,61,61,61,61,61,61,61,61,61,61,61,61,62,62,62,62,62,62,62,63,63,63,64,64,64
Fitness 16,1518, Gen ;0,9162;0,4489;0,3247;0,756;0,0657;0,7854;0,1024;0,6971;0,9383;0,599;0,4552;0,9877;0,0351;0,173;0,754;0,2955;0,8965;0,7015;0,3957;0,309;0,4602
,133,133,133,133,133,133,133,133,133,133,133,133,133,133,133,133,133,133,133,133,133,133,133,134,134,134,134,134,134,134,134,134,134,134,134,134,134,134,134,134,134,134,134,134,135,135,135,135,135,136,136,136,136,136,136,136,137,137,138,139,139,139,140,141,142,142,142,143,143,144,145,145,149
Fitness 2,18616, Gen ;0,9162;0,4489;0,3247;0,756;0,0657;0,7854;0,1024;0,6971;0,9383;0,599;0,4552;0,9877;0,0351;0,173;0,754;0,2955;0,8965;0,7015;0,3957;0,309;0,4602
,64,64,64,64,64,64,64,64,64,64,64,64,64,64,64,64,64,64,64,64,64,64,64,64,64,64,64,64,64,65,65,65,65,65,65,65,65,65,65,65,65,65,65,65,65,65,65,66,66,66,66,66,66,66,66,66,66,67,67,67,67,67,67,67,67,67,67,67,67,67,68,72,79,79,81
Fitness 57,26434, Gen ;0,9162;0,4489;0,3247;0,756;0,0657;0,7854;0,1024;0,6971;0,9383;0,599;0,4552;0,9877;0,0351;0,173;0,754;0,2955;0,8965;0,7015;0,3957;0,309;0,4602
,73,73,73,73,73,73,73,73,73,73,73,73,73,73,73,73,73,73,73,73,73,73,73,73,73,73,73,73,73,74,74,74,74,74,74,74,74,74,74,74,74,74,74,74,74,74,74,74,74,74,74,74,75,75,75,75,75,75,75,75,75,75,75,75,75,76,76,76,76,76,77,77,78,78,78
Fitness 0,000139739, Gen ;0,9162;0,4489;0,3247;0,756;0,0657;0,7854;0,1024;0,6971;0,9383;0,599;0,4552;0,9877;0,0351;0,173;0,754;0,2955;0,8965;0,7015;0,3957;0,309;0,4602
,66,66,66,66,66,66,66,66,66,66,66,66,66,66,66,66,66,66,67,67,67,67,67,67,67,67,67,67,67,67,67,67,67,67,67,67,67,67,67,67,68,68,68,68,68,68,68,68,68,68,68,68,68,68,68,69,69,69,69,69,69,69,69,69,69,69,70,70,70,71,74,75,120,122,127
Fitness 39,95293, Gen ;0,9162;0,4489;0,3247;0,756;0,0657;0,7854;0,1024;0,6971;0,9383;0,599;0,4552;0,9877;0,0351;0,173;0,754;0,2955;0,8965;0,7015;0,3957;0,309;0,4602
,71,72,72,72,72,72,72,72,72,72,72,72,72,72,72,72,72,72,72,72,72,72,73,73,73,73,73,73,73,73,73,73,73,73,73,73,73,73,73,74,74,74,74,74,74,74,74,74,74,74,75,75,75,75,75,75,75,75,75,75,75,76,76,77,77,77,77,77,77,78,79,79,79,80,81
Fitness 39,27385, Gen ;0,9162;0,4489;0,3247;0,756;0,0657;0,7854;0,1024;0,6971;0,9383;0,599;0,4552;0,9877;0,0351;0,173;0,754;0,2955;0,8965;0,7015;0,3957;0,309;0,4602
,137,140,140,140,140,140,140,140,140,140,140,140,141,141,141,141,141,142,142,142,142,142,142,142,142,142,143,143,143,143,143,143,143,143,143,143,143,144,144,144,144,145,145,145,145,145,145,145,145,145,145,145,145,145,145,145,145,145,146,146,146,146,146,146,146,147,147,150,152,156,160,161,163,163,168
Fitness 10,86573, Gen ;0,9162;0,4489;0,3247;0,756;0,0657;0,7854;0,1024;0,6971;0,9383;0,599;0,4552;0,9877;0,0351;0,173;0,754;0,2955;0,8965;0,7015;0,3957;0,309;0,4602
,74,74,74,74,74,74,74,74,74,74,74,74,74,74,74,74,74,74,74,74,74,74,74,74,74,74,74,74,74,74,74,75,75,75,75,75,75,75,75,75,75,75,75,75,75,75,75,75,75,75,75,76,76,76,76,76,76,76,76,76,77,77,77,77,77,77,78,78,82,82,83,84,84,85,97
Fitness 36,6907, Gen ;0,9162;0,4489;0,3247;0,756;0,0657;0,7854;0,1024;0,6971;0,9383;0,599;0,4552;0,9877;0,0351;0,173;0,754;0,2955;0,8965;0,7015;0,3957;0,309;0,4602
,117,117,117,117,117,117,117,117,117,117,117,117,117,117,117,117,117,117,117,117,117,117,118,118,118,118,118,118,118,118,118,118,118,118,118,118,118,118,118,118,118,118,119,119,119,119,119,119,119,119,119,119,119,119,119,119,119,119,120,120,120,120,120,120,120,121,121,121,121,121,121,121,122,123,123
Fitness 0,1871506, Gen ;0,9162;0,4489;0,3247;0,756;0,0657;0,7854;0,1024;0,6971;0,9383;0,599;0,4552;0,9877;0,0351;0,173;0,754;0,2955;0,8965;0,7015;0,3957;0,309;0,4602
,70,70,70,70,70,70,70,70,70,70,70,70,70,70,70,70,70,70,70,70,70,70,70,70,70,70,70,70,70,70,70,71,71,71,71,71,71,71,71,71,71,71,71,71,71,71,71,71,72,72,72,72,72,72,72,72,72,73,73,73,73,73,74,74,74,74,74,74,75,75,75,76,77,77,77
Fitness 25,66287, Gen ;0,9162;0,4489;0,3247;0,756;0,0657;0,7854;0,1024;0,6971;0,9383;0,599;0,4552;0,9877;0,0351;0,173;0,754;0,2955;0,8965;0,7015;0,3957;0,309;0,4602
,51,51,51,51,51,51,51,51,51,51,51,51,51,51,51,51,51,51,51,51,51,51,51,51,51,51,51,51,51,51,52,52,52,52,52,52,52,52,52,52,52,52,52,52,52,52,52,52,52,52,52,52,52,53,53,53,53,53,53,53,53,53,53,54,54,54,54,54,54,54,55,55,55,58,58
Fitness 7,108116, Gen ;0,9162;0,4489;0,3247;0,756;0,0657;0,7854;0,1024;0,6971;0,9383;0,599;0,4552;0,9877;0,0351;0,173;0,754;0,2955;0,8965;0,7015;0,3957;0,309;0,4602
,58,58,58,58,58,58,58,58,58,58,58,58,58,58,58,58,58,58,58,58,59,59,59,59,59,59,59,59,59,59,59,59,59,59,59,59,59,59,59,59,59,59,59,59,60,60,60,60,60,60,60,60,60,60,60,60,60,60,60,61,61,61,61,61,61,62,62,62,62,62,63,63,63,64,65
Fitness 40,79504, Gen ;0,9162;0,4489;0,3247;0,756;0,0657;0,7854;0,1024;0,6971;0,9383;0,599;0,4552;0,9877;0,0351;0,173;0,754;0,2955;0,8965;0,7015;0,3957;0,309;0,4602
,65,65,65,65,65,65,65,65,65,65,65,66,66,66,66,66,66,66,66,66,66,66,66,66,66,66,66,66,66,66,66,66,66,67,67,67,67,67,67,67,67,67,67,67,67,67,67,67,67,67,67,67,67,67,67,67,68,68,68,68,69,69,69,69,69,69,70,70,71,71,71,75,76,77,86
Fitness 67,67413, Gen ;0,9162;0,4489;0,3247;0,756;0,0657;0,7854;0,1024;0,6971;0,9383;0,599;0,4552;0,9877;0,0351;0,173;0,754;0,2955;0,8965;0,7015;0,3957;0,309;0,4602
,102,102,102,102,102,102,102,102,102,103,103,103,103,103,103,103,103,103,103,103,103,103,103,103,104,104,104,104,104,104,104,104,104,104,104,104,104,104,104,104,104,104,104,104,104,104,104,105,105,105,105,105,105,105,105,105,105,105,106,106,106,106,106,106,106,106,106,106,107,107,107,108,108,110,114
Fitness 57,04791, Gen ;0,9162;0,4489;0,3247;0,756;0,0657;0,7854;0,1024;0,6971;0,9383;0,599;0,4552;0,9877;0,0351;0,173;0,754;0,2955;0,8965;0,7015;0,3957;0,309;0,4602
,82,83,83,83,83,83,83,83,83,83,84,84,84,84,84,84,84,84,84,84,85,85,85,85,85,85,85,85,85,85,85,85,85,86,86,86,86,86,86,86,87,87,87,87,87,87,87,88,89,90,96,96,96,96,96,96,96,96,97,97,97,97,97,97,97,98,99,99,99,100,100,102,103,103,104
Fitness 35,21782, Gen ;0,9162;0,4489;0,3247;0,756;0,0657;0,7854;0,1024;0,6971;0,9383;0,599;0,4552;0,9877;0,0351;0,173;0,754;0,2955;0,8965;0,7015;0,3957;0,309;0,4602
,63,64,64,64,64,64,64,64,64,64,64,64,64,64,64,64,64,65,65,65,65,65,65,65,65,66,66,66,66,66,66,66,66,66,67,67,67,67,67,67,67,68,68,68,68,68,69,69,69,69,69,69,70,70,71,71,71,71,73,74,74,74,74,75,75,76,77,77,77,78,78,79,81,82,114
Fitness 11,64854, Gen ;0,9162;0,4489;0,3247;0,756;0,0657;0,7854;0,1024;0,6971;0,9383;0,599;0,4552;0,9877;0,0351;0,173;0,754;0,2955;0,8965;0,7015;0,3957;0,309;0,4602
,65,65,65,65,65,65,65,65,65,65,65,65,65,65,65,65,65,65,65,65,65,65,65,66,66,66,66,66,66,66,66,66,66,66,66,66,66,66,66,66,66,66,66,66,66,66,66,66,67,67,67,67,67,67,67,67,67,67,67,67,67,67,68,68,68,68,68,68,68,68,68,69,69,69,72
Fitness 18,35361, Gen ;0,9162;0,4489;0,3247;0,756;0,0657;0,7854;0,1024;0,6971;0,9383;0,599;0,4552;0,9877;0,0351;0,173;0,754;0,2955;0,8965;0,7015;0,3957;0,309;0,4602
,70,70,70,70,70,70,70,70,70,70,70,70,70,70,70,70,70,70,70,70,70,70,70,70,70,70,70,70,70,70,70,70,71,71,71,71,71,71,71,71,71,71,71,71,71,71,71,72,72,72,72,72,72,72,72,72,73,73,74,74,75,77,77,79,79,79,80,80,80,80,81,81,82,82,83
Fitness 17,00001, Gen ;0,9162;0,4489;0,3247;0,756;0,0657;0,7854;0,1024;0,6971;0,9383;0,599;0,4552;0,9877;0,0351;0,173;0,754;0,2955;0,8965;0,7015;0,3957;0,309;0,4602
,69,69,70,70,70,70,70,70,70,70,70,70,70,70,70,71,71,71,71,71,71,71,71,71,71,71,71,71,71,71,71,71,71,71,71,71,71,71,71,71,71,71,71,71,71,71,71,72,72,72,72,72,72,72,72,72,72,72,72,72,72,72,72,72,73,73,74,74,74,75,75,75,76,76,84
Fitness 47,44836, Gen ;0,9162;0,4489;0,3247;0,756;0,0657;0,7854;0,1024;0,6971;0,9383;0,599;0,4552;0,9877;0,0351;0,173;0,754;0,2955;0,8965;0,7015;0,3957;0,309;0,4602
,61,61,61,61,61,61,61,61,61,61,61,61,61,61,62,62,62,62,62,62,62,62,62,62,63,63,63,63,63,63,63,63,63,63,63,63,63,63,63,63,64,64,64,64,64,64,64,64,64,65,65,65,65,65,65,65,65,65,65,65,65,65,65,66,66,66,66,66,66,66,66,67,67,67,70
Fitness 35,60917, Gen ;0,9162;0,4489;0,3247;0,756;0,0657;0,7854;0,1024;0,6971;0,9383;0,599;0,4552;0,9877;0,0351;0,173;0,754;0,2955;0,8965;0,7015;0,3957;0,309;0,4602
,82,82,82,82,82,82,82,82,82,82,82,83,83,83,83,83,83,83,83,83,83,83,83,83,83,83,83,83,83,83,83,83,83,83,83,83,83,83,83,83,84,84,84,84,84,84,84,84,84,84,84,84,84,84,84,84,84,85,85,85,85,85,85,85,85,85,86,86,86,86,86,87,101,102,105
Fitness 35,29654, Gen ;0,9162;0,4489;0,3247;0,756;0,0657;0,7854;0,1024;0,6971;0,9383;0,599;0,4552;0,9877;0,0351;0,173;0,754;0,2955;0,8965;0,7015;0,3957;0,309;0,4602
,85,85,85,85,85,85,85,85,85,85,85,85,85,85,86,86,86,86,86,86,86,86,86,86,86,86,86,86,86,86,86,86,86,86,87,87,87,87,87,87,87,87,87,87,87,87,87,87,87,87,88,88,88,88,88,89,89,90,90,90,90,91,91,98,98,99,99,99,100,100,100,100,101,102,103
Fitness 50,57074, Gen ;0,9162;0,4489;0,3247;0,756;0,0657;0,7854;0,1024;0,6971;0,9383;0,599;0,4552;0,9877;0,0351;0,173;0,754;0,2955;0,8965;0,7015;0,3957;0,309;0,4602
,73,73,73,73,73,73,73,73,73,73,73,73,73,73,74,74,74,74,74,74,74,74,74,74,74,74,74,74,74,74,76,76,76,76,76,77,77,77,77,77,77,77,77,77,77,78,78,78,80,80,80,80,80,82,82,84,84,85,85,85,85,85,86,86,87,87,87,87,87,101,103,104,104,104,104
Fitness 19,19811, Gen ;0,9162;0,4489;0,3247;0,756;0,0657;0,7854;0,1024;0,6971;0,9383;0,599;0,4552;0,9877;0,0351;0,173;0,754;0,2955;0,8965;0,7015;0,3957;0,309;0,4602
,80,80,80,80,80,80,80,81,81,81,81,81,81,81,81,81,81,81,81,81,82,82,82,82,82,82,82,82,82,82,82,83,83,83,83,83,83,83,83,83,83,83,83,84,84,84,84,84,84,84,84,84,84,84,85,85,85,85,85,85,85,86,86,86,86,101,101,102,102,103,110,113,115,117,117
Fitness 19,09687, Gen ;0,9162;0,4489;0,3247;0,756;0,0657;0,7854;0,1024;0,6971;0,9383;0,599;0,4552;0,9877;0,0351;0,173;0,754;0,2955;0,8965;0,7015;0,3957;0,309;0,4602
,80,81,81,81,82,82,82,82,83,83,84,84,84,85,85,85,86,86,86,86,88,89,105,105,105,105,105,105,105,105,105,105,105,105,105,105,105,105,105,105,105,105,105,105,105,105,105,105,105,105,105,105,106,106,106,106,106,106,106,106,106,106,107,107,107,107,107,107,108,108,108,108,109,110,162
Fitness 20,47256, Gen ;0,9162;0,4489;0,3247;0,756;0,0657;0,7854;0,1024;0,6971;0,9383;0,599;0,4552;0,9877;0,0351;0,173;0,754;0,2955;0,8965;0,7015;0,3957;0,309;0,4602
,72,72,72,72,72,72,72,72,72,72,72,72,72,73,73,73,73,73,73,73,73,73,73,73,73,73,73,73,73,73,73,73,73,73,73,73,73,73,73,73,73,74,74,74,74,74,74,74,74,74,74,74,74,74,74,74,74,75,75,75,75,75,75,75,75,75,76,76,76,76,76,76,77,78,80
Fitness 13,11664, Gen ;0,9162;0,4489;0,3247;0,756;0,0657;0,7854;0,1024;0,6971;0,9383;0,599;0,4552;0,9877;0,0351;0,173;0,754;0,2955;0,8965;0,7015;0,3957;0,309;0,4602
,69,69,69,71,71,72,72,72,72,72,72,72,72,72,72,72,72,72,73,73,73,73,73,73,73,73,73,73,73,73,74,74,74,74,74,74,74,74,74,74,74,74,74,74,74,75,75,75,75,75,75,75,75,75,75,75,76,76,76,76,76,76,77,77,77,77,78,78,78,78,80,82,83,84,84
Fitness 0,9342157, Gen ;0,9162;0,4489;0,3247;0,756;0,0657;0,7854;0,1024;0,6971;0,9383;0,599;0,4552;0,9877;0,0351;0,173;0,754;0,2955;0,8965;0,7015;0,3957;0,309;0,4602
,70,70,70,70,70,70,70,70,70,70,70,70,70,70,70,70,70,70,70,70,70,70,70,70,70,70,71,71,71,71,71,71,71,71,71,71,71,71,71,71,72,72,72,72,72,72,72,72,72,72,72,72,72,72,73,73,73,73,73,74,74,74,74,74,74,75,75,76,76,78,79,84,88,89,123
Fitness 37,81667, Gen ;0,9162;0,4489;0,3247;0,756;0,0657;0,7854;0,1024;0,6971;0,9383;0,599;0,4552;0,9877;0,0351;0,173;0,754;0,2955;0,8965;0,7015;0,3957;0,309;0,4602
,115,115,115,115,115,115,115,115,115,115,115,115,115,115,115,116,116,116,116,116,116,116,116,116,116,116,116,116,116,116,116,116,116,116,116,116,116,116,116,117,117,117,117,117,117,117,117,117,117,117,117,117,117,117,117,117,117,117,117,117,118,118,118,118,119,119,119,119,119,119,119,120,120,120,120
Fitness 34,53265, Gen ;0,9162;0,4489;0,3247;0,756;0,0657;0,7854;0,1024;0,6971;0,9383;0,599;0,4552;0,9877;0,0351;0,173;0,754;0,2955;0,8965;0,7015;0,3957;0,309;0,4602
,119,119,119,119,119,119,119,119,120,120,120,120,120,120,120,120,120,120,120,120,120,121,121,121,121,121,121,121,121,121,121,121,121,122,122,122,122,122,122,122,123,123,123,123,123,123,123,124,124,124,124,124,124,124,125,125,125,125,125,125,126,126,126,126,126,126,126,126,126,126,126,127,127,127,144
Fitness 12,25387, Gen ;0,9162;0,4489;0,3247;0,756;0,0657;0,7854;0,1024;0,6971;0,9383;0,599;0,4552;0,9877;0,0351;0,173;0,754;0,2955;0,8965;0,7015;0,3957;0,309;0,4602
,112,112,112,112,112,112,112,112,112,113,113,113,113,113,113,113,113,113,113,113,113,113,113,113,113,113,113,113,113,114,114,114,114,114,114,114,114,114,114,114,114,114,114,114,114,114,114,114,115,115,115,115,115,115,115,115,115,115,115,115,115,116,116,116,116,116,116,117,117,117,117,117,117,120,120
Fitness 7,962317, Gen ;0,9162;0,4489;0,3247;0,756;0,0657;0,7854;0,1024;0,6971;0,9383;0,599;0,4552;0,9877;0,0351;0,173;0,754;0,2955;0,8965;0,7015;0,3957;0,309;0,4602
,107,107,107,107,107,107,107,107,107,107,107,107,107,107,107,107,107,107,107,107,107,107,107,107,107,107,107,107,107,107,107,107,107,108,108,108,108,108,108,108,108,108,108,108,108,108,108,108,108,108,108,108,108,108,108,108,108,108,109,109,109,109,109,109,109,109,109,109,109,109,109,109,110,110,131
Fitness 2,558692, Gen ;0,9162;0,4489;0,3247;0,756;0,0657;0,7854;0,1024;0,6971;0,9383;0,599;0,4552;0,9877;0,0351;0,173;0,754;0,2955;0,8965;0,7015;0,3957;0,309;0,4602
,132,132,132,133,135,136,136,136,136,136,136,137,137,137,137,137,137,137,137,137,137,137,137,137,137,137,137,137,137,137,138,138,138,138,138,138,138,138,138,138,138,138,138,138,139,139,139,139,139,139,139,139,139,139,139,139,139,139,139,140,140,140,140,140,140,140,140,140,141,141,141,141,142,142,144
Fitness 8,249301, Gen ;0,9162;0,4489;0,3247;0,756;0,0657;0,7854;0,1024;0,6971;0,9383;0,599;0,4552;0,9877;0,0351;0,173;0,754;0,2955;0,8965;0,7015;0,3957;0,309;0,4602
,61,61,61,61,61,61,61,61,61,61,61,61,61,61,62,62,62,62,62,62,62,62,62,62,62,62,62,62,63,63,63,63,63,63,63,63,63,63,63,63,63,63,63,63,63,63,63,64,64,64,64,64,64,64,65,65,65,65,65,66,67,68,68,69,69,69,69,69,69,69,69,70,70,71,71
Fitness 5,96078, Gen ;0,9162;0,4489;0,3247;0,756;0,0657;0,7854;0,1024;0,6971;0,9383;0,599;0,4552;0,9877;0,0351;0,173;0,754;0,2955;0,8965;0,7015;0,3957;0,309;0,4602
,112,112,112,112,112,112,112,112,112,112,112,112,112,112,112,112,112,112,112,112,112,112,112,112,112,112,112,112,112,112,112,112,113,113,113,113,113,113,113,113,113,113,113,113,113,113,113,113,113,113,113,113,113,113,113,113,114,114,114,114,114,114,114,114,114,114,114,114,115,115,115,115,115,120,147
Fitness 1,896555, Gen ;0,9162;0,4489;0,3247;0,756;0,0657;0,7854;0,1024;0,6971;0,9383;0,599;0,4552;0,9877;0,0351;0,173;0,754;0,2955;0,8965;0,7015;0,3957;0,309;0,4602
,55,55,55,55,55,55,55,55,55,55,55,55,55,55,55,55,55,55,55,55,55,55,55,55,56,56,56,56,56,56,56,56,56,56,56,56,56,56,56,56,56,57,57,57,57,57,57,57,57,57,57,57,57,57,57,57,57,58,58,58,58,58,58,58,58,58,59,59,59,60,61,61,61,62,64
Fitness 48,67425, Gen ;0,9162;0,4489;0,3247;0,756;0,0657;0,7854;0,1024;0,6971;0,9383;0,599;0,4552;0,9877;0,0351;0,173;0,754;0,2955;0,8965;0,7015;0,3957;0,309;0,4602
,76,77,77,77,77,77,78,78,78,78,78,78,78,78,79,79,79,79,79,79,79,80,80,80,80,80,80,81,82,82,82,82,83,83,83,83,83,84,84,84,84,84,85,85,85,85,85,86,86,86,86,86,86,87,87,87,87,88,88,88,88,88,89,89,89,89,89,89,89,89,90,90,91,93,101
Fitness 2,599339, Gen ;0,9162;0,4489;0,3247;0,756;0,0657;0,7854;0,1024;0,6971;0,9383;0,599;0,4552;0,9877;0,0351;0,173;0,754;0,2955;0,8965;0,7015;0,3957;0,309;0,4602
,78,79,79,79,80,96,96,96,96,96,96,96,96,97,97,97,97,97,97,97,97,97,97,97,97,97,97,97,97,97,98,98,98,98,98,98,98,98,98,98,98,98,99,99,99,99,99,99,99,99,99,99,100,100,100,100,101,101,101,101,101,101,101,101,101,101,102,102,102,103,103,124,129,133,143
Fitness 59,24955, Gen ;0,9162;0,4489;0,3247;0,756;0,0657;0,7854;0,1024;0,6971;0,9383;0,599;0,4552;0,9877;0,0351;0,173;0,754;0,2955;0,8965;0,7015;0,3957;0,309;0,4602
,114,114,114,114,114,114,114,114,114,114,114,114,114,114,114,114,114,114,114,114,114,114,114,114,114,114,114,115,115,115,115,115,115,115,115,115,115,115,115,115,115,115,115,115,115,115,115,116,116,116,116,116,116,116,116,116,116,116,116,116,116,117,117,117,117,117,117,118,118,118,119,130,132,132,133
Fitness 21,44824, Gen ;0,9162;0,4489;0,3247;0,756;0,0657;0,7854;0,1024;0,6971;0,9383;0,599;0,4552;0,9877;0,0351;0,173;0,754;0,2955;0,8965;0,7015;0,3957;0,309;0,4602
,107,107,107,107,107,107,107,107,107,107,107,107,107,107,107,107,107,107,107,107,107,107,107,107,107,107,107,107,107,107,107,108,108,108,108,108,108,108,108,108,108,108,108,108,108,108,108,108,108,108,109,109,109,109,109,109,109,109,109,109,109,109,109,110,110,110,110,110,111,112,113,113,114,121,122
Fitness 3,962807, Gen ;0,9162;0,4489;0,3247;0,756;0,0657;0,7854;0,1024;0,6971;0,9383;0,599;0,4552;0,9877;0,0351;0,173;0,754;0,2955;0,8965;0,7015;0,3957;0,309;0,4602
,66,66,66,66,66,66,66,66,66,66,66,66,66,66,66,66,66,66,66,66,67,67,67,67,67,67,67,67,67,67,67,67,67,67,67,67,67,67,67,68,68,68,68,68,68,68,68,68,68,68,68,68,68,69,69,69,69,69,69,69,69,69,69,69,69,70,70,70,70,70,70,70,70,70,71
Fitness 5,021112, Gen ;0,9162;0,4489;0,3247;0,756;0,0657;0,7854;0,1024;0,6971;0,9383;0,599;0,4552;0,9877;0,0351;0,173;0,754;0,2955;0,8965;0,7015;0,3957;0,309;0,4602
,61,61,61,61,61,61,61,61,61,61,61,61,61,61,61,61,61,61,62,62,62,62,62,62,62,62,62,62,62,62,62,62,62,62,62,62,62,62,62,63,63,63,63,63,63,63,63,63,63,63,63,63,63,63,63,63,64,64,64,64,64,64,64,64,64,64,65,65,65,65,65,66,66,67,93
Fitness 8,345582, Gen ;0,9162;0,4489;0,3247;0,756;0,0657;0,7854;0,1024;0,6971;0,9383;0,599;0,4552;0,9877;0,0351;0,173;0,754;0,2955;0,8965;0,7015;0,3957;0,309;0,4602
,47,47,47,47,47,47,47,47,47,47,47,47,47,47,47,47,48,48,48,48,48,48,48,48,48,48,48,48,48,48,48,48,48,48,48,49,49,49,49,49,49,49,49,49,49,49,49,49,49,49,49,49,49,49,49,50,50,50,50,50,50,50,51,51,51,52,53,57,57,57,58,58,63,63,66
Fitness 47,79884, Gen ;0,9162;0,4489;0,3247;0,756;0,0657;0,7854;0,1024;0,6971;0,9383;0,599;0,4552;0,9877;0,0351;0,173;0,754;0,2955;0,8965;0,7015;0,3957;0,309;0,4602
,64,64,64,64,65,65,65,65,65,65,65,65,65,65,65,65,65,65,65,65,65,65,65,65,65,65,65,65,65,66,66,66,66,66,66,66,66,66,66,66,66,66,66,66,66,66,66,67,67,67,67,67,67,67,68,68,68,68,69,69,69,69,69,69,69,69,69,69,70,70,70,70,71,72,72
Fitness 31,67927, Gen ;0,9162;0,4489;0,3247;0,756;0,0657;0,7854;0,1024;0,6971;0,9383;0,599;0,4552;0,9877;0,0351;0,173;0,754;0,2955;0,8965;0,7015;0,3957;0,309;0,4602
,61,61,61,61,61,61,61,61,61,61,61,61,61,61,61,61,61,61,61,61,61,61,61,62,62,62,62,62,62,62,62,62,62,62,62,62,62,62,62,62,62,62,62,62,63,63,63,63,63,63,63,63,63,63,64,64,64,64,64,64,64,64,64,64,64,65,65,65,65,66,67,67,69,69,71
Fitness 60,33655, Gen ;0,9162;0,4489;0,3247;0,756;0,0657;0,7854;0,1024;0,6971;0,9383;0,599;0,4552;0,9877;0,0351;0,173;0,754;0,2955;0,8965;0,7015;0,3957;0,309;0,4602
,123,123,123,123,123,123,123,123,123,123,123,123,123,123,123,123,123,123,123,123,123,123,123,123,124,124,124,124,124,124,124,124,124,124,124,124,124,124,124,124,124,124,124,124,124,124,124,124,125,125,125,125,125,125,125,125,125,125,125,125,126,126,126,126,126,127,127,127,144,144,145,158,158
Fitness 46,82567, Gen ;0,9162;0,4489;0,3247;0,756;0,0657;0,7854;0,1024;0,6971;0,9383;0,599;0,4552;0,9877;0,0351;0,173;0,754;0,2955;0,8965;0,7015;0,3957;0,309;0,4602
,107,108,108,108,108,108,108,108,108,108,108,108,108,108,108,108,108,108,108,108,108,108,108,108,108,108,109,109,109,109,109,109,109,109,109,109,109,109,109,109,109,109,109,109,109,110,110,110,110,110,110,110,110,110,110,110,110,110,110,110,110,110,111,111,111,111,111,111,111,111,111,111,112,112,113
Fitness 49,92884, Gen ;0,9162;0,4489;0,3247;0,756;0,0657;0,7854;0,1024;0,6971;0,9383;0,599;0,4552;0,9877;0,0351;0,173;0,754;0,2955;0,8965;0,7015;0,3957;0,309;0,4602
,78,79,79,79,79,79,79,80,80,80,80,80,80,80,80,80,80,80,80,80,80,81,81,81,81,81,81,81,81,81,81,81,81,81,81,81,81,81,81,81,81,81,81,82,82,82,82,82,82,82,82,82,82,82,82,83,83,83,83,83,83,84,84,84,85,85,85,85,85,87,88,89,89,89,90
Fitness 0,0002176215, Gen ;0,9162;0,4489;0,3247;0,756;0,0657;0,7854;0,1024;0,6971;0,9383;0,599;0,4552;0,9877;0,0351;0,173;0,754;0,2955;0,8965;0,7015;0,3957;0,309;0,4602
,59,59,59,59,59,59,59,59,59,59,60,60,60,60,60,60,60,60,60,60,60,60,60,60,60,60,60,60,60,60,60,61,61,61,61,61,61,61,61,61,61,62,62,62,62,62,62,63,63,63,63,64,64,64,65,65,65,65,65,65,65,66,66,67,67,68,68,68,70,70,71,71,74,78,103
Fitness 11,36665, Gen ;0,9162;0,4489;0,3247;0,756;0,0657;0,7854;0,1024;0,6971;0,9383;0,599;0,4552;0,9877;0,0351;0,173;0,754;0,2955;0,8965;0,7015;0,3957;0,309;0,4602
,79,79,79,79,79,79,79,79,79,80,80,80,80,80,80,80,80,80,80,80,80,80,80,80,80,80,80,80,81,81,81,81,81,81,81,81,81,81,82,82,82,82,82,82,82,82,82,82,83,83,83,83,83,83,83,83,84,84,84,84,85,86,86,86,87,87,87,87,89,89,89,90,90,114,115
Fitness 27,92937, Gen ;0,9162;0,4489;0,3247;0,756;0,0657;0,7854;0,1024;0,6971;0,9383;0,599;0,4552;0,9877;0,0351;0,173;0,754;0,2955;0,8965;0,7015;0,3957;0,309;0,4602
,64,64,64,64,65,65,65,65,65,65,65,65,65,65,65,65,65,65,65,65,65,65,65,66,66,66,66,66,66,66,66,66,66,66,66,66,66,66,66,66,66,66,66,67,67,67,67,67,67,67,67,67,67,67,68,68,68,68,68,68,68,68,68,68,69,70,72,73,74,74,75,75,79,80,81
Fitness 24,52051, Gen ;0,9162;0,4489;0,3247;0,756;0,0657;0,7854;0,1024;0,6971;0,9383;0,599;0,4552;0,9877;0,0351;0,173;0,754;0,2955;0,8965;0,7015;0,3957;0,309;0,4602
,100,100,100,100,100,100,100,100,100,100,100,100,100,100,100,100,100,100,100,100,100,101,101,101,101,101,101,101,101,101,101,101,101,101,101,101,101,101,101,101,102,102,102,102,102,102,102,102,102,102,102,102,102,102,102,102,102,102,102,102,103,103,103,103,103,103,103,103,103,103,103,103,104,104,104
Fitness 14,61933, Gen ;0,9162;0,4489;0,3247;0,756;0,0657;0,7854;0,1024;0,6971;0,9383;0,599;0,4552;0,9877;0,0351;0,173;0,754;0,2955;0,8965;0,7015;0,3957;0,309;0,4602
,100,101,101,101,101,101,101,101,101,101,101,101,101,101,101,101,101,101,101,101,101,101,101,101,102,102,102,102,102,102,102,102,102,102,102,102,102,102,102,102,102,103,103,103,103,103,103,103,103,103,103,104,104,104,104,104,104,104,104,105,105,105,105,106,107,107,107,107,107,108,108,109,109,109,110
Fitness 39,4227, Gen ;0,9162;0,4489;0,3247;0,756;0,0657;0,7854;0,1024;0,6971;0,9383;0,599;0,4552;0,9877;0,0351;0,173;0,754;0,2955;0,8965;0,7015;0,3957;0,309;0,4602
,125,125,126,126,126,126,126,127,127,127,127,127,127,127,127,127,127,127,127,128,128,128,128,128,128,128,128,128,128,128,128,128,128,128,128,129,129,129,129,129,129,129,129,129,129,129,129,129,129,129,129,129,129,129,130,130,130,130,130,130,130,130,130,130,131,131,131,131,131,131,132,132,132,133,134
Fitness 16,10442, Gen ;0,9162;0,4489;0,3247;0,756;0,0657;0,7854;0,1024;0,6971;0,9383;0,599;0,4552;0,9877;0,0351;0,173;0,754;0,2955;0,8965;0,7015;0,3957;0,309;0,4602
,49,49,49,49,49,49,49,49,49,49,49,49,49,49,49,49,49,49,49,49,49,49,49,49,49,50,50,50,50,50,50,50,50,50,50,50,50,50,50,50,50,50,50,50,50,51,51,51,51,51,51,51,51,51,51,51,51,51,52,52,52,52,52,52,52,53,53,53,54,56,56,56,57,58,59
Fitness 13,53588, Gen ;0,9162;0,4489;0,3247;0,756;0,0657;0,7854;0,1024;0,6971;0,9383;0,599;0,4552;0,9877;0,0351;0,173;0,754;0,2955;0,8965;0,7015;0,3957;0,309;0,4602
,69,69,69,69,69,69,69,70,71,71,72,73,74,75,76,77,77,77,77,77,77,77,77,77,78,78,78,78,78,78,78,78,78,78,78,78,78,78,79,79,79,79,79,79,79,79,79,79,79,79,79,80,80,80,80,80,80,80,80,80,80,80,80,81,81,81,81,82,82,83,86,86,89,134,137
Fitness 3,857193, Gen ;0,9162;0,4489;0,3247;0,756;0,0657;0,7854;0,1024;0,6971;0,9383;0,599;0,4552;0,9877;0,0351;0,173;0,754;0,2955;0,8965;0,7015;0,3957;0,309;0,4602
,59,59,59,59,59,59,60,60,60,60,60,60,60,60,60,60,60,60,60,60,60,60,60,60,60,60,60,60,60,60,60,60,60,60,60,60,61,61,61,61,61,61,61,61,61,61,61,61,61,61,61,61,61,62,62,62,62,62,62,62,62,63,63,63,63,63,64,64,64,64,65,65,66,67,67
Fitness 67,9034, Gen ;0,9162;0,4489;0,3247;0,756;0,0657;0,7854;0,1024;0,6971;0,9383;0,599;0,4552;0,9877;0,0351;0,173;0,754;0,2955;0,8965;0,7015;0,3957;0,309;0,4602
,68,68,68,68,68,68,68,68,68,68,68,68,68,68,68,68,69,69,69,69,69,69,69,69,69,69,69,69,69,69,69,69,69,69,69,69,69,69,69,69,69,69,69,70,70,70,70,70,70,70,70,70,70,70,70,70,70,70,70,70,71,71,71,71,71,71,72,72,72,72,73,73,73,74,84
Fitness 6,496261, Gen ;0,9162;0,4489;0,3247;0,756;0,0657;0,7854;0,1024;0,6971;0,9383;0,599;0,4552;0,9877;0,0351;0,173;0,754;0,2955;0,8965;0,7015;0,3957;0,309;0,4602
,78,78,79,79,79,79,79,79,79,79,79,79,79,79,79,79,79,79,79,80,80,80,80,80,80,80,80,80,80,80,80,80,80,81,81,81,81,81,81,81,82,82,82,82,82,82,83,83,84,84,84,84,85,85,86,87,87,94,94,94,94,94,94,94,94,95,95,95,95,95,95,96,96,96,97
Fitness 53,55931, Gen ;0,9162;0,4489;0,3247;0,756;0,0657;0,7854;0,1024;0,6971;0,9383;0,599;0,4552;0,9877;0,0351;0,173;0,754;0,2955;0,8965;0,7015;0,3957;0,309;0,4602
,80,80,80,80,80,81,81,81,81,81,81,81,81,81,81,81,81,81,81,81,81,81,81,81,81,81,81,81,82,82,82,82,82,82,82,82,82,82,82,82,82,82,82,83,83,83,83,83,83,83,83,83,83,83,83,83,83,83,83,83,83,84,84,84,84,84,84,84,84,84,85,85,86,87,105
Fitness 35,97051, Gen ;0,9162;0,4489;0,3247;0,756;0,0657;0,7854;0,1024;0,6971;0,9383;0,599;0,4552;0,9877;0,0351;0,173;0,754;0,2955;0,8965;0,7015;0,3957;0,309;0,4602
,50,50,50,50,50,50,50,50,50,51,51,51,51,51,51,51,51,51,51,51,51,51,51,51,51,51,51,52,52,52,52,52,52,52,52,52,52,52,52,52,52,52,52,52,52,52,52,53,53,53,53,53,53,53,53,53,53,53,53,53,53,54,54,54,54,54,54,54,55,55,56,56,56,60,60
Fitness 23,66134, Gen ;0,9162;0,4489;0,3247;0,756;0,0657;0,7854;0,1024;0,6971;0,9383;0,599;0,4552;0,9877;0,0351;0,173;0,754;0,2955;0,8965;0,7015;0,3957;0,309;0,4602
,117,118,118,118,118,118,118,118,118,118,118,118,118,118,118,119,119,119,119,119,119,119,119,119,119,119,119,119,119,119,119,120,120,120,120,120,120,120,120,120,120,120,120,120,120,120,120,121,121,121,121,121,121,121,121,121,122,122,122,122,123,123,123,124,124,124,125,125,125,125,127,127,128,128,128
Fitness 19,68012, Gen ;0,9162;0,4489;0,3247;0,756;0,0657;0,7854;0,1024;0,6971;0,9383;0,599;0,4552;0,9877;0,0351;0,173;0,754;0,2955;0,8965;0,7015;0,3957;0,309;0,4602
,72,72,72,73,73,73,73,73,73,73,73,73,73,73,74,74,74,74,74,74,74,74,74,74,74,74,74,74,75,75,75,75,75,75,75,75,75,75,76,76,76,76,76,76,76,77,77,77,77,77,78,79,79,79,79,79,79,80,80,80,80,80,80,80,80,80,81,81,81,81,82,82,82,83,173
Fitness 65,50757, Gen ;0,9162;0,4489;0,3247;0,756;0,0657;0,7854;0,1024;0,6971;0,9383;0,599;0,4552;0,9877;0,0351;0,173;0,754;0,2955;0,8965;0,7015;0,3957;0,309;0,4602
,108,108,108,108,108,108,108,108,108,108,108,108,108,108,108,108,108,108,108,109,109,109,109,109,109,109,109,109,109,109,109,109,109,109,109,109,109,109,109,109,109,109,109,109,109,110,110,110,110,110,110,110,110,110,110,110,110,110,110,111,111,111,111,112,112,112,112,112,112,112,112,113,113,113,114
Fitness 5,581431, Gen ;0,9162;0,4489;0,3247;0,756;0,0657;0,7854;0,1024;0,6971;0,9383;0,599;0,4552;0,9877;0,0351;0,173;0,754;0,2955;0,8965;0,7015;0,3957;0,309;0,4602
,65,65,65,65,65,65,65,65,65,65,65,65,65,65,65,65,65,65,65,65,65,65,65,65,65,65,65,65,65,65,65,65,65,65,65,65,65,66,66,66,66,66,66,66,66,66,66,66,66,66,66,66,66,66,66,66,67,67,67,67,67,67,67,68,68,68,68,69,69,69,69,69,70,70,86
Fitness 0,1600014, Gen ;0,9162;0,4489;0,3247;0,756;0,0657;0,7854;0,1024;0,6971;0,9383;0,599;0,4552;0,9877;0,0351;0,173;0,754;0,2955;0,8965;0,7015;0,3957;0,309;0,4602
,112,112,112,112,112,112,112,112,112,112,112,112,112,112,112,112,112,112,112,112,112,112,113,113,113,113,113,113,113,113,113,113,113,113,113,113,113,113,113,113,113,113,113,113,113,114,114,114,114,114,114,114,114,114,114,114,114,114,114,114,115,115,115,115,115,115,115,116,116,116,116,116,117,117
Fitness 10,85201, Gen ;0,9162;0,4489;0,3247;0,756;0,0657;0,7854;0,1024;0,6971;0,9383;0,599;0,4552;0,9877;0,0351;0,173;0,754;0,2955;0,8965;0,7015;0,3957;0,309;0,4602
,75,75,75,75,75,75,75,75,76,76,76,76,76,76,76,76,76,76,76,76,76,76,76,76,76,76,76,76,76,77,77,77,77,77,77,77,77,77,77,77,77,77,77,77,78,78,78,78,78,78,78,79,79,79,79,79,79,79,79,79,80,80,80,80,80,80,81,82,82,82,82,85,87,114,118
Fitness 35,73976, Gen ;0,9162;0,4489;0,3247;0,756;0,0657;0,7854;0,1024;0,6971;0,9383;0,599;0,4552;0,9877;0,0351;0,173;0,754;0,2955;0,8965;0,7015;0,3957;0,309;0,4602
,68,68,69,69,69,69,69,69,69,69,69,69,69,69,69,69,69,69,69,70,70,70,70,70,70,70,70,70,70,70,70,70,70,70,70,70,71,71,71,71,71,71,71,71,71,71,71,71,71,71,71,71,72,72,72,72,72,72,72,72,72,72,73,73,73,73,73,74,74,74,74,75,76,90,95
Fitness 0,0001146389, Gen ;0,9162;0,4489;0,3247;0,756;0,0657;0,7854;0,1024;0,6971;0,9383;0,599;0,4552;0,9877;0,0351;0,173;0,754;0,2955;0,8965;0,7015;0,3957;0,309;0,4602
,71,71,71,71,71,71,71,71,71,71,71,71,72,72,72,72,72,72,72,72,72,72,72,72,72,72,72,72,72,72,72,72,73,73,73,73,73,73,73,73,73,73,73,73,74,74,74,74,74,74,74,74,74,74,75,75,75,75,75,75,75,75,75,75,76,76,76,76,76,77,80,80,83,84,95
Fitness 13,60873, Gen ;0,9162;0,4489;0,3247;0,756;0,0657;0,7854;0,1024;0,6971;0,9383;0,599;0,4552;0,9877;0,0351;0,173;0,754;0,2955;0,8965;0,7015;0,3957;0,309;0,4602
,93,93,94,94,94,94,94,95,95,95,95,96,96,98,101,101,101,101,101,101,101,101,101,101,101,101,101,101,101,101,101,102,102,102,102,102,102,102,102,102,102,102,102,102,102,102,102,102,102,102,102,102,102,102,102,102,102,102,102,103,103,103,103,103,103,103,103,103,103,103,104,106,107,121,127
Fitness 27,60612, Gen ;0,9162;0,4489;0,3247;0,756;0,0657;0,7854;0,1024;0,6971;0,9383;0,599;0,4552;0,9877;0,0351;0,173;0,754;0,2955;0,8965;0,7015;0,3957;0,309;0,4602
,54,54,54,54,54,54,54,54,54,54,54,54,54,54,54,54,54,54,54,54,55,55,55,55,55,55,55,55,55,55,55,55,55,55,55,55,55,55,55,55,55,55,55,55,55,55,55,55,55,56,56,56,56,56,56,56,56,56,56,56,56,56,56,56,57,57,57,58,58,58,58,58,59,60,60
Fitness 27,39369, Gen ;0,9162;0,4489;0,3247;0,756;0,0657;0,7854;0,1024;0,6971;0,9383;0,599;0,4552;0,9877;0,0351;0,173;0,754;0,2955;0,8965;0,7015;0,3957;0,309;0,4602
,75,75,75,75,75,75,75,75,75,75,76,76,76,76,76,76,76,76,76,76,76,76,76,76,76,76,76,76,76,76,76,76,76,76,77,77,77,77,77,77,77,77,77,77,77,77,77,77,77,77,77,78,78,78,78,78,79,79,79,79,80,80,80,80,80,81,82,82,83,83,84,86,86,86,86
Fitness 7,903177, Gen ;0,9162;0,4489;0,3247;0,756;0,0657;0,7854;0,1024;0,6971;0,9383;0,599;0,4552;0,9877;0,0351;0,173;0,754;0,2955;0,8965;0,7015;0,3957;0,309;0,4602
,106,106,106,106,106,106,106,106,106,106,106,106,106,106,106,106,106,106,106,106,106,106,106,106,106,106,106,107,107,107,107,107,107,107,107,107,107,107,107,107,107,107,107,107,107,107,107,107,107,107,107,107,107,107,107,107,108,108,108,108,108,108,108,108,108,108,108,108,108,108,108,109,109,111,112
Fitness 64,05042, Gen ;0,9162;0,4489;0,3247;0,756;0,0657;0,7854;0,1024;0,6971;0,9383;0,599;0,4552;0,9877;0,0351;0,173;0,754;0,2955;0,8965;0,7015;0,3957;0,309;0,4602
,64,64,64,64,64,65,65,65,65,65,65,65,65,65,65,65,66,66,66,66,66,66,66,66,66,66,66,66,66,66,66,66,66,66,67,67,67,67,67,67,67,67,67,68,68,68,68,68,69,70,70,70,70,70,71,71,71,71,71,71,71,72,72,72,72,72,72,72,73,73,73,73,74,74,74
Fitness 32,02797, Gen ;0,9162;0,4489;0,3247;0,756;0,0657;0,7854;0,1024;0,6971;0,9383;0,599;0,4552;0,9877;0,0351;0,173;0,754;0,2955;0,8965;0,7015;0,3957;0,309;0,4602
,100,100,100,100,100,100,100,100,100,101,101,101,101,101,101,101,101,101,101,101,101,101,101,101,101,101,101,101,101,101,101,101,101,101,101,101,101,101,102,102,102,102,102,102,102,102,102,102,102,102,102,102,102,102,102,102,102,102,103,103,103,103,103,103,103,103,103,103,103,104,105,105,105,106,110
Fitness 12,01856, Gen ;0,9162;0,4489;0,3247;0,756;0,0657;0,7854;0,1024;0,6971;0,9383;0,599;0,4552;0,9877;0,0351;0,173;0,754;0,2955;0,8965;0,7015;0,3957;0,309;0,4602
,107,107,107,108,109,109,109,109,110,118,118,118,118,118,118,118,119,119,119,119,119,119,119,119,119,119,119,119,119,119,119,119,119,119,119,119,119,119,120,120,120,120,120,120,120,120,120,120,120,120,120,120,120,120,120,120,120,121,121,121,121,121,121,121,121,121,121,121,121,121,122,122,122,123,123
