	100Stroembom ovc
	2 AI1 ovcarjev
Fitness 16,19886, Gen ;0,8664;0,1959;0,2218;0,989;0,3311;0,2876;0,203;0,1042;0,8545;0,1663;0,7132;0,3513;0,9421;0,1204;0,7431;0,6486;0,8457;0,7616;0,5754;0,3408;0,5617

Fitness 18,02133, Gen ;0,8664;0,1959;0,2218;0,989;0,3311;0,2876;0,203;0,1042;0,8545;0,1663;0,7132;0,3513;0,9421;0,1204;0,7431;0,6486;0,8457;0,7616;0,5754;0,3408;0,5617
,125,125,125,126,126,126,126,126,126,126,126,126,126,126,126,127,127,127,127,127,127,127,127,127,127,127,127,127,127,127,128,128,128,128,128,128,128,128,128,128,128,128,128,128,128,128,128,128,128,128,128,128,128,128,128,129,129,129,129,129,129,129,129,129,129,129,129,129,129,129,129,129,129,129,129,129,129,129,129,130,130,130,130,130,130,130,130,130,130,131,131,131,131,131,131,131,131,131,132,183
Fitness 19,90919, Gen ;0,8664;0,1959;0,2218;0,989;0,3311;0,2876;0,203;0,1042;0,8545;0,1663;0,7132;0,3513;0,9421;0,1204;0,7431;0,6486;0,8457;0,7616;0,5754;0,3408;0,5617
,115,115,115,115,115,115,115,115,115,115,115,115,115,115,115,115,116,116,116,116,116,116,116,116,116,116,116,116,116,116,116,116,116,117,117,117,117,117,117,117,117,117,117,117,117,117,117,118,118,118,118,118,118,118,118,118,118,118,118,118,119,119,119,119,119,119,119,119,119,119,120,120,120,120,120,120,120,120,120,120,120,120,120,121,121,121,121,121,121,121,121,121,121,122,122,122,122,122,123,123
Fitness 0,0004285908, Gen ;0,8664;0,1959;0,2218;0,989;0,3311;0,2876;0,203;0,1042;0,8545;0,1663;0,7132;0,3513;0,9421;0,1204;0,7431;0,6486;0,8457;0,7616;0,5754;0,3408;0,5617
,120,120,121,121,121,121,121,121,121,121,121,121,121,121,121,121,122,122,122,122,122,122,122,122,122,122,122,122,122,122,122,122,122,123,123,123,123,123,123,123,123,123,123,123,123,123,123,123,123,124,124,124,124,124,124,124,124,124,124,124,124,124,124,124,125,125,125,125,125,125,125,125,125,125,126,126,126,126,126,126,126,126,126,127,127,127,127,127,127,127,127,128,128,128,128,128,128,129,129,129
Fitness 3,641545, Gen ;0,8664;0,1959;0,2218;0,989;0,3311;0,2876;0,203;0,1042;0,8545;0,1663;0,7132;0,3513;0,9421;0,1204;0,7431;0,6486;0,8457;0,7616;0,5754;0,3408;0,5617
,127
Fitness 17,00805, Gen ;0,8664;0,1959;0,2218;0,989;0,3311;0,2876;0,203;0,1042;0,8545;0,1663;0,7132;0,3513;0,9421;0,1204;0,7431;0,6486;0,8457;0,7616;0,5754;0,3408;0,5617
,111,111,111,111,111,112,112,112,112,112,112,112,112,112,112,112,112,112,112,113,113,113,113,113,113,113,113,113,113,113,113,113,113,113,113,113,113,113,113,114,114,114,114,114,114,114,114,114,114,114,114,114,114,114,114,114,114,114,115,115,115,115,115,115,115,115,115,115,115,115,115,115,115,115,115,115,116,116,116,116,116,116,116,116,117,117,117,117,117,117,117,117,117,118,118,118,118,119,119,119
Fitness 14,58208, Gen ;0,8664;0,1959;0,2218;0,989;0,3311;0,2876;0,203;0,1042;0,8545;0,1663;0,7132;0,3513;0,9421;0,1204;0,7431;0,6486;0,8457;0,7616;0,5754;0,3408;0,5617
,120,121,121,121,121,121,121,121,121,121,121,121,121,121,121,121,122,122,122,122,122,122,122,122,122,122,122,122,122,122,122,122,122,122,122,123,123,123,123,123,123,123,123,123,123,123,123,123,124,124,124,124,124,124,124,124,124,125,125,125,125,125,125,125,125,125,126,126,126,126,126,126,126,126,126,127,127,127,127,127,127,128,128,128,128,128,128,129,129,129,129,129,129,130,130,130,130,130,131,131
Fitness 0,0001475004, Gen ;0,8664;0,1959;0,2218;0,989;0,3311;0,2876;0,203;0,1042;0,8545;0,1663;0,7132;0,3513;0,9421;0,1204;0,7431;0,6486;0,8457;0,7616;0,5754;0,3408;0,5617
,208,208,208,209,209,209,209,209,209,209,209,209,209,209,209,209,209,209,210,210,210,210,210,210,210,210,210,210,210,210,210,210,210,210,210,210,210,211,211,211,211,211,211,211,211,211,211,211,211,211,212,212,212,212,212,212,212,212,212,212,213,213,213,213,213,213,213,213,213,214,214,214,214,214,214,215,215,215,215,215,215,215,215,215,216,216,216,216,216,216,216,216,217,217,217,217,217,218,218,218
Fitness 18,76855, Gen ;0,8664;0,1959;0,2218;0,989;0,3311;0,2876;0,203;0,1042;0,8545;0,1663;0,7132;0,3513;0,9421;0,1204;0,7431;0,6486;0,8457;0,7616;0,5754;0,3408;0,5617
,114,114,114,114,115,115,115,115,115,115,115,115,115,115,115,115,115,115,115,115,115,115,115,116,116,116,116,116,116,116,116,116,116,116,116,116,116,116,116,117,117,117,117,117,117,117,117,117,117,117,117,118,118,118,118,118,118,118,118,118,118,118,119,119,119,119,119,119,119,119,120,120,120,120,120,120,120,120,120,120,120,120,121,121,121,121,121,121,122,122,122,122,122,122,123,123,123,124,124,124
Fitness 13,85933, Gen ;0,8664;0,1959;0,2218;0,989;0,3311;0,2876;0,203;0,1042;0,8545;0,1663;0,7132;0,3513;0,9421;0,1204;0,7431;0,6486;0,8457;0,7616;0,5754;0,3408;0,5617
,106,106,106,106,106,106,106,106,107,107,107,107,107,107,107,107,107,107,107,107,107,107,107,107,107,107,108,108,108,108,108,108,108,108,108,108,108,108,108,108,108,108,108,109,109,109,109,109,109,109,109,109,109,109,109,109,109,109,110,110,110,110,110,110,110,110,110,110,111,111,111,111,111,111,111,111,111,112,112,112,112,112,112,112,112,112,112,112,113,113,113,113,113,113,113,113,113,114,114,114
Fitness 0,1381508, Gen ;0,8664;0,1959;0,2218;0,989;0,3311;0,2876;0,203;0,1042;0,8545;0,1663;0,7132;0,3513;0,9421;0,1204;0,7431;0,6486;0,8457;0,7616;0,5754;0,3408;0,5617
,104,104,104,104,104,104,104,104,104,104,104,105,105,105,105,105,105,105,105,105,105,105,105,105,105,105,105,105,105,105,105,106,106,106,106,106,106,106,106,106,106,106,106,106,106,106,107,107,107,107,107,107,107,107,107,107,108,108,108,108,108,108,108,108,108,108,108,108,109,109,109,109,109,109,109,109,109,109,110,110,110,110,110,110,110,110,111,111,111,111,111,111,111,111,111,112,112,112,112,112
Fitness 16,73379, Gen ;0,8664;0,1959;0,2218;0,989;0,3311;0,2876;0,203;0,1042;0,8545;0,1663;0,7132;0,3513;0,9421;0,1204;0,7431;0,6486;0,8457;0,7616;0,5754;0,3408;0,5617
,99,99,100,100,100,100,100,100,100,100,100,100,100,100,100,101,101,101,101,101,101,101,101,101,101,101,101,101,101,101,101,101,102,102,102,102,102,102,102,102,102,102,102,102,102,102,102,103,103,103,103,103,103,103,103,103,104,104,104,104,104,104,104,104,104,105,105,105,105,105,105,105,105,106,106,106,106,106,106,106,106,106,107,107,107,107,107,107,108,108,108,108,108,108,108,109,109,109,109,109
Fitness 20,96101, Gen ;0,8664;0,1959;0,2218;0,989;0,3311;0,2876;0,203;0,1042;0,8545;0,1663;0,7132;0,3513;0,9421;0,1204;0,7431;0,6486;0,8457;0,7616;0,5754;0,3408;0,5617
,123,123,123,123,124,124,124,124,124,124,124,124,124,124,124,124,124,124,124,124,125,125,125,125,125,125,125,125,125,125,125,125,125,125,125,125,125,125,125,126,126,126,126,126,126,126,126,126,126,126,126,126,127,127,127,127,127,127,127,127,127,127,128,128,128,128,128,128,128,128,129,129,129,129,129,129,129,129,130,130,130,130,130,130,130,130,130,131,131,131,131,131,131,131,131,132,132,132,132,133
Fitness 22,0274, Gen ;0,8664;0,1959;0,2218;0,989;0,3311;0,2876;0,203;0,1042;0,8545;0,1663;0,7132;0,3513;0,9421;0,1204;0,7431;0,6486;0,8457;0,7616;0,5754;0,3408;0,5617
,157,157,157,158,158,158,158,158,158,159,160,160
Fitness 23,62107, Gen ;0,8664;0,1959;0,2218;0,989;0,3311;0,2876;0,203;0,1042;0,8545;0,1663;0,7132;0,3513;0,9421;0,1204;0,7431;0,6486;0,8457;0,7616;0,5754;0,3408;0,5617
,134,134,134,134,134,134,134,134,134,134,134,135,135,135,135,135,135,135,135,135,135,135,135,135,135,135,135,136,136,136,136,136,136,136,136,136,136,136,136,136,136,136,137,137,137,137,137,137,137,137,137,137,137,137,137,138,138,138,138,138,138,138,138,138,138,138,138,138,138,138,139,139,139,139,139,140,140,140,140,140,140,140,140,141,141,141,141,141,141,141,142,142,212,213,214,215,216,217,217,219
Fitness 13,21404, Gen ;0,8664;0,1959;0,2218;0,989;0,3311;0,2876;0,203;0,1042;0,8545;0,1663;0,7132;0,3513;0,9421;0,1204;0,7431;0,6486;0,8457;0,7616;0,5754;0,3408;0,5617
,172,172,172,172,172,172,173,173,173,173,173,173,173,173,173,173,173,174,174,174,174,174,174,174,174,174,174,174,174,174,174,174,175,175,175,175,175,175,175,176,177,177,177,179,179,190,191,191,191,191,191,191,191,192,192,192,192,192,192,192,192,192,193,193,193,193,193,193,193,193,194,194,194,194,194,194,194,194,195,195,195,195,195,195,196,196,197,201
Fitness 0,0001485421, Gen ;0,8664;0,1959;0,2218;0,989;0,3311;0,2876;0,203;0,1042;0,8545;0,1663;0,7132;0,3513;0,9421;0,1204;0,7431;0,6486;0,8457;0,7616;0,5754;0,3408;0,5617
,116,116,117,117,117,117,117,117,117,117,117,117,117,117,117,117,117,118,118,118,118,118,118,118,118,118,118,118,118,118,118,118,118,118,118,119,119,119,119,119,119,119,119,119,119,119,119,119,119,120,120,120,120,120,120,120,120,120,120,120,120,120,121,121,121,121,121,121,121,121,121,121,122,122,122,122,122,122,122,122,122,123,123,123,123,123,123,123,123,123,124,124,124,124,124,124,125,125,125,125
Fitness 0,441725, Gen ;0,8664;0,1959;0,2218;0,989;0,3311;0,2876;0,203;0,1042;0,8545;0,1663;0,7132;0,3513;0,9421;0,1204;0,7431;0,6486;0,8457;0,7616;0,5754;0,3408;0,5617

Fitness 0,0004301027, Gen ;0,8664;0,1959;0,2218;0,989;0,3311;0,2876;0,203;0,1042;0,8545;0,1663;0,7132;0,3513;0,9421;0,1204;0,7431;0,6486;0,8457;0,7616;0,5754;0,3408;0,5617
,116,116,116,116,116,116,117,117,117,117,117,117,117,117,117,117,117,117,117,117,117,117,117,117,117,117,118,118,118,118,118,118,118,118,118,118,118,118,118,118,118,119,119,119,119,119,119,119,119,119,119,119,119,119,119,119,119,120,120,120,120,120,120,120,120,120,120,120,120,120,120,120,120,120,120,120,121,121,121,121,121,121,121,121,122,122,122,122,122,122,122,122,122,123,123,123,123,123,124,124
Fitness 15,9944, Gen ;0,8664;0,1959;0,2218;0,989;0,3311;0,2876;0,203;0,1042;0,8545;0,1663;0,7132;0,3513;0,9421;0,1204;0,7431;0,6486;0,8457;0,7616;0,5754;0,3408;0,5617
,92,92,93,93,93,93,93,93,93,93,93,93,93,93,93,93,93,93,93,93,93,94,94,94,94,94,94,94,94,94,94,94,94,94,94,94,94,95,95,95,95,95,95,95,95,95,95,95,95,96,96,96,96,96,96,96,96,96,96,96,96,96,97,97,97,97,97,97,97,97,98,98,98,98,98,98,99,99,99,99,99,99,99,99,99,100,100,100,100,100,100,100,101,101,101,102,102,102,102,103
Fitness 0,0003132397, Gen ;0,8664;0,1959;0,2218;0,989;0,3311;0,2876;0,203;0,1042;0,8545;0,1663;0,7132;0,3513;0,9421;0,1204;0,7431;0,6486;0,8457;0,7616;0,5754;0,3408;0,5617
,228,228,228,228,228,228,229,229,229,229,230,230,230,230,231,231,231,233,234,236,237,237,238
Fitness 16,59976, Gen ;0,8664;0,1959;0,2218;0,989;0,3311;0,2876;0,203;0,1042;0,8545;0,1663;0,7132;0,3513;0,9421;0,1204;0,7431;0,6486;0,8457;0,7616;0,5754;0,3408;0,5617
,120,120,120,120,120,120,120,121,121,121,121,121,121,121,121,121,121,122,122,122,122,122,122,122,123,123,123,123,124,124,124,124,124,124,125,125,125,125,125,126,127,129,131,163,163,164,164,164,164,164,165,165,165,165,165,166,166,181,182,182,183,183,183,183,183,183,184,184,184,184,184,184,185,185,185,185,185,185,185,186,186,186,186,186,186,187,187,187,188,188,188
Fitness 27,49917, Gen ;0,8664;0,1959;0,2218;0,989;0,3311;0,2876;0,203;0,1042;0,8545;0,1663;0,7132;0,3513;0,9421;0,1204;0,7431;0,6486;0,8457;0,7616;0,5754;0,3408;0,5617
,132,133,133,147
Fitness 0,000543873, Gen ;0,8664;0,1959;0,2218;0,989;0,3311;0,2876;0,203;0,1042;0,8545;0,1663;0,7132;0,3513;0,9421;0,1204;0,7431;0,6486;0,8457;0,7616;0,5754;0,3408;0,5617

Fitness 0,0001474649, Gen ;0,8664;0,1959;0,2218;0,989;0,3311;0,2876;0,203;0,1042;0,8545;0,1663;0,7132;0,3513;0,9421;0,1204;0,7431;0,6486;0,8457;0,7616;0,5754;0,3408;0,5617
,146,146
Fitness 0,0004629591, Gen ;0,8664;0,1959;0,2218;0,989;0,3311;0,2876;0,203;0,1042;0,8545;0,1663;0,7132;0,3513;0,9421;0,1204;0,7431;0,6486;0,8457;0,7616;0,5754;0,3408;0,5617
,112,112,112,112,112,112,112,113,113,113,113,113,113,113,113,113,113,113,113,113,113,113,113,113,114,114,114,114,114,114,114,114,114,114,114,114,114,114,114,114,114,114,114,114,114,115,115,115,115,115,115,115,115,115,115,115,115,115,115,115,116,116,116,116,116,116,116,116,116,116,116,117,117,117,117,117,118,118,118,118,118,119,119,120
Fitness 0,0001971349, Gen ;0,8664;0,1959;0,2218;0,989;0,3311;0,2876;0,203;0,1042;0,8545;0,1663;0,7132;0,3513;0,9421;0,1204;0,7431;0,6486;0,8457;0,7616;0,5754;0,3408;0,5617
,162,162,163,163,163,163,163,163,163,163,163,163,163,163,163,163,164,164,164,164,164,164,164,164,164,164,164,164,164,164,164,164,164,164,165,165,165,165,165,165,165,165,165,165,165,165,165,165,165,165,165,165,165,165,165,166,166,166,166,166,166,166,166,166,166,166,166,166,166,166,166,167,167,167,167,167,167,167,167,167,167,168,168,168,168,168
Fitness 0,0003062233, Gen ;0,8664;0,1959;0,2218;0,989;0,3311;0,2876;0,203;0,1042;0,8545;0,1663;0,7132;0,3513;0,9421;0,1204;0,7431;0,6486;0,8457;0,7616;0,5754;0,3408;0,5617
,159,160,160,160,160,160,160,160,160,161,161,161,161,161,161,161,161,161,161,161,161,161,161,161,161,161,161,161,162,162,162,162,162,162,162,162,162,162,162,162,162,162,162,163,163,163,163,163,163,163,163,163,163,163,164,164,164,164,164,164,164,164,164,164,164,164,165,165,165,165,165,165,165,165,165,166,166,166,166,166,166,166,166,167,167,167,167,167,167,167,167,167,168,168,168,168,168,168,169,169
Fitness 0,0001869174, Gen ;0,8664;0,1959;0,2218;0,989;0,3311;0,2876;0,203;0,1042;0,8545;0,1663;0,7132;0,3513;0,9421;0,1204;0,7431;0,6486;0,8457;0,7616;0,5754;0,3408;0,5617
,101,101,102,102,102,102,102,102,102,102,102,102,102,102,102,102,102,103,103,103,103,103,103,103,103,103,103,103,103,103,103,103,103,103,104,104,104,104,104,104,104,104,104,104,104,104,104,104,104,104,104,104,105,105,105,105,105,105,105,105,105,105,105,105,105,105,106,106,106,106,106,106,107,107,107,107,107,107,107
Fitness 0,0001007395, Gen ;0,8664;0,1959;0,2218;0,989;0,3311;0,2876;0,203;0,1042;0,8545;0,1663;0,7132;0,3513;0,9421;0,1204;0,7431;0,6486;0,8457;0,7616;0,5754;0,3408;0,5617
,121,121,122,122,122,122,122,122,122,122,122,122,122,122,122,122,122,123,123,123,123,123,123,123,123,123,123,123,123,123,123,124,124,124,124,124,124,124,124,124,124,124,124,124,125,125,125,125,125,125,125,125,125,125,126,126,126,126,126,126,126,126,126,126,126,127,127,127,127,127,127,127,127,127,128,128,128,128,128,128,128,128,128,128,129,129,129,129,129,129,130,130,130,130,131,131,131,132,132,132
Fitness 3,920655, Gen ;0,8664;0,1959;0,2218;0,989;0,3311;0,2876;0,203;0,1042;0,8545;0,1663;0,7132;0,3513;0,9421;0,1204;0,7431;0,6486;0,8457;0,7616;0,5754;0,3408;0,5617
,150,151,151,151,151,151,151,151,151,151,151,151,151,152,152,152,152,152,152,152,152,152,152,152,152,152,152,152,152,152,152,152,152,152,152,152,153,153,153,153,153,153,153,153,153,153,153,153,153,153,153,153,153,153,154,154,154,154,154,154,154,154,154,154,154,154,154,154,154,154,154,155,155,155,155,155,155,155,155,156,158,159,163,174
Fitness 0,0002898337, Gen ;0,8664;0,1959;0,2218;0,989;0,3311;0,2876;0,203;0,1042;0,8545;0,1663;0,7132;0,3513;0,9421;0,1204;0,7431;0,6486;0,8457;0,7616;0,5754;0,3408;0,5617
,174,174,174,174,174,175,175,175,175,175,175,175,176,176,176,176,176,176,176,176,176,176,176,177,177,177,177,178,178,178,178,178,179,180,180,182,189,189,189,189,189,190,190,190,190,190,191,191,191,191,192,192,192,193,193,194,195,206
Fitness 13,40648, Gen ;0,8664;0,1959;0,2218;0,989;0,3311;0,2876;0,203;0,1042;0,8545;0,1663;0,7132;0,3513;0,9421;0,1204;0,7431;0,6486;0,8457;0,7616;0,5754;0,3408;0,5617
,133
Fitness 0,0001654474, Gen ;0,8664;0,1959;0,2218;0,989;0,3311;0,2876;0,203;0,1042;0,8545;0,1663;0,7132;0,3513;0,9421;0,1204;0,7431;0,6486;0,8457;0,7616;0,5754;0,3408;0,5617
,130,130,130,130,130,130,130,131,131,131,131,131,131,131,131,131,131,131,131,131,132,132,132,132,132,132,132,132,132,132,132,132,132,132,132,132,132,133,133,133,133,133,133,133,133,133,133,133,133,133,133,133,133,134,134,134,134,134,134,134,134,134,134,134,134,134,134,135,135,135,135,135,135,135,135,135,135,135,136,136,136,136,136,136,136,136,136,137,137,137,137,137,138,139,139,139,140,140,150,196
Fitness 0,0001760696, Gen ;0,8664;0,1959;0,2218;0,989;0,3311;0,2876;0,203;0,1042;0,8545;0,1663;0,7132;0,3513;0,9421;0,1204;0,7431;0,6486;0,8457;0,7616;0,5754;0,3408;0,5617
,142,143,143,144,144,144,144,145,145,145,145,145,145,146,146,146,146,147,147,147,147,147,147,148,148,148,148,148,148,148,148,148,148,149,149,149,149,149,149,149,150,150,150,150,150,150,150,150,150,151,151,151,151,151,151,151,151,151,151,151,151,152,152,152,152,152,152,153,153,153,153,153,153,153,154,154,154,154,155,155,155,155,155,158,158,159,159,161,162,163,163,164,164,165,165,167,169,170,172,173
Fitness 0,0003406089, Gen ;0,8664;0,1959;0,2218;0,989;0,3311;0,2876;0,203;0,1042;0,8545;0,1663;0,7132;0,3513;0,9421;0,1204;0,7431;0,6486;0,8457;0,7616;0,5754;0,3408;0,5617
,137,137,137,137,137,137,137,137,137,138,138,138,138,138,138,138,138,138,138,138,138,138,138,138,138,138,138,138,139,139,139,139,139,139,139,139,139,139,139,139,139,139,139,139,140,140,140,140,140,140,140,140,140,140,140,140,141,141,141,141,141,141,141,141,141,141,142,142,142,142,142,142,142,142,142,142,142,143,143,143,143,143,143,143,143,144,144,144,144,144,144,144,144,144,144,144,145,145,145,146
Fitness 2,06638, Gen ;0,8664;0,1959;0,2218;0,989;0,3311;0,2876;0,203;0,1042;0,8545;0,1663;0,7132;0,3513;0,9421;0,1204;0,7431;0,6486;0,8457;0,7616;0,5754;0,3408;0,5617

Fitness 3,94882, Gen ;0,8664;0,1959;0,2218;0,989;0,3311;0,2876;0,203;0,1042;0,8545;0,1663;0,7132;0,3513;0,9421;0,1204;0,7431;0,6486;0,8457;0,7616;0,5754;0,3408;0,5617
,153,153,153,153,153,153,153,153,153,153,153,153,153,153,153,153,153,153,153,154,154,154,154,154,154,154,154,154,155,155,155,155,155,155,155,155,155,155,156,156,156,156,156,157,157,157,157,157,157,157,157,157,157,157,157,157,157,157,158,158,158,158,158,158,158,158,158,158,158,158,158,158,158,159,159,159,159,159,159,159,160,160,160,160,160,160,161,161,161,162,162,162,163,164,164,165,165,165,166,166
Fitness 8,977965, Gen ;0,8664;0,1959;0,2218;0,989;0,3311;0,2876;0,203;0,1042;0,8545;0,1663;0,7132;0,3513;0,9421;0,1204;0,7431;0,6486;0,8457;0,7616;0,5754;0,3408;0,5617
,119,119,119,119,119,119,119,119,119,119,119,120,120,120,120,120,120,120,120,120,120,120,120,120,120,120,120,120,121,121,121,121,121,121,121,121,121,121,121,121,122,122,122,122,122,122,122,122,122,122,122,122,122,123,123,123,123,123,123,123,123,124,124,124,124,124,125,125,125,125,125,126,126,126,126,126,126,127,127,127,127,127,128,128,128,128,128,128,129,129,129,129,130,130,130,131,131,131,132,132
Fitness 0,0001715648, Gen ;0,8664;0,1959;0,2218;0,989;0,3311;0,2876;0,203;0,1042;0,8545;0,1663;0,7132;0,3513;0,9421;0,1204;0,7431;0,6486;0,8457;0,7616;0,5754;0,3408;0,5617

Fitness 4,641016, Gen ;0,8664;0,1959;0,2218;0,989;0,3311;0,2876;0,203;0,1042;0,8545;0,1663;0,7132;0,3513;0,9421;0,1204;0,7431;0,6486;0,8457;0,7616;0,5754;0,3408;0,5617
,124,125,125,125,125,125,125,125,125,125,125,125,125,125,125,125,125,125,126,126,126,126,126,126,126,126,126,126,126,126,126,126,126,126,127,127,127,127,127,127,127,127,127,127,127,127,128,128,128,128,128,128,128,128,128,128,128,128,128,129,129,129,129,129,129,129,129,129,129,129,129,129,129,129,130,130,130,130,130,130,130,130,131,131,131,131,131,131,131,131,131,132,132,132,132,132,132,132,133,133
Fitness 13,80089, Gen ;0,8664;0,1959;0,2218;0,989;0,3311;0,2876;0,203;0,1042;0,8545;0,1663;0,7132;0,3513;0,9421;0,1204;0,7431;0,6486;0,8457;0,7616;0,5754;0,3408;0,5617
,135,136,136,136,136,136,137,137,137,137,137,137,138,138,138,138,138,138,138,138,138,138,138,138,138,139,139,139,139,139,139,139,139,139,139,139,140,140,140,140,140,140,140,140,140,141,141,141,141,141,141,141,141,141,141,141,141,141,141,142,142,142,142,142,142,142,142,142,143,143,143,143,143,143,143,144,144,144,145,145,145,145,145,146,146,146,147,147,147,147,147,148,148,149,149,150,150,150,151,152
Fitness 0,0001815371, Gen ;0,8664;0,1959;0,2218;0,989;0,3311;0,2876;0,203;0,1042;0,8545;0,1663;0,7132;0,3513;0,9421;0,1204;0,7431;0,6486;0,8457;0,7616;0,5754;0,3408;0,5617
,101,102,102,102,102,102,102,102,102,102,102,102,102,103,103,103,103,103,103,103,103,103,103,103,103,103,103,103,103,103,104,104,104,104,104,104,104,104,104,104,104,104,104,105,105,105,105,105,105,105,105,105,105,106,106,106,106,106,106,106,106,106,106,106,106,106,107,107,107,107,107,107,107,108,108,108,108,108,108,108,108,109,109,109,109,109,109,110,110,110,110,110,110,111,111,111,112,112,112,113
Fitness 13,06072, Gen ;0,8664;0,1959;0,2218;0,989;0,3311;0,2876;0,203;0,1042;0,8545;0,1663;0,7132;0,3513;0,9421;0,1204;0,7431;0,6486;0,8457;0,7616;0,5754;0,3408;0,5617
,129,129,129,130,130,130,130,130,130,130,130,130,131,131,131,131,131,131,131,131,131,131,131,131,132,132,132,132,132,132,132,132,132,132,132,133,133,133,133,133,133,133,133,133,133,133,133,134,134,134,134,134,134,134,134,134,134,135,135,135,135,135,135,135,135,135,135,136,136,136,136,136,136,137,137,137,137,137,137,137,137,137,138,138,138,138,138,138,139,139,139,139,139,139,140,140,140,141,141,141
Fitness 7,685154, Gen ;0,8664;0,1959;0,2218;0,989;0,3311;0,2876;0,203;0,1042;0,8545;0,1663;0,7132;0,3513;0,9421;0,1204;0,7431;0,6486;0,8457;0,7616;0,5754;0,3408;0,5617
,108,108,108,108,108,108,108,108,108,108,108,108,108,109,109,109,109,109,109,109,109,109,109,109,109,109,109,109,109,109,109,110,110,110,110,110,110,110,110,110,110,110,110,110,110,110,111,111,111,111,111,111,111,111,111,111,111,111,112,112,112,112,112,112,112,112,113,113,113,113,113,113,113,113,113,113,114,114,114,114,114,114,115,115,115,115,115,115,115,115,116,116,116,116,116,117,117,117,118,118
Fitness 22,14043, Gen ;0,8664;0,1959;0,2218;0,989;0,3311;0,2876;0,203;0,1042;0,8545;0,1663;0,7132;0,3513;0,9421;0,1204;0,7431;0,6486;0,8457;0,7616;0,5754;0,3408;0,5617
,103,103,103,103,103,103,104,104,104,104,104,104,104,104,104,104,104,104,104,104,104,104,104,105,105,105,105,105,105,105,105,105,105,105,105,105,105,106,106,106,106,106,106,106,106,106,106,106,106,106,107,107,107,107,107,107,107,107,107,107,107,107,107,107,108,108,108,108,108,108,108,108,108,108,109,109,109,109,109,109,109,109,110,110,110,110,110,110,110,110,110,111,111,111,111,111,112,112,112,112
Fitness 10,48312, Gen ;0,8664;0,1959;0,2218;0,989;0,3311;0,2876;0,203;0,1042;0,8545;0,1663;0,7132;0,3513;0,9421;0,1204;0,7431;0,6486;0,8457;0,7616;0,5754;0,3408;0,5617
,117,117,118,118,118,118,118,118,118,118,118,118,118,118,118,118,118,119,119,119,119,119,119,119,119,119,119,119,119,119,119,119,119,119,119,120,120,120,120,120,120,120,120,120,120,120,120,120,120,120,121,121,121,121,121,121,121,121,121,121,122,122,122,122,122,122,122,122,123,123,123,123,123,123,123,123,123,123,124,124,124,124,124,124,125,125,125,125,125,125,125,125,125,125,126,126,126,126,127,127
Fitness 19,45704, Gen ;0,8664;0,1959;0,2218;0,989;0,3311;0,2876;0,203;0,1042;0,8545;0,1663;0,7132;0,3513;0,9421;0,1204;0,7431;0,6486;0,8457;0,7616;0,5754;0,3408;0,5617
,130,218,218,218,218,218,218,218,218,218,218,218,218,219,219,219,219,219,219,219,219,219,219,219,219,219,219,219,219,220,220,220,220,220,220,220,220,220,220,220,220,220,220,220,220,220,220,220,220,221,221,221,221,221,221,221,221,221,221,221,221,221,222,222,222,222,222,222,222,222,222,223,223,223,223,223,223,223,224,224,224,225,225,226,226,226,226,226,227,227,228,228,228,229,229,230,230,231,232,232
Fitness 22,04771, Gen ;0,8664;0,1959;0,2218;0,989;0,3311;0,2876;0,203;0,1042;0,8545;0,1663;0,7132;0,3513;0,9421;0,1204;0,7431;0,6486;0,8457;0,7616;0,5754;0,3408;0,5617
,129,129,129,129,129,129,129,130,130,130,130,130,130,130,130,130,130,130,130,130,130,130,130,130,130,131,131,131,131,131,131,131,131,131,131,131,131,131,131,131,131,132,132,132,132,132,132,132,132,132,132,132,132,132,132,133,133,133,133,133,133,133,133,133,133,134,134,134,134,134,134,134,134,135,135,135,135,135,135,135,135,135,135,135,136,136,136,136,136,136,136,136,137,137,137,137,137,137,138,138
Fitness 15,44232, Gen ;0,8664;0,1959;0,2218;0,989;0,3311;0,2876;0,203;0,1042;0,8545;0,1663;0,7132;0,3513;0,9421;0,1204;0,7431;0,6486;0,8457;0,7616;0,5754;0,3408;0,5617
,156,156,157,157,157,157,157,157,157,158,158,158,158,158,158,158,158,158,158,158,158,158,158,158,158,159,159,159,159,159,159,159,159,159,159,159,159,159,159,159,159,159,159,160,160,160,160,160,160,160,160,160,160,160,160,160,160,160,160,160,161,161,161,161,161,161,161,161,161,161,161,162,162,162,162,162,163,163,163,163,163,163,163,164,164,164,164,164,165
Fitness 0,02113308, Gen ;0,8664;0,1959;0,2218;0,989;0,3311;0,2876;0,203;0,1042;0,8545;0,1663;0,7132;0,3513;0,9421;0,1204;0,7431;0,6486;0,8457;0,7616;0,5754;0,3408;0,5617
,108,108,108,108,108,108,108,108,108,108,109,109,109,109,109,109,109,109,109,109,109,109,109,109,109,109,110,110,110,110,110,110,110,110,110,110,110,110,110,110,110,110,111,111,111,111,111,111,111,111,111,111,111,112,112,112,112,112,112,112,112,112,112,112,113,113,113,113,113,113,113,113,113,114,114,114,114,114,114,114,114,114,114,115,115,115,115,115,115,115,115,116,116,116,116,116,116,117,117,117
Fitness 11,36455, Gen ;0,8664;0,1959;0,2218;0,989;0,3311;0,2876;0,203;0,1042;0,8545;0,1663;0,7132;0,3513;0,9421;0,1204;0,7431;0,6486;0,8457;0,7616;0,5754;0,3408;0,5617
,142,142,142,142,142,142,142,142,142,142,143,143,143,143,143,143,143,143,143,143,143,143,143,143,143,143,143,143,143,144,144,144,144,144,144,144,144,144,144,144,144,144,144,144,144,144,145,145,145,145,145,145,145,145,145,146,146,146,146,146,146,146,146,146,146,146,147,147,147,147,147,147,147,148,148,148,148,148,148,148,148,148,148,148,148,149,149,149,149,149,149,149,150,150,150,150,150,150,151,151
Fitness 0,0002599175, Gen ;0,8664;0,1959;0,2218;0,989;0,3311;0,2876;0,203;0,1042;0,8545;0,1663;0,7132;0,3513;0,9421;0,1204;0,7431;0,6486;0,8457;0,7616;0,5754;0,3408;0,5617
,183,183,183,183,183,183,184,184,184,184,184,184,184,184,184,184,184,185,185,185,185,185,185,185,185,186,186,186,186,186,186,186,186,186,186,186,187,187,187,187,187,187,187,187,187,188,188,188,188,188,188,188,189,189,189,189,189,189,190,190,190,190,190,190,191,191,191,191,192,192,192,192,192,192,193,193,193,193,193,194,194,194,194,194,195,195,195,195,196,196,196,197,197,197,197,198,198,198,199,199
Fitness 19,7519, Gen ;0,8664;0,1959;0,2218;0,989;0,3311;0,2876;0,203;0,1042;0,8545;0,1663;0,7132;0,3513;0,9421;0,1204;0,7431;0,6486;0,8457;0,7616;0,5754;0,3408;0,5617
,187,187,187,187,187,187,187,187,187,187,187,187,187,187,187,188,188,188,188,188,188,188,188,188,188,188,188,188,188,188,188,188,188,188,188,188,189,189,189,189,189,189,189,189,189,189,189,189,189,189,189,189,190,190,190,190,190,190,190,190,190,190,190,190,190,190,191,191,191,191,191,191,191,191,191,192,192,192,192,192,192,192,193,193,193,193,193,193,193,193,193,194,194,194,194,195,195,196,197,197
Fitness 7,56367, Gen ;0,8664;0,1959;0,2218;0,989;0,3311;0,2876;0,203;0,1042;0,8545;0,1663;0,7132;0,3513;0,9421;0,1204;0,7431;0,6486;0,8457;0,7616;0,5754;0,3408;0,5617

Fitness 0,8424832, Gen ;0,8664;0,1959;0,2218;0,989;0,3311;0,2876;0,203;0,1042;0,8545;0,1663;0,7132;0,3513;0,9421;0,1204;0,7431;0,6486;0,8457;0,7616;0,5754;0,3408;0,5617
,103,103,103,103,103,103,103,103,103,103,104,104,104,104,104,104,104,104,104,104,104,104,104,104,104,104,104,104,104,104,105,105,105,105,105,105,105,105,105,105,105,105,105,105,106,106,106,106,106,106,106,106,106,106,107,107,107,107,107,107,107,107,107,107,108,108,108,108,108,108,108,108,108,109,109,109,109,109,109,109,109,110,110,110,110,110,110,111,111,111,111,111,112,112,112,113,113,113,114,114
Fitness 0,9224824, Gen ;0,8664;0,1959;0,2218;0,989;0,3311;0,2876;0,203;0,1042;0,8545;0,1663;0,7132;0,3513;0,9421;0,1204;0,7431;0,6486;0,8457;0,7616;0,5754;0,3408;0,5617
,115,115,116,116,116,116,116,116,116,116,117,117,117,117,117,117,117,117,117,117,117,117,117,117,117,117,117,117,117,117,117,117,117,118,118,118,118,118,118,118,118,118,118,118,118,118,118,118,118,119,119,119,119,119,119,119,119,119,119,119,120,120,120,120,120,120,120,120,121,121,121,121,121,122,122,122,122,122,122,122,122,123,123,123,123,123,123,123,124,124,124,124,125,125,125,126,126,127,127,128
Fitness 0,0001296644, Gen ;0,8664;0,1959;0,2218;0,989;0,3311;0,2876;0,203;0,1042;0,8545;0,1663;0,7132;0,3513;0,9421;0,1204;0,7431;0,6486;0,8457;0,7616;0,5754;0,3408;0,5617

Fitness 21,60005, Gen ;0,8664;0,1959;0,2218;0,989;0,3311;0,2876;0,203;0,1042;0,8545;0,1663;0,7132;0,3513;0,9421;0,1204;0,7431;0,6486;0,8457;0,7616;0,5754;0,3408;0,5617
,112,112,112,112,112,112,112,112,113,113,113,113,113,113,113,113,113,113,113,113,113,113,113,113,114,114,114,114,114,114,114,114,114,114,114,114,114,114,114,114,114,115,115,115,115,115,115,115,115,115,115,115,115,116,116,116,116,116,116,116,116,116,116,116,116,116,117,117,117,117,117,117,117,117,117,117,118,118,118,118,118,118,118,118,119,119,119,119,119,119,119,120,120,120,120,121,121,121,121,121
Fitness 15,29101, Gen ;0,8664;0,1959;0,2218;0,989;0,3311;0,2876;0,203;0,1042;0,8545;0,1663;0,7132;0,3513;0,9421;0,1204;0,7431;0,6486;0,8457;0,7616;0,5754;0,3408;0,5617
,100,101,101,101,101,101,101,101,101,101,101,101,101,101,101,101,101,101,102,102,102,102,102,102,102,102,102,102,102,102,102,102,102,102,102,102,102,103,103,103,103,103,103,103,103,103,103,103,103,103,103,103,103,103,104,104,104,104,104,104,104,105,105,105,105,105,105,105,105,106,106,106,106,106,106,107,107,107,107,107,107,107,107,107,108,108,108,108,108,108,109,109,109,109,109,110,110,110,110,111
Fitness 0,0002901984, Gen ;0,8664;0,1959;0,2218;0,989;0,3311;0,2876;0,203;0,1042;0,8545;0,1663;0,7132;0,3513;0,9421;0,1204;0,7431;0,6486;0,8457;0,7616;0,5754;0,3408;0,5617
,113,113,113,113,113,113,114,114,114,114,114,114,114,114,114,114,114,114,114,114,114,114,114,115,115,115,115,115,115,115,115,115,115,115,115,115,115,115,115,115,115,115,116,116,116,116,116,116,116,116,116,116,117,117,117,117,117,117,117,117,118,118,118,118,118,118,118,118,118,118,118,119,119,119,119,119,119,119,119,119,119,120,120,120,120,120,120,120,120,120,120,120,121,121,121,121,121,121,122,122
Fitness 17,75717, Gen ;0,8664;0,1959;0,2218;0,989;0,3311;0,2876;0,203;0,1042;0,8545;0,1663;0,7132;0,3513;0,9421;0,1204;0,7431;0,6486;0,8457;0,7616;0,5754;0,3408;0,5617
,94,94,94,94,94,94,94,94,94,94,94,94,95,95,95,95,95,95,95,95,95,95,95,95,95,96,96,96,96,96,96,96,96,96,96,96,96,96,96,96,96,96,96,96,97,97,97,97,97,97,97,97,97,97,97,97,97,97,97,98,98,98,98,98,98,98,98,98,98,98,99,99,99,99,100,100
Fitness 23,07553, Gen ;0,8664;0,1959;0,2218;0,989;0,3311;0,2876;0,203;0,1042;0,8545;0,1663;0,7132;0,3513;0,9421;0,1204;0,7431;0,6486;0,8457;0,7616;0,5754;0,3408;0,5617
,123,123,123,123,123,123,123,123,123,124,124,124,124,124,124,124,124,124,124,124,124,124,124,125,125,125,125,125,125,125,125,125,125,125,125,125,125,125,125,125,125,126,126,126,126,126,126,126,126,126,126,126,126,126,126,127,127,127,127,127,127,127,127,127,127,128,128,128,128,128,128,128,128,129,129,129,129,129,129,129,129,129,129,129,130,130,130,130,130,130,131,131,131,131,131,131,132,132,132,133
Fitness 17,4925, Gen ;0,8664;0,1959;0,2218;0,989;0,3311;0,2876;0,203;0,1042;0,8545;0,1663;0,7132;0,3513;0,9421;0,1204;0,7431;0,6486;0,8457;0,7616;0,5754;0,3408;0,5617
,93,94,94,94,94,94,94,95,95,95,95,95,95,95,95,95,95,95,95,95,95,95,95,95,95,95,96,96,96,96,96,96,96,96,96,96,96,96,96,96,97,97,97,97,97,97,97,97,97,97,97,97,97,97,98,98,98,98,98,98,98,98,98,98,99,99,99,99,99,99,99,99,99,100,100,100,100,100,100,100,100,100,100,100,101,101,101,101,101,101,101,101,102,102,102,102,102,103,103,103
Fitness 9,133738E-05, Gen ;0,8664;0,1959;0,2218;0,989;0,3311;0,2876;0,203;0,1042;0,8545;0,1663;0,7132;0,3513;0,9421;0,1204;0,7431;0,6486;0,8457;0,7616;0,5754;0,3408;0,5617
,129,129,130,130,130,130,130,130,130,130,130,130,130,130,130,130,131,131,131,131,131,131,131,131,131,131,131,131,131,131,132,132,132,132,132,132,132,132,132,132,132,132,132,133,133,133,133,133,133,133,133,133,133,134,134,134,134,134,134,134,135,135,135,135,135,135,136,136,136,136,136,136,136,137,137,137,137,137,137,137,138,138,138,138,138,138,138,138,139,139,139,139,140,140,140,140,141,141,141,141
Fitness 13,24706, Gen ;0,8664;0,1959;0,2218;0,989;0,3311;0,2876;0,203;0,1042;0,8545;0,1663;0,7132;0,3513;0,9421;0,1204;0,7431;0,6486;0,8457;0,7616;0,5754;0,3408;0,5617
,174,176,176,176,176,176,178,178,178,178,178,178,178,178,178,178,179,179,179,179,179,180,180,180,180,180,180,180,181,181,181,181,182,182,182,182,182,182,182,182,182,182,183,183,183,183,183,183,183,183,183,184,184,184,184,184,184,184,184,185,185,185,185,186,187,187,187,187,187,187,188,188,188,189,189,190,190,190,191,191,191,192,192,192,194,195,196,200
Fitness 27,10958, Gen ;0,8664;0,1959;0,2218;0,989;0,3311;0,2876;0,203;0,1042;0,8545;0,1663;0,7132;0,3513;0,9421;0,1204;0,7431;0,6486;0,8457;0,7616;0,5754;0,3408;0,5617
,129,129,130,130,130,130,130,130,130,130,130,130,130,130,130,130,130,130,130,130,130,131,131,131,131,131,131,131,131,131,131,131,131,131,132,132,132,132,132,132,132,132,132,132,132,132,132,132,133,133,133,133,133,133,133,133,133,133,133,133,134,134,134,134,134,134,134,134,134,134,135,135,135,135,135,135,135,136,136,136,136,136,136,136,136,136,136,136,137,137,137,137,137,137,137,137,138,138,138,138
Fitness 10,44623, Gen ;0,8664;0,1959;0,2218;0,989;0,3311;0,2876;0,203;0,1042;0,8545;0,1663;0,7132;0,3513;0,9421;0,1204;0,7431;0,6486;0,8457;0,7616;0,5754;0,3408;0,5617
,199,199,200,200,200,201,201,201,201,201,202,202,202,202,202,203,203,203,203,203,203,203,203,203,203,203,203,203,204,204,204,204,204,204,204,204,204,204,204,205,205,205,205,205,205,205,205,205,205,205,205,205,205,206,206,206,206,207
Fitness 0,0001672509, Gen ;0,8664;0,1959;0,2218;0,989;0,3311;0,2876;0,203;0,1042;0,8545;0,1663;0,7132;0,3513;0,9421;0,1204;0,7431;0,6486;0,8457;0,7616;0,5754;0,3408;0,5617
,112,112,112,112,112,112,112,112,113,113,113,113,113,113,113,113,113,113,113,113,113,113,113,114,114,114,114,114,114,114,114,114,114,114,114,114,114,114,115,115,115,115,115,115,115,115,115,115,115,115,115,116,116,116,116,116,116,116,116,116,116,116,116,117,117,117,117,117,117,117,117,117,117,117,118,118,118,118,118,118,118,118,118,119,119,119,119,119,119,119,119,119,120,120,120,120,120,120,121,121
Fitness 11,2094, Gen ;0,8664;0,1959;0,2218;0,989;0,3311;0,2876;0,203;0,1042;0,8545;0,1663;0,7132;0,3513;0,9421;0,1204;0,7431;0,6486;0,8457;0,7616;0,5754;0,3408;0,5617
,112,112,112,112,112,112,112,112,112,113,113,113,113,113,113,113,113,113,113,113,113,113,113,113,113,113,114,114,114,114,114,114,114,114,114,114,114,114,114,114,114,114,114,115,115,115,115,115,115,115,115,115,115,115,115,115,115,116,116,116,116,116,116,116,116,116,116,116,116,116,117,117,117,117,117,117,117,117,117,117,117,118,118,118,118,118,118,118,118,119,120,120,120,142,143,144,145,146,147,148
Fitness 0,0003870677, Gen ;0,8664;0,1959;0,2218;0,989;0,3311;0,2876;0,203;0,1042;0,8545;0,1663;0,7132;0,3513;0,9421;0,1204;0,7431;0,6486;0,8457;0,7616;0,5754;0,3408;0,5617
,115,115,116,116,116,116,116,116,116,116,116,117,117,117,117,117,117,117,117,117,117,117,117,117,117,117,117,117,118,118,118,118,118,118,118,118,118,118,118,118,118,118,119,119,119,119,119,119,119,119,119,119,119,119,119,120,120,120,120,120,120,120,120,120,120,120,121,121,121,121,121,121,122,122,122,122,122,122,122,122,122,122,122,122,122,123,123,123,123,123,123,123,123,124,124,124,124,124,125,125
Fitness 17,97251, Gen ;0,8664;0,1959;0,2218;0,989;0,3311;0,2876;0,203;0,1042;0,8545;0,1663;0,7132;0,3513;0,9421;0,1204;0,7431;0,6486;0,8457;0,7616;0,5754;0,3408;0,5617
,216,216,217,217,217,217,217,218,218,218,218,218,218,218,219,219,219,219,219,220,220,220,220,220,220,220,220,220,221,221,221,221,222,222,222,222,222,222,223,223,223,223,223,223,224,224,224,224,224,224,225,225,225,225,226,226,226,226,226,227,227,228,229,229,229,230,231,231,232,233,233,233,234,234,236,237,238,239
Fitness 10,496, Gen ;0,8664;0,1959;0,2218;0,989;0,3311;0,2876;0,203;0,1042;0,8545;0,1663;0,7132;0,3513;0,9421;0,1204;0,7431;0,6486;0,8457;0,7616;0,5754;0,3408;0,5617
,118,118,118,118,118,118,118,119,119,119,119,119,119,119,119,119,119,119,119,119,119,119,119,120,120,120,120,120,120,120,120,120,120,120,120,120,120,120,120,120,121,121,121,121,121,121,121,121,121,121,121,121,122,122,122,122,122,122,122,122,122,122,123,123,123,123,123,123,123,123,123,123,123,124,124,124,124,124,124,125,125,125,125,125,125,125,126,126,126,126,126,126,126,126,127,127,127,127,127,128
Fitness 16,17324, Gen ;0,8664;0,1959;0,2218;0,989;0,3311;0,2876;0,203;0,1042;0,8545;0,1663;0,7132;0,3513;0,9421;0,1204;0,7431;0,6486;0,8457;0,7616;0,5754;0,3408;0,5617
,114,114,114,114,114,114,114,114,114,115,115,115,115,115,115,115,115,115,115,115,115,115,115,115,115,115,115,115,115,115,116,116,116,116,116,116,116,116,116,116,116,116,116,116,116,116,117,117,117,117,117,117,117,117,117,117,117,117,118,118,118,118,118,118,118,119,119,119,119,119,119,119,119,120,120,120,120,120,120,121,121,121,121,121,121,121,122,122,122,122,122,123,123,123,124,124,125,125,125,125
Fitness 0,0005129382, Gen ;0,8664;0,1959;0,2218;0,989;0,3311;0,2876;0,203;0,1042;0,8545;0,1663;0,7132;0,3513;0,9421;0,1204;0,7431;0,6486;0,8457;0,7616;0,5754;0,3408;0,5617
,105,105,106,106,106,106,106,106,106,106,106,106,106,106,107,107,107,107,107,107,107,107,107,107,107,107,107,107,107,107,107,107,108,108,108,108,108,108,108,108,108,108,108,108,108,108,109,109,109,109,109,109,109,109,109,109,109,110,110,110,110,110,110,110,110,111,111,111,111,111,112,112,112,112,112,112,112,112,112,113,113,113,113,113,113,113,113,114,114,114,114,114,114,114,115,115,115,115,116,116
Fitness 15,11445, Gen ;0,8664;0,1959;0,2218;0,989;0,3311;0,2876;0,203;0,1042;0,8545;0,1663;0,7132;0,3513;0,9421;0,1204;0,7431;0,6486;0,8457;0,7616;0,5754;0,3408;0,5617
,142,142,142,142,142,142,142,142,142,142,142,142,142,142,142,143,143,143,143,143,143,143,143,143,143,143,143,143,143,143,143,143,144,144,144,144,144,144,144,144,144,144,144,144,144,144,144,144,145,145,145,145,145,145,145,145,145,145,145,145,145,146,146,146,146,146,146,146,146,146,146,146,147,147,147,147,147,147,147,147,147,148,148,148,148,148,148,148,148,149,149,149,149,149,149,149,150,150,150,150
Fitness 16,26413, Gen ;0,8664;0,1959;0,2218;0,989;0,3311;0,2876;0,203;0,1042;0,8545;0,1663;0,7132;0,3513;0,9421;0,1204;0,7431;0,6486;0,8457;0,7616;0,5754;0,3408;0,5617
,133,134,134,134,134,134,134,134,134,134,134,134,134,134,134,134,134,134,134,134,134,135,135,135,135,135,135,135,135,135,135,135,135,135,135,135,136,136,136,136,136,136,136,136,136,136,136,136,136,137,137,137,137,137,137,137,137,137,137,138,138,138,138,138,138,138,138,139,139,139,139,139,139,139,140,140,140,140,140,140,140,140,141,141,141,141,141,141,141,141,141,142,142,142,142,142,142,143,143,143
Fitness 20,25962, Gen ;0,8664;0,1959;0,2218;0,989;0,3311;0,2876;0,203;0,1042;0,8545;0,1663;0,7132;0,3513;0,9421;0,1204;0,7431;0,6486;0,8457;0,7616;0,5754;0,3408;0,5617
,108,109,109,109,109,109,109,109,109,109,109,109,109,109,109,109,109,110,110,110,110,110,110,110,110,110,110,110,110,110,110,111,111,111,111,111,111,111,111,111,111,111,111,112,112,112,112,112,112,112,112,112,112,112,112,113,113,113,113,113,113,113,113,113,113,114,114,114,114,114,114,115,115,115,115,115,115,115,116,116,116,116,116,116,116,117,117,117,117,117,117,118,118,118,118,119,119,119,120,120
Fitness 7,780953, Gen ;0,8664;0,1959;0,2218;0,989;0,3311;0,2876;0,203;0,1042;0,8545;0,1663;0,7132;0,3513;0,9421;0,1204;0,7431;0,6486;0,8457;0,7616;0,5754;0,3408;0,5617
,109,109,109,109,109,110,110,110,110,110,110,110,110,110,110,110,110,110,110,110,110,110,110,110,110,110,111,111,111,111,111,111,111,111,111,111,111,111,111,111,111,111,112,112,112,112,112,112,112,112,112,112,112,112,112,112,113,113,113,113,113,113,113,113,113,113,113,114,114,114,114,114,114,114,114,114,115,115,115,115,115,115,116,116,116,116,116,116,116,116,117,117,117,117,117,117,118,118,118,118
Fitness 9,76905, Gen ;0,8664;0,1959;0,2218;0,989;0,3311;0,2876;0,203;0,1042;0,8545;0,1663;0,7132;0,3513;0,9421;0,1204;0,7431;0,6486;0,8457;0,7616;0,5754;0,3408;0,5617
,101,101,102,102,102,102,102,102,102,102,102,102,102,102,102,102,102,102,102,102,103,103,103,103,103,103,103,103,103,103,103,103,103,103,103,103,103,104,104,104,104,104,104,104,104,104,104,104,104,104,104,104,105,105,105,105,105,105,105,105,105,106,106,106,106,106,106,106,106,106,107,107,107,107,107,107,108,108,108,108,109,109,109,109,109,110,110,110,111,111,111,111,112,112,112,113,113,113,114,114
Fitness 18,6174, Gen ;0,8664;0,1959;0,2218;0,989;0,3311;0,2876;0,203;0,1042;0,8545;0,1663;0,7132;0,3513;0,9421;0,1204;0,7431;0,6486;0,8457;0,7616;0,5754;0,3408;0,5617
,110,110,110,110,111,111,111,111,111,111,111,111,111,111,111,111,111,111,111,111,111,111,112,112,112,112,112,112,112,112,112,112,112,112,112,112,112,112,113,113,113,113,113,113,113,113,113,113,113,113,113,113,113,114,114,114,114,114,114,114,114,115,115,115,115,115,115,115,115,115,115,116,116,116,116,116,116,116,116,117,117,117,117,117,117,117,118,118,118,118,118,118,118,119,119,119,120,120,120,121
Fitness 19,14202, Gen ;0,8664;0,1959;0,2218;0,989;0,3311;0,2876;0,203;0,1042;0,8545;0,1663;0,7132;0,3513;0,9421;0,1204;0,7431;0,6486;0,8457;0,7616;0,5754;0,3408;0,5617
,91,91,91,91,91,91,91,92,92,92,92,92,92,92,92,92,92,92,92,92,92,92,93,93,93,93,93,93,93,93,93,93,93,93,93,93,93,93,93,93,93,94,94,94,94,94,94,94,94,94,94,94,94,94,94,94,94,95,95,95,95,95,95,95,95,95,95,95,95,96,96,96,96,96,96,96,96,96,96,97,97,97,97,97,97,97,97,97,97,98,98,98,98,98,98,99,99,99,99,99
Fitness 21,76261, Gen ;0,8664;0,1959;0,2218;0,989;0,3311;0,2876;0,203;0,1042;0,8545;0,1663;0,7132;0,3513;0,9421;0,1204;0,7431;0,6486;0,8457;0,7616;0,5754;0,3408;0,5617

Fitness 18,221, Gen ;0,8664;0,1959;0,2218;0,989;0,3311;0,2876;0,203;0,1042;0,8545;0,1663;0,7132;0,3513;0,9421;0,1204;0,7431;0,6486;0,8457;0,7616;0,5754;0,3408;0,5617
,47,137,137,137,137,137,138,138,138,138,138,138,138,138,138,138,138,138,138,138,138,139,139,139,139,139,139,139,139,139,139,139,139,140,140,140,140,140,140,140,140,140,140,140,140,140,140,140,140,140,141,141,141,141,141,141,141,141,141,142,142,142,142,142,143,144,144,144,144,145,145,145,145,145,146,146,146,146,146,146,147,147,147,147,148,148,149,149,149,149,150,150,151,151,151,164,165,165,166,166
Fitness 29,32627, Gen ;0,8664;0,1959;0,2218;0,989;0,3311;0,2876;0,203;0,1042;0,8545;0,1663;0,7132;0,3513;0,9421;0,1204;0,7431;0,6486;0,8457;0,7616;0,5754;0,3408;0,5617

Fitness 0,0001937694, Gen ;0,8664;0,1959;0,2218;0,989;0,3311;0,2876;0,203;0,1042;0,8545;0,1663;0,7132;0,3513;0,9421;0,1204;0,7431;0,6486;0,8457;0,7616;0,5754;0,3408;0,5617
,121,121,121,121,121,121,121,121,122,122,122,122,122,122,122,122,122,122,122,122,122,122,122,122,122,122,123,123,123,123,123,123,123,123,123,123,123,123,123,124,124,124,124,124,124,124,124,124,124,124,124,124,125,125,125,125,125,125,125,125,125,125,125,125,125,126,126,126,126,126,126,126,126,126,126,126,127,127,127,127,127,127,127,127,128,128,128,128,128,128,128,129,129,129,129,129,129,130,130,130
Fitness 5,466938, Gen ;0,8664;0,1959;0,2218;0,989;0,3311;0,2876;0,203;0,1042;0,8545;0,1663;0,7132;0,3513;0,9421;0,1204;0,7431;0,6486;0,8457;0,7616;0,5754;0,3408;0,5617
,115,116,116,116,116,116,116,116,116,116,116,116,116,116,116,116,117,117,117,117,117,117,117,117,117,117,117,117,117,117,117,117,117,117,117,117,118,118,118,118,118,118,118,118,118,118,118,118,118,118,119,119,119,119,119,119,119,119,119,119,119,120,120,120,120,120,120,120,120,120,121,121,121,121,121,121,121,121,121,122,122,122,122,122,122,122,122,123,123,123,123,123,123,123,124,124,124,124,125,125
Fitness 0,000295048, Gen ;0,8664;0,1959;0,2218;0,989;0,3311;0,2876;0,203;0,1042;0,8545;0,1663;0,7132;0,3513;0,9421;0,1204;0,7431;0,6486;0,8457;0,7616;0,5754;0,3408;0,5617
,169,169,169,170,170,170,170,170,170,170,170,170,170,170,170,171,171,171,171,171,171,171,171,171,171,171,171,171,171,171,172,172,172,172,172,172,172,172,172,172,172,172,172,172,173,173,173,173,173,173,173,173,173,173,173,173,173,173,174,174,174,174,174,174,174,174,174,175,175,175,175,175,175,175,176,176,176,176,176,176,176,176,176,177,177,177,177,177,177,177,178,178,178,178,179,179,179,179,179,179
Fitness 14,17951, Gen ;0,8664;0,1959;0,2218;0,989;0,3311;0,2876;0,203;0,1042;0,8545;0,1663;0,7132;0,3513;0,9421;0,1204;0,7431;0,6486;0,8457;0,7616;0,5754;0,3408;0,5617
,146,146,146,146,147,147,147,147,147,147,147,147,147,147,147,147,147,147,147,148,148,148,148,148,148,148,148,148,148,148,148,148,148,148,148,148,148,148,149,149,149,149,149,149,149,149,149,149,149,149,149,149,150,150,150,150,150,150,150,150,150,150,150,150,150,150,150,151,151,151,151,151,151,151,152,152,152,152,152,152,152,152,153,153,153,153,153,154,154,154,154,154,154,155,155,155,156,156,157,157
Fitness 16,32013, Gen ;0,8664;0,1959;0,2218;0,989;0,3311;0,2876;0,203;0,1042;0,8545;0,1663;0,7132;0,3513;0,9421;0,1204;0,7431;0,6486;0,8457;0,7616;0,5754;0,3408;0,5617
,110,110,110,110,110,110,110,110,110,110,111,111,111,111,111,111,111,111,111,111,111,111,111,111,111,112,112,112,112,112,112,112,112,112,112,112,112,112,112,112,112,112,112,112,113,113,113,113,113,113,113,113,113,113,113,114,114,114,114,114,114,114,114,114,114,114,115,115,115,115,115,115,115,116,116,116,116,116,116,116,116,116,116,116,116,117,117,117,117,117,117,117,117,117,118,118,118,118,119,119
Fitness 2,473023, Gen ;0,8664;0,1959;0,2218;0,989;0,3311;0,2876;0,203;0,1042;0,8545;0,1663;0,7132;0,3513;0,9421;0,1204;0,7431;0,6486;0,8457;0,7616;0,5754;0,3408;0,5617
,196,196,196,196,196,196,196,196,196,196,196,196,196,196,196,197,197,197,197,197,197,197,197,197,197,197,197,197,197,197,197,197,197,197,197,197,198,198,198,198,198,198,198,198,198,198,198,198,198,198,198,198,198,198,198,199,199,199,199,199,199,199,199,199,199,199,199,199,200,200,200,200,200,200,200,200,201,201,201,201,201,201,201,201,201,201,201,202,202,202,202,202,202,202,202,203,203,203,203,204
Fitness 6,195373, Gen ;0,8664;0,1959;0,2218;0,989;0,3311;0,2876;0,203;0,1042;0,8545;0,1663;0,7132;0,3513;0,9421;0,1204;0,7431;0,6486;0,8457;0,7616;0,5754;0,3408;0,5617
,127,128,128,128,128,129,129,129,129,129,129,129,129,129,129,130,130,130,130,130,130,130,130,130,130,130,130,130,130,130,130,130,130,130,131,131,131,131,131,131,131,131,131,131,131,131,132,132,132,132,132,132,132,132,132,132,132,133,133,133,133,133,133,133,133,134,134,134,134,134,134,134,135,135,135,135,135,135,135,135,135,136,136,136,136,136,136,136,136,137,137,137,137,137,138,138,138,138,138,139
Fitness 18,84098, Gen ;0,8664;0,1959;0,2218;0,989;0,3311;0,2876;0,203;0,1042;0,8545;0,1663;0,7132;0,3513;0,9421;0,1204;0,7431;0,6486;0,8457;0,7616;0,5754;0,3408;0,5617
,145,146,146,146,146,146,146,146,146,147,147,147,147,147,147,147,147,147,147,147,147,147,148,148,148,148,148,149,149,149,149,150,150,150,150,150,150,151,151,151,152,153,154,154,154,155,155,161
Fitness 0,5438497, Gen ;0,8664;0,1959;0,2218;0,989;0,3311;0,2876;0,203;0,1042;0,8545;0,1663;0,7132;0,3513;0,9421;0,1204;0,7431;0,6486;0,8457;0,7616;0,5754;0,3408;0,5617
,87,87,87,87,87,88,88,88,88,88,88,88,88,88,88,88,88,88,88,88,88,88,89,89,89,89,89,89,89,89,89,89,89,89,89,89,89,89,89,90,90,90,90,90,90,90,90,90,90,90,91,91,91,91,91,91,91,91,91,91,92,92,92,92,92,92,92,92,92,92,92,92,92,92,93,93,93,93,93,93,93,94,94,94,94,94,94,94,95,95,95,95,95,95,95,96,96,96,97,97
Fitness 11,15335, Gen ;0,8664;0,1959;0,2218;0,989;0,3311;0,2876;0,203;0,1042;0,8545;0,1663;0,7132;0,3513;0,9421;0,1204;0,7431;0,6486;0,8457;0,7616;0,5754;0,3408;0,5617
,109,109,109,109,109,109,110,110,110,110,110,110,110,110,110,110,110,110,110,110,110,110,110,110,110,111,111,111,111,111,111,111,111,111,111,111,111,111,111,111,111,111,112,112,112,112,112,112,112,112,112,112,112,112,113,113,113,113,113,113,113,113,113,114,114,114,114,114,114,114,114,114,115,115,115,115,115,115,115,115,116,116,116,116,116,116,116,116,116,116,117,117,117,117,118,118,118,118,119,119
Fitness 0,0002105678, Gen ;0,8664;0,1959;0,2218;0,989;0,3311;0,2876;0,203;0,1042;0,8545;0,1663;0,7132;0,3513;0,9421;0,1204;0,7431;0,6486;0,8457;0,7616;0,5754;0,3408;0,5617
,84,84,84,84,84,84,84,84,84,84,84,84,84,85,85,85,85,85,85,85,85,85,85,85,85,85,85,85,85,85,85,85,86,86,86,86,86,86,86,86,86,86,86,86,86,86,86,86,87,87,87,87,87,87,87,87,87,87,87,87,88,88,88,88,88,88,88,88,88,88,88,88,89,89,89,89,89,89,89,89,89,89,89,90,90,90,90,90,90,90,90,90,90,91,91,91,91,91,91,92
Fitness 31,03981, Gen ;0,8664;0,1959;0,2218;0,989;0,3311;0,2876;0,203;0,1042;0,8545;0,1663;0,7132;0,3513;0,9421;0,1204;0,7431;0,6486;0,8457;0,7616;0,5754;0,3408;0,5617
,216,217,217,217,218,218,219,219,220,220
Fitness 19,05387, Gen ;0,8664;0,1959;0,2218;0,989;0,3311;0,2876;0,203;0,1042;0,8545;0,1663;0,7132;0,3513;0,9421;0,1204;0,7431;0,6486;0,8457;0,7616;0,5754;0,3408;0,5617
,172,172,173,173,173,173,173,173,173,173,173,173,173,173,173,173,173,173,174,174,174,174,174,174,174,174,174,174,174,174,174,174,174,174,174,174,174,174,174,174,174,174,175,175,175,175,175,175,175,175,175,175,175,175,175,175,176,176,176,176,176,176,176,176,176,176,176,176,176,176,176,176,176,176,176,177,177,177,177,177,177,177,177,178,178,178,178,178,178,178,178,178,179,179,179,180,180,180,181,182
Fitness 34,21377, Gen ;0,8664;0,1959;0,2218;0,989;0,3311;0,2876;0,203;0,1042;0,8545;0,1663;0,7132;0,3513;0,9421;0,1204;0,7431;0,6486;0,8457;0,7616;0,5754;0,3408;0,5617
,116,116,116,116,116,116,116,116,116,116,117,117,117,117,117,117,117,117,117,117,117,117,117,117,117,117,118,118,118,118,118,118,118,118,118,118,118,118,118,118,119,119,119,119,119,119,119,119,119,119,119,119,119,119,119,119,120,120,120,120,120,120,120,120,121,121,121,121,121,121,121,121,122,122,122,122,122,122,122,122,122,122,123,123,123,123,123,123,123,123,124,124,124,124,124,124,124,125,125,125
Fitness 0,0004089231, Gen ;0,8664;0,1959;0,2218;0,989;0,3311;0,2876;0,203;0,1042;0,8545;0,1663;0,7132;0,3513;0,9421;0,1204;0,7431;0,6486;0,8457;0,7616;0,5754;0,3408;0,5617

