	25Stroembom ovc
	3 AI1 ovcarjev
Fitness 44,43048, Gen ;0,7145;0,2983;0,3958;0,2757;0,4228;0,2343;0,1064;0,2734;0,947;0,8066;0,7066;0,7827;0,1857;0,3564;0,7651;0,4314;0,2474;0,3398;0,5726;0,049;0,4652
,69,69,73,73,73,73,74,74,74,74,74,74,74,74,74,74,74,74,75,75,75,75,75,75,75
Fitness 50,41426, Gen ;0,7145;0,2983;0,3958;0,2757;0,4228;0,2343;0,1064;0,2734;0,947;0,8066;0,7066;0,7827;0,1857;0,3564;0,7651;0,4314;0,2474;0,3398;0,5726;0,049;0,4652
,82,82,83,83,83,83,83,83,83,83,83,83,84,84,84,84,84,84,84,84,84,84,85,85,87
Fitness 59,33992, Gen ;0,7145;0,2983;0,3958;0,2757;0,4228;0,2343;0,1064;0,2734;0,947;0,8066;0,7066;0,7827;0,1857;0,3564;0,7651;0,4314;0,2474;0,3398;0,5726;0,049;0,4652
,68,69,69,69,69,69,69,69,69,69,69,69,70,70,70,70,70,70,70,70,70,70,71,71,71
Fitness 45,86999, Gen ;0,7145;0,2983;0,3958;0,2757;0,4228;0,2343;0,1064;0,2734;0,947;0,8066;0,7066;0,7827;0,1857;0,3564;0,7651;0,4314;0,2474;0,3398;0,5726;0,049;0,4652
,69,69,73,74,74,74,74,74,74,74,74,75,75,75,75,75,75,75,75,75,75,76,76,76,76
Fitness 37,28175, Gen ;0,7145;0,2983;0,3958;0,2757;0,4228;0,2343;0,1064;0,2734;0,947;0,8066;0,7066;0,7827;0,1857;0,3564;0,7651;0,4314;0,2474;0,3398;0,5726;0,049;0,4652
,165,166,181,181,182,182,182,182,182,182,182,182,182,182,183,183,183,183,183,183,183,183,183,183,184
Fitness 49,72895, Gen ;0,7145;0,2983;0,3958;0,2757;0,4228;0,2343;0,1064;0,2734;0,947;0,8066;0,7066;0,7827;0,1857;0,3564;0,7651;0,4314;0,2474;0,3398;0,5726;0,049;0,4652
,68,69,69,69,69,69,69,70,70,70,70,70,70,70,70,70,70,70,70,70,71,71,71,71,71
Fitness 45,33352, Gen ;0,7145;0,2983;0,3958;0,2757;0,4228;0,2343;0,1064;0,2734;0,947;0,8066;0,7066;0,7827;0,1857;0,3564;0,7651;0,4314;0,2474;0,3398;0,5726;0,049;0,4652
,99,99,99,99,99,99,99,100,100,100,100,100,100,100,100,100,100,100,100,101,101,101,101,101,101
Fitness 1,908973, Gen ;0,7145;0,2983;0,3958;0,2757;0,4228;0,2343;0,1064;0,2734;0,947;0,8066;0,7066;0,7827;0,1857;0,3564;0,7651;0,4314;0,2474;0,3398;0,5726;0,049;0,4652
,71,72,72,72,72,73,73,73,73,73,73,73,73,73,74,74,74,74,74,74,74,74,74,74,75
Fitness 49,25832, Gen ;0,7145;0,2983;0,3958;0,2757;0,4228;0,2343;0,1064;0,2734;0,947;0,8066;0,7066;0,7827;0,1857;0,3564;0,7651;0,4314;0,2474;0,3398;0,5726;0,049;0,4652
,91,92,92,92,92,92,92,93,93,93,93,93,93,93,93,93,93,93,94,94,94,94,94,94,94
Fitness 27,55009, Gen ;0,7145;0,2983;0,3958;0,2757;0,4228;0,2343;0,1064;0,2734;0,947;0,8066;0,7066;0,7827;0,1857;0,3564;0,7651;0,4314;0,2474;0,3398;0,5726;0,049;0,4652
,85,85,85,85,86,86,86,86,86,86,86,86,86,86,87,87,87,87,87,87,87,87,87,110,111
Fitness 46,47306, Gen ;0,7145;0,2983;0,3958;0,2757;0,4228;0,2343;0,1064;0,2734;0,947;0,8066;0,7066;0,7827;0,1857;0,3564;0,7651;0,4314;0,2474;0,3398;0,5726;0,049;0,4652
,77,77,78,78,78,78,78,78,78,78,79,79,79,79,79,79,79,79,79,79,80,80,80,80,80
Fitness 31,79854, Gen ;0,7145;0,2983;0,3958;0,2757;0,4228;0,2343;0,1064;0,2734;0,947;0,8066;0,7066;0,7827;0,1857;0,3564;0,7651;0,4314;0,2474;0,3398;0,5726;0,049;0,4652
,94,95,95,95,95,95,95,95,95,95,96,96,96,96,96,96,96,96,96,96,97,97,97,118,119
Fitness 25,91437, Gen ;0,7145;0,2983;0,3958;0,2757;0,4228;0,2343;0,1064;0,2734;0,947;0,8066;0,7066;0,7827;0,1857;0,3564;0,7651;0,4314;0,2474;0,3398;0,5726;0,049;0,4652
,100,101,101,101,101,101,101,101,101,101,101,101,101,101,101,102,102,102,102,102,102,102,102,103,108
Fitness 42,12492, Gen ;0,7145;0,2983;0,3958;0,2757;0,4228;0,2343;0,1064;0,2734;0,947;0,8066;0,7066;0,7827;0,1857;0,3564;0,7651;0,4314;0,2474;0,3398;0,5726;0,049;0,4652
,75,75,76,76,76,76,76,76,76,76,77,77,77,77,77,77,77,77,77,77,77,77,78,78,78
Fitness 21,32185, Gen ;0,7145;0,2983;0,3958;0,2757;0,4228;0,2343;0,1064;0,2734;0,947;0,8066;0,7066;0,7827;0,1857;0,3564;0,7651;0,4314;0,2474;0,3398;0,5726;0,049;0,4652
,98,98,98,98,98,98,98,98,98,99,99,99,99,99,99,99,99,99,99,99,99,100,100,100,114
Fitness 24,47486, Gen ;0,7145;0,2983;0,3958;0,2757;0,4228;0,2343;0,1064;0,2734;0,947;0,8066;0,7066;0,7827;0,1857;0,3564;0,7651;0,4314;0,2474;0,3398;0,5726;0,049;0,4652
,59,60,60,64,65,65,65,65,66,66,66,66,66,66,66,67,67,67,67,67,67,67,68,68,68
Fitness 43,76807, Gen ;0,7145;0,2983;0,3958;0,2757;0,4228;0,2343;0,1064;0,2734;0,947;0,8066;0,7066;0,7827;0,1857;0,3564;0,7651;0,4314;0,2474;0,3398;0,5726;0,049;0,4652
,74,74,74,78,78,78,78,78,78,78,78,79,79,79,79,79,79,79,79,79,80,80,80,80,118
Fitness 22,69736, Gen ;0,7145;0,2983;0,3958;0,2757;0,4228;0,2343;0,1064;0,2734;0,947;0,8066;0,7066;0,7827;0,1857;0,3564;0,7651;0,4314;0,2474;0,3398;0,5726;0,049;0,4652
,148,149,149,176,176,176,177,177,177,177,177,178,178,178,178,178,178,178,178,178,178,178,178,178
Fitness 52,8885, Gen ;0,7145;0,2983;0,3958;0,2757;0,4228;0,2343;0,1064;0,2734;0,947;0,8066;0,7066;0,7827;0,1857;0,3564;0,7651;0,4314;0,2474;0,3398;0,5726;0,049;0,4652
,93,124,124,125,125,125,125,126,126,126,127,127,128,128,128,129,129,129,130
Fitness 24,06576, Gen ;0,7145;0,2983;0,3958;0,2757;0,4228;0,2343;0,1064;0,2734;0,947;0,8066;0,7066;0,7827;0,1857;0,3564;0,7651;0,4314;0,2474;0,3398;0,5726;0,049;0,4652
,85,85,85,85,85,85,86,86,86,86,86,86,86,86,86,86,86,86,87,87,87,87,87,87,87
Fitness 0,0007687666, Gen ;0,7145;0,2983;0,3958;0,2757;0,4228;0,2343;0,1064;0,2734;0,947;0,8066;0,7066;0,7827;0,1857;0,3564;0,7651;0,4314;0,2474;0,3398;0,5726;0,049;0,4652
,69,70,70,70,70,70,70,70,71,71,71,71,71,71,71,71,71,71,72,72,72,72,72,72,72
Fitness 0,000463114, Gen ;0,7145;0,2983;0,3958;0,2757;0,4228;0,2343;0,1064;0,2734;0,947;0,8066;0,7066;0,7827;0,1857;0,3564;0,7651;0,4314;0,2474;0,3398;0,5726;0,049;0,4652
,66,66,66,66,70,71,71,71,71,71,71,71,71,71,72,72,72,72,72,72,72,72,72,73,73
Fitness 36,51184, Gen ;0,7145;0,2983;0,3958;0,2757;0,4228;0,2343;0,1064;0,2734;0,947;0,8066;0,7066;0,7827;0,1857;0,3564;0,7651;0,4314;0,2474;0,3398;0,5726;0,049;0,4652
,79,79,79,79,79,79,79,79,80,80,80,80,80,80,80,80,80,80,80,81,81,81,81,89,161
Fitness 48,49138, Gen ;0,7145;0,2983;0,3958;0,2757;0,4228;0,2343;0,1064;0,2734;0,947;0,8066;0,7066;0,7827;0,1857;0,3564;0,7651;0,4314;0,2474;0,3398;0,5726;0,049;0,4652
,129,130,130,130,130,130,131,131,131,131,131,131,131,131,132,132,142,142,143,146,148,149,149,149,149
Fitness 48,26317, Gen ;0,7145;0,2983;0,3958;0,2757;0,4228;0,2343;0,1064;0,2734;0,947;0,8066;0,7066;0,7827;0,1857;0,3564;0,7651;0,4314;0,2474;0,3398;0,5726;0,049;0,4652
,105,105,105,105,106,106,106,106,106,106,106,106,106,106,106,106,107,107,107,107,107,107,107,107,108
Fitness 10,03627, Gen ;0,7145;0,2983;0,3958;0,2757;0,4228;0,2343;0,1064;0,2734;0,947;0,8066;0,7066;0,7827;0,1857;0,3564;0,7651;0,4314;0,2474;0,3398;0,5726;0,049;0,4652
,59,60,60,60,60,60,60,61,61,61,61,61,61,61,61,61,61,62,62,62,62,62,62,62,62
Fitness 8,623169, Gen ;0,7145;0,2983;0,3958;0,2757;0,4228;0,2343;0,1064;0,2734;0,947;0,8066;0,7066;0,7827;0,1857;0,3564;0,7651;0,4314;0,2474;0,3398;0,5726;0,049;0,4652
,154,154,154,155,155,155,155,156,156,156,156,156,156,157,158,158,159,159,159,161,162,169,169,170,170
Fitness 23,8624, Gen ;0,7145;0,2983;0,3958;0,2757;0,4228;0,2343;0,1064;0,2734;0,947;0,8066;0,7066;0,7827;0,1857;0,3564;0,7651;0,4314;0,2474;0,3398;0,5726;0,049;0,4652
,95,95,95,95,95,95,96,96,96,96,96,96,96,96,96,96,96,96,96,97,97,97,97,102,103
Fitness 57,52085, Gen ;0,7145;0,2983;0,3958;0,2757;0,4228;0,2343;0,1064;0,2734;0,947;0,8066;0,7066;0,7827;0,1857;0,3564;0,7651;0,4314;0,2474;0,3398;0,5726;0,049;0,4652
,77,77,77,77,77,77,78,78,78,78,78,78,78,78,78,79,79,79,79,79,79,79,79,79,113
Fitness 4,011641, Gen ;0,7145;0,2983;0,3958;0,2757;0,4228;0,2343;0,1064;0,2734;0,947;0,8066;0,7066;0,7827;0,1857;0,3564;0,7651;0,4314;0,2474;0,3398;0,5726;0,049;0,4652
,67,67,69,69,69,69,69,70,70,70,70,71,72,72,72,73,73,73,73,74,74,74,75,75,75
Fitness 27,51204, Gen ;0,7145;0,2983;0,3958;0,2757;0,4228;0,2343;0,1064;0,2734;0,947;0,8066;0,7066;0,7827;0,1857;0,3564;0,7651;0,4314;0,2474;0,3398;0,5726;0,049;0,4652
,67,68,68,68,68,68,69,69,69,69,69,69,69,69,69,69,69,69,70,70,70,70,70,70,91
Fitness 26,36547, Gen ;0,7145;0,2983;0,3958;0,2757;0,4228;0,2343;0,1064;0,2734;0,947;0,8066;0,7066;0,7827;0,1857;0,3564;0,7651;0,4314;0,2474;0,3398;0,5726;0,049;0,4652
,87,87,87,87,87,87,88,88,88,88,88,88,88,88,88,88,88,89,89,89,89,89,89,89,89
Fitness 46,83974, Gen ;0,7145;0,2983;0,3958;0,2757;0,4228;0,2343;0,1064;0,2734;0,947;0,8066;0,7066;0,7827;0,1857;0,3564;0,7651;0,4314;0,2474;0,3398;0,5726;0,049;0,4652
,89,89,89,90,90,90,90,90,90,90,91,91,91,91,91,91,91,91,92,92,92,92,92,92,93
Fitness 38,69152, Gen ;0,7145;0,2983;0,3958;0,2757;0,4228;0,2343;0,1064;0,2734;0,947;0,8066;0,7066;0,7827;0,1857;0,3564;0,7651;0,4314;0,2474;0,3398;0,5726;0,049;0,4652
,106,106,106,107,107,107,107,107,107,107,107,107,107,108,108,108,108,108,108,108,108,108,108,108,109
Fitness 35,08536, Gen ;0,7145;0,2983;0,3958;0,2757;0,4228;0,2343;0,1064;0,2734;0,947;0,8066;0,7066;0,7827;0,1857;0,3564;0,7651;0,4314;0,2474;0,3398;0,5726;0,049;0,4652
,60,60,61,61,61,61,61,61,61,62,62,62,62,62,62,62,62,62,62,62,63,63,63,63,63
Fitness 32,89997, Gen ;0,7145;0,2983;0,3958;0,2757;0,4228;0,2343;0,1064;0,2734;0,947;0,8066;0,7066;0,7827;0,1857;0,3564;0,7651;0,4314;0,2474;0,3398;0,5726;0,049;0,4652
,87,87,88,88,88,88,95,95,96,96,96,96,96,96,96,96,96,96,97,97,97,97,97,97,97
Fitness 23,29459, Gen ;0,7145;0,2983;0,3958;0,2757;0,4228;0,2343;0,1064;0,2734;0,947;0,8066;0,7066;0,7827;0,1857;0,3564;0,7651;0,4314;0,2474;0,3398;0,5726;0,049;0,4652
,74,75,75,75,75,76,76,76,76,76,76,76,76,76,76,76,76,77,77,77,77,77,77,77,78
Fitness 56,88069, Gen ;0,7145;0,2983;0,3958;0,2757;0,4228;0,2343;0,1064;0,2734;0,947;0,8066;0,7066;0,7827;0,1857;0,3564;0,7651;0,4314;0,2474;0,3398;0,5726;0,049;0,4652
,82,82,83,83,83,83,83,83,83,83,83,83,84,84,84,84,84,84,84,84,85,85,85,85,85
Fitness 30,16562, Gen ;0,7145;0,2983;0,3958;0,2757;0,4228;0,2343;0,1064;0,2734;0,947;0,8066;0,7066;0,7827;0,1857;0,3564;0,7651;0,4314;0,2474;0,3398;0,5726;0,049;0,4652
,123,124,124,124,124,125,125,125,125,125,125,125,125,125,125,126,126,126,126,126,137,143,143
Fitness 44,09289, Gen ;0,7145;0,2983;0,3958;0,2757;0,4228;0,2343;0,1064;0,2734;0,947;0,8066;0,7066;0,7827;0,1857;0,3564;0,7651;0,4314;0,2474;0,3398;0,5726;0,049;0,4652
,82,82,82,82,82,83,83,83,83,83,83,83,83,83,83,83,84,84,84,84,84,84,84,85,105
Fitness 38,15749, Gen ;0,7145;0,2983;0,3958;0,2757;0,4228;0,2343;0,1064;0,2734;0,947;0,8066;0,7066;0,7827;0,1857;0,3564;0,7651;0,4314;0,2474;0,3398;0,5726;0,049;0,4652
,103,119,120,120,120,120,120,120,120,120,121,121,121,121,121,121,121,121,121,122,122,122,122,122,122
Fitness 0,001627677, Gen ;0,7145;0,2983;0,3958;0,2757;0,4228;0,2343;0,1064;0,2734;0,947;0,8066;0,7066;0,7827;0,1857;0,3564;0,7651;0,4314;0,2474;0,3398;0,5726;0,049;0,4652
,104,105,105,106,106,106,106,107,107,107,107,107,108,109,110,110,110,110,110,114,115,115,116,116
Fitness 29,02729, Gen ;0,7145;0,2983;0,3958;0,2757;0,4228;0,2343;0,1064;0,2734;0,947;0,8066;0,7066;0,7827;0,1857;0,3564;0,7651;0,4314;0,2474;0,3398;0,5726;0,049;0,4652
,80,80,81,81,81,81,81,81,81,81,82,82,82,82,82,82,82,82,82,82,82,82,83,83,83
Fitness 16,98362, Gen ;0,7145;0,2983;0,3958;0,2757;0,4228;0,2343;0,1064;0,2734;0,947;0,8066;0,7066;0,7827;0,1857;0,3564;0,7651;0,4314;0,2474;0,3398;0,5726;0,049;0,4652
,64,71,71,71,71,71,72,72,72,72,72,72,72,72,72,72,72,73,73,73,73,73,73,73,74
Fitness 0,001740092, Gen ;0,7145;0,2983;0,3958;0,2757;0,4228;0,2343;0,1064;0,2734;0,947;0,8066;0,7066;0,7827;0,1857;0,3564;0,7651;0,4314;0,2474;0,3398;0,5726;0,049;0,4652
,135,135,136,145,145,145,145,146,146,146,146,146,146,146,146,146,146,146,147,147,147,147,148,149,149
Fitness 39,6592, Gen ;0,7145;0,2983;0,3958;0,2757;0,4228;0,2343;0,1064;0,2734;0,947;0,8066;0,7066;0,7827;0,1857;0,3564;0,7651;0,4314;0,2474;0,3398;0,5726;0,049;0,4652
,68,68,69,69,69,70,70,70,70,70,70,70,71,71,71,71,72,72,72,72,73,74,76,76,82
Fitness 47,45424, Gen ;0,7145;0,2983;0,3958;0,2757;0,4228;0,2343;0,1064;0,2734;0,947;0,8066;0,7066;0,7827;0,1857;0,3564;0,7651;0,4314;0,2474;0,3398;0,5726;0,049;0,4652
,89,89,89,89,90,90,90,90,90,90,90,90,90,90,91,91,91,91,91,91,91,91,91,91,92
Fitness 7,920616, Gen ;0,7145;0,2983;0,3958;0,2757;0,4228;0,2343;0,1064;0,2734;0,947;0,8066;0,7066;0,7827;0,1857;0,3564;0,7651;0,4314;0,2474;0,3398;0,5726;0,049;0,4652
,73,74,74,74,75,75,75,75,75,75,75,75,75,75,75,75,75,76,76,76,76,76,76,76,76
Fitness 42,81551, Gen ;0,7145;0,2983;0,3958;0,2757;0,4228;0,2343;0,1064;0,2734;0,947;0,8066;0,7066;0,7827;0,1857;0,3564;0,7651;0,4314;0,2474;0,3398;0,5726;0,049;0,4652
,93,94,94,94,94,95,95,95,95,95,95,95,95,95,95,96,96,96,96,96,96,96,102,103,104
Fitness 33,5574, Gen ;0,7145;0,2983;0,3958;0,2757;0,4228;0,2343;0,1064;0,2734;0,947;0,8066;0,7066;0,7827;0,1857;0,3564;0,7651;0,4314;0,2474;0,3398;0,5726;0,049;0,4652
,85,86,86,86,86,86,87,87,87,87,87,87,87,87,87,87,88,88,88,88,88,88,88,89,89
Fitness 44,94881, Gen ;0,7145;0,2983;0,3958;0,2757;0,4228;0,2343;0,1064;0,2734;0,947;0,8066;0,7066;0,7827;0,1857;0,3564;0,7651;0,4314;0,2474;0,3398;0,5726;0,049;0,4652
,156,164,164,164,164,164,165,165,165,165,165,166,166,166,166,167,167,168,169,173,176,179,196,234
Fitness 27,17156, Gen ;0,7145;0,2983;0,3958;0,2757;0,4228;0,2343;0,1064;0,2734;0,947;0,8066;0,7066;0,7827;0,1857;0,3564;0,7651;0,4314;0,2474;0,3398;0,5726;0,049;0,4652
,61,84,85,85,85,85,85,85,85,86,86,86,86,86,86,86,86,87,87,87,87,87,94,94,95
Fitness 35,576, Gen ;0,7145;0,2983;0,3958;0,2757;0,4228;0,2343;0,1064;0,2734;0,947;0,8066;0,7066;0,7827;0,1857;0,3564;0,7651;0,4314;0,2474;0,3398;0,5726;0,049;0,4652
,91,91,91,92,92,92,92,92,92,92,92,93,93,93,93,93,93,93,93,93,93,93,94,94,94
Fitness 0,002635418, Gen ;0,7145;0,2983;0,3958;0,2757;0,4228;0,2343;0,1064;0,2734;0,947;0,8066;0,7066;0,7827;0,1857;0,3564;0,7651;0,4314;0,2474;0,3398;0,5726;0,049;0,4652
,70,70,70,70,71,71,71,71,71,71,71,71,71,72,72,72,72,72,72,72,80,80,80,80,109
Fitness 33,20489, Gen ;0,7145;0,2983;0,3958;0,2757;0,4228;0,2343;0,1064;0,2734;0,947;0,8066;0,7066;0,7827;0,1857;0,3564;0,7651;0,4314;0,2474;0,3398;0,5726;0,049;0,4652
,90,90,90,90,91,91,91,91,91,91,91,91,92,92,92,92,92,92,92,92,92,92,93,93,93
Fitness 32,08468, Gen ;0,7145;0,2983;0,3958;0,2757;0,4228;0,2343;0,1064;0,2734;0,947;0,8066;0,7066;0,7827;0,1857;0,3564;0,7651;0,4314;0,2474;0,3398;0,5726;0,049;0,4652
,89,89,89,89,95,96,96,96,97,97,97,97,97,97,98,98,98,98,98,98,99,99,101,101,102
Fitness 29,02907, Gen ;0,7145;0,2983;0,3958;0,2757;0,4228;0,2343;0,1064;0,2734;0,947;0,8066;0,7066;0,7827;0,1857;0,3564;0,7651;0,4314;0,2474;0,3398;0,5726;0,049;0,4652
,166,167,167,167,167,168,168,168,168,168,168,168,168,168,168,169,169,169,169,169,170,170,170,181,181
Fitness 32,82322, Gen ;0,7145;0,2983;0,3958;0,2757;0,4228;0,2343;0,1064;0,2734;0,947;0,8066;0,7066;0,7827;0,1857;0,3564;0,7651;0,4314;0,2474;0,3398;0,5726;0,049;0,4652
,91,94,94,94,94,94,94,94,94,94,95,95,95,95,95,95,95,95,95,95,95,96,96,96,96
Fitness 27,91036, Gen ;0,7145;0,2983;0,3958;0,2757;0,4228;0,2343;0,1064;0,2734;0,947;0,8066;0,7066;0,7827;0,1857;0,3564;0,7651;0,4314;0,2474;0,3398;0,5726;0,049;0,4652
,69,70,70,70,70,70,70,70,70,71,71,71,71,71,71,71,71,71,71,72,72,72,72,72,107
Fitness 2,529497, Gen ;0,7145;0,2983;0,3958;0,2757;0,4228;0,2343;0,1064;0,2734;0,947;0,8066;0,7066;0,7827;0,1857;0,3564;0,7651;0,4314;0,2474;0,3398;0,5726;0,049;0,4652
,141,142,150,150,151,151,151,151,152,152,152,152,152,152,152,153,153,153,153,153,153,154,154,155,155
Fitness 30,58046, Gen ;0,7145;0,2983;0,3958;0,2757;0,4228;0,2343;0,1064;0,2734;0,947;0,8066;0,7066;0,7827;0,1857;0,3564;0,7651;0,4314;0,2474;0,3398;0,5726;0,049;0,4652
,78,78,78,79,79,79,79,79,79,79,79,80,80,80,80,80,80,80,80,80,80,80,100,100,101
Fitness 30,32218, Gen ;0,7145;0,2983;0,3958;0,2757;0,4228;0,2343;0,1064;0,2734;0,947;0,8066;0,7066;0,7827;0,1857;0,3564;0,7651;0,4314;0,2474;0,3398;0,5726;0,049;0,4652
,75,76,76,76,76,76,76,76,76,76,76,77,77,77,77,77,77,77,77,77,77,78,78,78,78
Fitness 6,488547, Gen ;0,7145;0,2983;0,3958;0,2757;0,4228;0,2343;0,1064;0,2734;0,947;0,8066;0,7066;0,7827;0,1857;0,3564;0,7651;0,4314;0,2474;0,3398;0,5726;0,049;0,4652
,83,84,84,84,84,84,84,84,84,85,85,85,85,85,85,85,85,86,86,86,86,86,86,86,86
Fitness 31,07438, Gen ;0,7145;0,2983;0,3958;0,2757;0,4228;0,2343;0,1064;0,2734;0,947;0,8066;0,7066;0,7827;0,1857;0,3564;0,7651;0,4314;0,2474;0,3398;0,5726;0,049;0,4652
,125,125,125,125,127,128,128,128,128,128,129,129,129,129,129,129,129,129,130,130,130,130,130,172,172
Fitness 43,53885, Gen ;0,7145;0,2983;0,3958;0,2757;0,4228;0,2343;0,1064;0,2734;0,947;0,8066;0,7066;0,7827;0,1857;0,3564;0,7651;0,4314;0,2474;0,3398;0,5726;0,049;0,4652
,91,91,91,91,91,92,92,92,92,92,92,92,92,92,92,92,93,93,93,93,93,93,94,94,94
Fitness 37,28904, Gen ;0,7145;0,2983;0,3958;0,2757;0,4228;0,2343;0,1064;0,2734;0,947;0,8066;0,7066;0,7827;0,1857;0,3564;0,7651;0,4314;0,2474;0,3398;0,5726;0,049;0,4652
,90,90,91,93,94,94,94,94,94,94,95,95,95,95,95,96,96,96,96,97,97,97,99,100,134
Fitness 5,086147, Gen ;0,7145;0,2983;0,3958;0,2757;0,4228;0,2343;0,1064;0,2734;0,947;0,8066;0,7066;0,7827;0,1857;0,3564;0,7651;0,4314;0,2474;0,3398;0,5726;0,049;0,4652
,72,72,72,72,72,73,73,73,73,73,73,73,73,73,73,73,73,73,73,73,74,74,74,74,101
Fitness 32,15594, Gen ;0,7145;0,2983;0,3958;0,2757;0,4228;0,2343;0,1064;0,2734;0,947;0,8066;0,7066;0,7827;0,1857;0,3564;0,7651;0,4314;0,2474;0,3398;0,5726;0,049;0,4652
,58,58,58,58,59,59,59,59,59,59,59,59,59,59,59,60,60,60,60,60,60,60,60,60,61
Fitness 16,46919, Gen ;0,7145;0,2983;0,3958;0,2757;0,4228;0,2343;0,1064;0,2734;0,947;0,8066;0,7066;0,7827;0,1857;0,3564;0,7651;0,4314;0,2474;0,3398;0,5726;0,049;0,4652
,84,84,84,84,84,84,84,84,92,92,93,93,93,93,93,93,93,93,94,94,94,94,94,94,99
Fitness 32,46004, Gen ;0,7145;0,2983;0,3958;0,2757;0,4228;0,2343;0,1064;0,2734;0,947;0,8066;0,7066;0,7827;0,1857;0,3564;0,7651;0,4314;0,2474;0,3398;0,5726;0,049;0,4652
,73,77,77,77,77,77,78,78,78,78,78,78,78,78,78,79,79,79,79,79,79,79,79,80,80
Fitness 59,29831, Gen ;0,7145;0,2983;0,3958;0,2757;0,4228;0,2343;0,1064;0,2734;0,947;0,8066;0,7066;0,7827;0,1857;0,3564;0,7651;0,4314;0,2474;0,3398;0,5726;0,049;0,4652
,86,86,86,87,87,87,87,87,87,87,87,88,88,88,88,88,88,88,88,88,89,89,89,89,120
Fitness 30,08455, Gen ;0,7145;0,2983;0,3958;0,2757;0,4228;0,2343;0,1064;0,2734;0,947;0,8066;0,7066;0,7827;0,1857;0,3564;0,7651;0,4314;0,2474;0,3398;0,5726;0,049;0,4652
,64,65,69,70,70,70,70,70,70,70,70,70,71,71,71,71,71,71,71,71,72,72,72,72,72
Fitness 42,28355, Gen ;0,7145;0,2983;0,3958;0,2757;0,4228;0,2343;0,1064;0,2734;0,947;0,8066;0,7066;0,7827;0,1857;0,3564;0,7651;0,4314;0,2474;0,3398;0,5726;0,049;0,4652
,71,71,71,72,72,72,72,72,72,72,72,73,73,73,73,73,73,73,73,73,73,73,73,74,82
Fitness 22,19065, Gen ;0,7145;0,2983;0,3958;0,2757;0,4228;0,2343;0,1064;0,2734;0,947;0,8066;0,7066;0,7827;0,1857;0,3564;0,7651;0,4314;0,2474;0,3398;0,5726;0,049;0,4652
,79,79,80,80,80,80,80,80,80,80,80,80,81,81,81,81,81,81,81,81,81,81,81,82,82
Fitness 48,79464, Gen ;0,7145;0,2983;0,3958;0,2757;0,4228;0,2343;0,1064;0,2734;0,947;0,8066;0,7066;0,7827;0,1857;0,3564;0,7651;0,4314;0,2474;0,3398;0,5726;0,049;0,4652
,70,70,71,74,75,75,75,75,75,75,75,75,75,76,76,76,76,76,76,76,76,76,76,77,77
Fitness 42,36261, Gen ;0,7145;0,2983;0,3958;0,2757;0,4228;0,2343;0,1064;0,2734;0,947;0,8066;0,7066;0,7827;0,1857;0,3564;0,7651;0,4314;0,2474;0,3398;0,5726;0,049;0,4652
,91,92,92,92,92,93,93,93,93,93,93,93,93,93,93,94,94,94,94,94,94,94,94,95,95
Fitness 40,71682, Gen ;0,7145;0,2983;0,3958;0,2757;0,4228;0,2343;0,1064;0,2734;0,947;0,8066;0,7066;0,7827;0,1857;0,3564;0,7651;0,4314;0,2474;0,3398;0,5726;0,049;0,4652
,82,83,83,83,83,83,84,84,84,84,84,84,84,84,84,85,85,85,85,85,85,85,93,93,94
Fitness 44,8614, Gen ;0,7145;0,2983;0,3958;0,2757;0,4228;0,2343;0,1064;0,2734;0,947;0,8066;0,7066;0,7827;0,1857;0,3564;0,7651;0,4314;0,2474;0,3398;0,5726;0,049;0,4652
,73,73,73,73,73,73,74,74,74,74,74,74,74,74,74,74,74,74,75,75,75,75,103,104,104
Fitness 31,62199, Gen ;0,7145;0,2983;0,3958;0,2757;0,4228;0,2343;0,1064;0,2734;0,947;0,8066;0,7066;0,7827;0,1857;0,3564;0,7651;0,4314;0,2474;0,3398;0,5726;0,049;0,4652
,113,113,113,113,113,113,113,114,114,114,114,114,114,114,114,114,114,115,115,115,115,115,115,115,133
Fitness 33,8122, Gen ;0,7145;0,2983;0,3958;0,2757;0,4228;0,2343;0,1064;0,2734;0,947;0,8066;0,7066;0,7827;0,1857;0,3564;0,7651;0,4314;0,2474;0,3398;0,5726;0,049;0,4652
,65,65,65,66,66,66,66,66,66,66,66,66,66,66,67,67,67,67,67,67,67,67,67,68,68
Fitness 30,52808, Gen ;0,7145;0,2983;0,3958;0,2757;0,4228;0,2343;0,1064;0,2734;0,947;0,8066;0,7066;0,7827;0,1857;0,3564;0,7651;0,4314;0,2474;0,3398;0,5726;0,049;0,4652
,79,79,80,80,80,80,80,80,80,81,81,81,81,81,81,81,81,81,81,81,81,82,82,82,82
Fitness 14,49542, Gen ;0,7145;0,2983;0,3958;0,2757;0,4228;0,2343;0,1064;0,2734;0,947;0,8066;0,7066;0,7827;0,1857;0,3564;0,7651;0,4314;0,2474;0,3398;0,5726;0,049;0,4652
,101,101,101,101,101,102,102,102,102,102,102,102,102,102,103,103,103,103,103,103,103,103,103,104,104
Fitness 52,48426, Gen ;0,7145;0,2983;0,3958;0,2757;0,4228;0,2343;0,1064;0,2734;0,947;0,8066;0,7066;0,7827;0,1857;0,3564;0,7651;0,4314;0,2474;0,3398;0,5726;0,049;0,4652
,85,85,85,90,90,90,90,91,91,91,91,91,91,91,91,91,91,92,92,92,92,92,92,92,92
Fitness 40,56266, Gen ;0,7145;0,2983;0,3958;0,2757;0,4228;0,2343;0,1064;0,2734;0,947;0,8066;0,7066;0,7827;0,1857;0,3564;0,7651;0,4314;0,2474;0,3398;0,5726;0,049;0,4652
,62,63,63,63,63,63,63,63,63,63,63,63,63,64,64,64,64,64,64,64,64,64,65,65,65
Fitness 25,99894, Gen ;0,7145;0,2983;0,3958;0,2757;0,4228;0,2343;0,1064;0,2734;0,947;0,8066;0,7066;0,7827;0,1857;0,3564;0,7651;0,4314;0,2474;0,3398;0,5726;0,049;0,4652
,78,79,79,79,79,79,79,80,80,80,80,80,80,80,80,80,80,80,80,81,81,81,81,81,81
Fitness 33,21239, Gen ;0,7145;0,2983;0,3958;0,2757;0,4228;0,2343;0,1064;0,2734;0,947;0,8066;0,7066;0,7827;0,1857;0,3564;0,7651;0,4314;0,2474;0,3398;0,5726;0,049;0,4652
,112,113,114,115,116,117,118,118,118,119,119,120,120,120,120,121,122,125,127,129,139
Fitness 55,23272, Gen ;0,7145;0,2983;0,3958;0,2757;0,4228;0,2343;0,1064;0,2734;0,947;0,8066;0,7066;0,7827;0,1857;0,3564;0,7651;0,4314;0,2474;0,3398;0,5726;0,049;0,4652
,146,150,151,151,151,151,151,151,151,152,152,152,152,152,152,152,152,152,152,153,153,153,153,153,153
Fitness 40,96957, Gen ;0,7145;0,2983;0,3958;0,2757;0,4228;0,2343;0,1064;0,2734;0,947;0,8066;0,7066;0,7827;0,1857;0,3564;0,7651;0,4314;0,2474;0,3398;0,5726;0,049;0,4652
,34,72,72,73,79,79,79,79,80,80,80,80,80,80,80,80,80,80,81,81,81,81,81,81,81
Fitness 0,001484224, Gen ;0,7145;0,2983;0,3958;0,2757;0,4228;0,2343;0,1064;0,2734;0,947;0,8066;0,7066;0,7827;0,1857;0,3564;0,7651;0,4314;0,2474;0,3398;0,5726;0,049;0,4652
,93,93,93,93,94,94,94,94,94,94,94,94,94,94,94,95,95,95,95,95,95,95,95,95,96
Fitness 6,779634, Gen ;0,7145;0,2983;0,3958;0,2757;0,4228;0,2343;0,1064;0,2734;0,947;0,8066;0,7066;0,7827;0,1857;0,3564;0,7651;0,4314;0,2474;0,3398;0,5726;0,049;0,4652
,104,104,104,104,105,105,105,105,105,105,105,105,105,105,105,105,105,106,106,106,106,106,106,106,132
Fitness 41,89177, Gen ;0,7145;0,2983;0,3958;0,2757;0,4228;0,2343;0,1064;0,2734;0,947;0,8066;0,7066;0,7827;0,1857;0,3564;0,7651;0,4314;0,2474;0,3398;0,5726;0,049;0,4652
,87,88,88,88,88,88,88,88,89,89,89,89,89,89,89,89,89,89,90,90,90,90,90,90,90
Fitness 30,94293, Gen ;0,7145;0,2983;0,3958;0,2757;0,4228;0,2343;0,1064;0,2734;0,947;0,8066;0,7066;0,7827;0,1857;0,3564;0,7651;0,4314;0,2474;0,3398;0,5726;0,049;0,4652
,127,135,135,136,136,136,136,136,136,136,136,137,137,137,137,137,137,137,137,137,138,138,138,138,138
Fitness 15,99524, Gen ;0,7145;0,2983;0,3958;0,2757;0,4228;0,2343;0,1064;0,2734;0,947;0,8066;0,7066;0,7827;0,1857;0,3564;0,7651;0,4314;0,2474;0,3398;0,5726;0,049;0,4652
,73,74,74,74,74,74,74,75,75,75,75,75,75,75,75,75,75,76,76,76,76,76,76,76,90
Fitness 34,5158, Gen ;0,7145;0,2983;0,3958;0,2757;0,4228;0,2343;0,1064;0,2734;0,947;0,8066;0,7066;0,7827;0,1857;0,3564;0,7651;0,4314;0,2474;0,3398;0,5726;0,049;0,4652
,96,97,97,97,97,97,97,98,98,98,98,98,98,98,98,98,99,99,99,99,99,99,99,99,99
Fitness 10,89593, Gen ;0,7145;0,2983;0,3958;0,2757;0,4228;0,2343;0,1064;0,2734;0,947;0,8066;0,7066;0,7827;0,1857;0,3564;0,7651;0,4314;0,2474;0,3398;0,5726;0,049;0,4652
,69,69,69,70,70,70,70,70,70,70,71,71,71,71,71,71,71,71,71,71,71,71,72,72,72
Fitness 37,66975, Gen ;0,7145;0,2983;0,3958;0,2757;0,4228;0,2343;0,1064;0,2734;0,947;0,8066;0,7066;0,7827;0,1857;0,3564;0,7651;0,4314;0,2474;0,3398;0,5726;0,049;0,4652
,63,64,64,65,66,66,66,66,66,66,66,66,66,67,67,67,67,67,67,67,67,68,68,68,69
Fitness 28,52019, Gen ;0,7145;0,2983;0,3958;0,2757;0,4228;0,2343;0,1064;0,2734;0,947;0,8066;0,7066;0,7827;0,1857;0,3564;0,7651;0,4314;0,2474;0,3398;0,5726;0,049;0,4652
,85,85,85,85,85,86,86,86,86,86,86,86,86,87,87,87,87,87,87,87,87,88,88,88,88
Fitness 48,73688, Gen ;0,7145;0,2983;0,3958;0,2757;0,4228;0,2343;0,1064;0,2734;0,947;0,8066;0,7066;0,7827;0,1857;0,3564;0,7651;0,4314;0,2474;0,3398;0,5726;0,049;0,4652

Fitness 52,01616, Gen ;0,7145;0,2983;0,3958;0,2757;0,4228;0,2343;0,1064;0,2734;0,947;0,8066;0,7066;0,7827;0,1857;0,3564;0,7651;0,4314;0,2474;0,3398;0,5726;0,049;0,4652
,54,54,54,55,55,55,55,55,55,55,55,55,55,55,56,56,56,56,56,56,56,56,57,95,95
Fitness 36,11271, Gen ;0,7145;0,2983;0,3958;0,2757;0,4228;0,2343;0,1064;0,2734;0,947;0,8066;0,7066;0,7827;0,1857;0,3564;0,7651;0,4314;0,2474;0,3398;0,5726;0,049;0,4652
,79,79,79,80,80,80,80,80,80,80,80,80,80,81,81,81,81,81,81,81,81,81,82,82
