	25Stroembom ovc
	1 AI1 ovcarjev
Fitness 0,05916196, Gen ;0,9093;0,6881;0,5022;0,4787;0,1059;0,0827;0,2897;0,2127;0,4841;0,9041;0,2543;0,4084;0,3446;0,8195;0,1576;0,8805;0,6332;0,3472;0,3516;0,7801;0,7074

Fitness 1,63726, Gen ;0,9093;0,6881;0,5022;0,4787;0,1059;0,0827;0,2897;0,2127;0,4841;0,9041;0,2543;0,4084;0,3446;0,8195;0,1576;0,8805;0,6332;0,3472;0,3516;0,7801;0,7074
,140,140,140,140,140,140,140,141,141,141,147,148,148,148,148,148,148,148,149,149,149,149,149,149,150
Fitness 6,702303, Gen ;0,9093;0,6881;0,5022;0,4787;0,1059;0,0827;0,2897;0,2127;0,4841;0,9041;0,2543;0,4084;0,3446;0,8195;0,1576;0,8805;0,6332;0,3472;0,3516;0,7801;0,7074

Fitness 0,0005776628, Gen ;0,9093;0,6881;0,5022;0,4787;0,1059;0,0827;0,2897;0,2127;0,4841;0,9041;0,2543;0,4084;0,3446;0,8195;0,1576;0,8805;0,6332;0,3472;0,3516;0,7801;0,7074

Fitness 1,149639, Gen ;0,9093;0,6881;0,5022;0,4787;0,1059;0,0827;0,2897;0,2127;0,4841;0,9041;0,2543;0,4084;0,3446;0,8195;0,1576;0,8805;0,6332;0,3472;0,3516;0,7801;0,7074

Fitness 0,000994486, Gen ;0,9093;0,6881;0,5022;0,4787;0,1059;0,0827;0,2897;0,2127;0,4841;0,9041;0,2543;0,4084;0,3446;0,8195;0,1576;0,8805;0,6332;0,3472;0,3516;0,7801;0,7074

Fitness 0,0005493363, Gen ;0,9093;0,6881;0,5022;0,4787;0,1059;0,0827;0,2897;0,2127;0,4841;0,9041;0,2543;0,4084;0,3446;0,8195;0,1576;0,8805;0,6332;0,3472;0,3516;0,7801;0,7074
,176,176,177,177,177,177,177,177,177,178,178,178,178,178,178,178,178,179,179
Fitness 0,0006479337, Gen ;0,9093;0,6881;0,5022;0,4787;0,1059;0,0827;0,2897;0,2127;0,4841;0,9041;0,2543;0,4084;0,3446;0,8195;0,1576;0,8805;0,6332;0,3472;0,3516;0,7801;0,7074

Fitness 0,0003601347, Gen ;0,9093;0,6881;0,5022;0,4787;0,1059;0,0827;0,2897;0,2127;0,4841;0,9041;0,2543;0,4084;0,3446;0,8195;0,1576;0,8805;0,6332;0,3472;0,3516;0,7801;0,7074

Fitness 0,000556345, Gen ;0,9093;0,6881;0,5022;0,4787;0,1059;0,0827;0,2897;0,2127;0,4841;0,9041;0,2543;0,4084;0,3446;0,8195;0,1576;0,8805;0,6332;0,3472;0,3516;0,7801;0,7074
,160,161,161,161,161,161,162,162,162,162,163,163,163,163,163,163,163,163,163,164,164,165,165
Fitness 0,0004882234, Gen ;0,9093;0,6881;0,5022;0,4787;0,1059;0,0827;0,2897;0,2127;0,4841;0,9041;0,2543;0,4084;0,3446;0,8195;0,1576;0,8805;0,6332;0,3472;0,3516;0,7801;0,7074
,143
Fitness 0,0005505286, Gen ;0,9093;0,6881;0,5022;0,4787;0,1059;0,0827;0,2897;0,2127;0,4841;0,9041;0,2543;0,4084;0,3446;0,8195;0,1576;0,8805;0,6332;0,3472;0,3516;0,7801;0,7074

Fitness 0,0002326416, Gen ;0,9093;0,6881;0,5022;0,4787;0,1059;0,0827;0,2897;0,2127;0,4841;0,9041;0,2543;0,4084;0,3446;0,8195;0,1576;0,8805;0,6332;0,3472;0,3516;0,7801;0,7074
,151,151,152,152,152,152,153,153,153,153,155,155,156,156,156,156,157,157,157,157,158,158,158,158,159
Fitness 0,0005176894, Gen ;0,9093;0,6881;0,5022;0,4787;0,1059;0,0827;0,2897;0,2127;0,4841;0,9041;0,2543;0,4084;0,3446;0,8195;0,1576;0,8805;0,6332;0,3472;0,3516;0,7801;0,7074

Fitness 0,0005611331, Gen ;0,9093;0,6881;0,5022;0,4787;0,1059;0,0827;0,2897;0,2127;0,4841;0,9041;0,2543;0,4084;0,3446;0,8195;0,1576;0,8805;0,6332;0,3472;0,3516;0,7801;0,7074

Fitness 0,4254357, Gen ;0,9093;0,6881;0,5022;0,4787;0,1059;0,0827;0,2897;0,2127;0,4841;0,9041;0,2543;0,4084;0,3446;0,8195;0,1576;0,8805;0,6332;0,3472;0,3516;0,7801;0,7074

Fitness 0,0005565397, Gen ;0,9093;0,6881;0,5022;0,4787;0,1059;0,0827;0,2897;0,2127;0,4841;0,9041;0,2543;0,4084;0,3446;0,8195;0,1576;0,8805;0,6332;0,3472;0,3516;0,7801;0,7074
,130,130,130,130,130,130,131,131,131,131,131,131,131,131,131,131,131,132,132,132,132,132,132,132,132
Fitness 0,0005168854, Gen ;0,9093;0,6881;0,5022;0,4787;0,1059;0,0827;0,2897;0,2127;0,4841;0,9041;0,2543;0,4084;0,3446;0,8195;0,1576;0,8805;0,6332;0,3472;0,3516;0,7801;0,7074

Fitness 0,0009494551, Gen ;0,9093;0,6881;0,5022;0,4787;0,1059;0,0827;0,2897;0,2127;0,4841;0,9041;0,2543;0,4084;0,3446;0,8195;0,1576;0,8805;0,6332;0,3472;0,3516;0,7801;0,7074

Fitness 3,888286, Gen ;0,9093;0,6881;0,5022;0,4787;0,1059;0,0827;0,2897;0,2127;0,4841;0,9041;0,2543;0,4084;0,3446;0,8195;0,1576;0,8805;0,6332;0,3472;0,3516;0,7801;0,7074

Fitness 0,0009895399, Gen ;0,9093;0,6881;0,5022;0,4787;0,1059;0,0827;0,2897;0,2127;0,4841;0,9041;0,2543;0,4084;0,3446;0,8195;0,1576;0,8805;0,6332;0,3472;0,3516;0,7801;0,7074

Fitness 0,0006704519, Gen ;0,9093;0,6881;0,5022;0,4787;0,1059;0,0827;0,2897;0,2127;0,4841;0,9041;0,2543;0,4084;0,3446;0,8195;0,1576;0,8805;0,6332;0,3472;0,3516;0,7801;0,7074
,157,158,158,158,158,158,159
Fitness 0,000373647, Gen ;0,9093;0,6881;0,5022;0,4787;0,1059;0,0827;0,2897;0,2127;0,4841;0,9041;0,2543;0,4084;0,3446;0,8195;0,1576;0,8805;0,6332;0,3472;0,3516;0,7801;0,7074
,162,162,162,162,162,162,162,163,163,172,173,173,173,173,173,173,173,174,174,174,174,174,174,175,175
Fitness 0,0005900749, Gen ;0,9093;0,6881;0,5022;0,4787;0,1059;0,0827;0,2897;0,2127;0,4841;0,9041;0,2543;0,4084;0,3446;0,8195;0,1576;0,8805;0,6332;0,3472;0,3516;0,7801;0,7074

Fitness 0,0007661445, Gen ;0,9093;0,6881;0,5022;0,4787;0,1059;0,0827;0,2897;0,2127;0,4841;0,9041;0,2543;0,4084;0,3446;0,8195;0,1576;0,8805;0,6332;0,3472;0,3516;0,7801;0,7074

Fitness 0,04742106, Gen ;0,9093;0,6881;0,5022;0,4787;0,1059;0,0827;0,2897;0,2127;0,4841;0,9041;0,2543;0,4084;0,3446;0,8195;0,1576;0,8805;0,6332;0,3472;0,3516;0,7801;0,7074
,166,167,167,167,167,167,167,167,167,167,168,168,168,168,168,168,168,168,168,168,169,169,169,169
Fitness 0,0006263764, Gen ;0,9093;0,6881;0,5022;0,4787;0,1059;0,0827;0,2897;0,2127;0,4841;0,9041;0,2543;0,4084;0,3446;0,8195;0,1576;0,8805;0,6332;0,3472;0,3516;0,7801;0,7074

Fitness 0,0007073989, Gen ;0,9093;0,6881;0,5022;0,4787;0,1059;0,0827;0,2897;0,2127;0,4841;0,9041;0,2543;0,4084;0,3446;0,8195;0,1576;0,8805;0,6332;0,3472;0,3516;0,7801;0,7074
,102,102,102,102,102,103,103,103,103,103,103,103,103,103,103,103,104,104,104,104,104,104,104,158,159
Fitness 0,0004724088, Gen ;0,9093;0,6881;0,5022;0,4787;0,1059;0,0827;0,2897;0,2127;0,4841;0,9041;0,2543;0,4084;0,3446;0,8195;0,1576;0,8805;0,6332;0,3472;0,3516;0,7801;0,7074
,163,163,164,164,164,164,164,164,164,165,165,179,179
Fitness 0,000506508, Gen ;0,9093;0,6881;0,5022;0,4787;0,1059;0,0827;0,2897;0,2127;0,4841;0,9041;0,2543;0,4084;0,3446;0,8195;0,1576;0,8805;0,6332;0,3472;0,3516;0,7801;0,7074
,164,165,165,165,165,165,165,165,165,166,166,179
Fitness 1,156941, Gen ;0,9093;0,6881;0,5022;0,4787;0,1059;0,0827;0,2897;0,2127;0,4841;0,9041;0,2543;0,4084;0,3446;0,8195;0,1576;0,8805;0,6332;0,3472;0,3516;0,7801;0,7074

Fitness 0,001204423, Gen ;0,9093;0,6881;0,5022;0,4787;0,1059;0,0827;0,2897;0,2127;0,4841;0,9041;0,2543;0,4084;0,3446;0,8195;0,1576;0,8805;0,6332;0,3472;0,3516;0,7801;0,7074

Fitness 0,0009686536, Gen ;0,9093;0,6881;0,5022;0,4787;0,1059;0,0827;0,2897;0,2127;0,4841;0,9041;0,2543;0,4084;0,3446;0,8195;0,1576;0,8805;0,6332;0,3472;0,3516;0,7801;0,7074

Fitness 0,0004284972, Gen ;0,9093;0,6881;0,5022;0,4787;0,1059;0,0827;0,2897;0,2127;0,4841;0,9041;0,2543;0,4084;0,3446;0,8195;0,1576;0,8805;0,6332;0,3472;0,3516;0,7801;0,7074
,171,171,171,172,172,172,173,174,174
Fitness 0,000744749, Gen ;0,9093;0,6881;0,5022;0,4787;0,1059;0,0827;0,2897;0,2127;0,4841;0,9041;0,2543;0,4084;0,3446;0,8195;0,1576;0,8805;0,6332;0,3472;0,3516;0,7801;0,7074

Fitness 0,0002970604, Gen ;0,9093;0,6881;0,5022;0,4787;0,1059;0,0827;0,2897;0,2127;0,4841;0,9041;0,2543;0,4084;0,3446;0,8195;0,1576;0,8805;0,6332;0,3472;0,3516;0,7801;0,7074

Fitness 0,0007288692, Gen ;0,9093;0,6881;0,5022;0,4787;0,1059;0,0827;0,2897;0,2127;0,4841;0,9041;0,2543;0,4084;0,3446;0,8195;0,1576;0,8805;0,6332;0,3472;0,3516;0,7801;0,7074

Fitness 0,0003807498, Gen ;0,9093;0,6881;0,5022;0,4787;0,1059;0,0827;0,2897;0,2127;0,4841;0,9041;0,2543;0,4084;0,3446;0,8195;0,1576;0,8805;0,6332;0,3472;0,3516;0,7801;0,7074

Fitness 0,0005920344, Gen ;0,9093;0,6881;0,5022;0,4787;0,1059;0,0827;0,2897;0,2127;0,4841;0,9041;0,2543;0,4084;0,3446;0,8195;0,1576;0,8805;0,6332;0,3472;0,3516;0,7801;0,7074
,132,133,133,133,133,134,134,134,134,134,134,134,135,135,135,135,135,135,135,136,136,136,138,139,139
Fitness 0,0004604684, Gen ;0,9093;0,6881;0,5022;0,4787;0,1059;0,0827;0,2897;0,2127;0,4841;0,9041;0,2543;0,4084;0,3446;0,8195;0,1576;0,8805;0,6332;0,3472;0,3516;0,7801;0,7074
,125
Fitness 0,0002804635, Gen ;0,9093;0,6881;0,5022;0,4787;0,1059;0,0827;0,2897;0,2127;0,4841;0,9041;0,2543;0,4084;0,3446;0,8195;0,1576;0,8805;0,6332;0,3472;0,3516;0,7801;0,7074
,176,176,176,176,177,177,177,177,177,177,178,178
Fitness 2,641135, Gen ;0,9093;0,6881;0,5022;0,4787;0,1059;0,0827;0,2897;0,2127;0,4841;0,9041;0,2543;0,4084;0,3446;0,8195;0,1576;0,8805;0,6332;0,3472;0,3516;0,7801;0,7074

Fitness 0,0006198446, Gen ;0,9093;0,6881;0,5022;0,4787;0,1059;0,0827;0,2897;0,2127;0,4841;0,9041;0,2543;0,4084;0,3446;0,8195;0,1576;0,8805;0,6332;0,3472;0,3516;0,7801;0,7074
,44
Fitness 0,0009327108, Gen ;0,9093;0,6881;0,5022;0,4787;0,1059;0,0827;0,2897;0,2127;0,4841;0,9041;0,2543;0,4084;0,3446;0,8195;0,1576;0,8805;0,6332;0,3472;0,3516;0,7801;0,7074
,157,157,158,158,158,158,158,158,158,158,158,158,159,159,159,159,159,159,159,159,159,160,160,160,160
Fitness 0,0005103982, Gen ;0,9093;0,6881;0,5022;0,4787;0,1059;0,0827;0,2897;0,2127;0,4841;0,9041;0,2543;0,4084;0,3446;0,8195;0,1576;0,8805;0,6332;0,3472;0,3516;0,7801;0,7074
,97,97,97,97,97,97,98,98,98,98,98,98,98,98,98,98,98,99,99,99,99,99,99,99
Fitness 0,0002292495, Gen ;0,9093;0,6881;0,5022;0,4787;0,1059;0,0827;0,2897;0,2127;0,4841;0,9041;0,2543;0,4084;0,3446;0,8195;0,1576;0,8805;0,6332;0,3472;0,3516;0,7801;0,7074

Fitness 0,3290941, Gen ;0,9093;0,6881;0,5022;0,4787;0,1059;0,0827;0,2897;0,2127;0,4841;0,9041;0,2543;0,4084;0,3446;0,8195;0,1576;0,8805;0,6332;0,3472;0,3516;0,7801;0,7074
,145,145,145,145,145,146,146,146,146,146,146,146,146,146,146,146,147,147,147,147,147,147
Fitness 0,0006567831, Gen ;0,9093;0,6881;0,5022;0,4787;0,1059;0,0827;0,2897;0,2127;0,4841;0,9041;0,2543;0,4084;0,3446;0,8195;0,1576;0,8805;0,6332;0,3472;0,3516;0,7801;0,7074
,29
Fitness 0,000662757, Gen ;0,9093;0,6881;0,5022;0,4787;0,1059;0,0827;0,2897;0,2127;0,4841;0,9041;0,2543;0,4084;0,3446;0,8195;0,1576;0,8805;0,6332;0,3472;0,3516;0,7801;0,7074

Fitness 0,0003946669, Gen ;0,9093;0,6881;0,5022;0,4787;0,1059;0,0827;0,2897;0,2127;0,4841;0,9041;0,2543;0,4084;0,3446;0,8195;0,1576;0,8805;0,6332;0,3472;0,3516;0,7801;0,7074

Fitness 0,0004611105, Gen ;0,9093;0,6881;0,5022;0,4787;0,1059;0,0827;0,2897;0,2127;0,4841;0,9041;0,2543;0,4084;0,3446;0,8195;0,1576;0,8805;0,6332;0,3472;0,3516;0,7801;0,7074
,177,177,177,177,177,177,177,178,178,178,179
Fitness 0,0004360869, Gen ;0,9093;0,6881;0,5022;0,4787;0,1059;0,0827;0,2897;0,2127;0,4841;0,9041;0,2543;0,4084;0,3446;0,8195;0,1576;0,8805;0,6332;0,3472;0,3516;0,7801;0,7074
,169,169,170,171,171,172,178,178
Fitness 0,0002962073, Gen ;0,9093;0,6881;0,5022;0,4787;0,1059;0,0827;0,2897;0,2127;0,4841;0,9041;0,2543;0,4084;0,3446;0,8195;0,1576;0,8805;0,6332;0,3472;0,3516;0,7801;0,7074
,36,157,157,157,157,157,158,158,158,159,159,160,160,161,161
Fitness 0,00123385, Gen ;0,9093;0,6881;0,5022;0,4787;0,1059;0,0827;0,2897;0,2127;0,4841;0,9041;0,2543;0,4084;0,3446;0,8195;0,1576;0,8805;0,6332;0,3472;0,3516;0,7801;0,7074
,125,126,126,126,126,126,126,126,126,126,126,126,127,127,127,127,127,127,127,127,127,127,128,128
Fitness 0,0009965206, Gen ;0,9093;0,6881;0,5022;0,4787;0,1059;0,0827;0,2897;0,2127;0,4841;0,9041;0,2543;0,4084;0,3446;0,8195;0,1576;0,8805;0,6332;0,3472;0,3516;0,7801;0,7074

Fitness 0,0007045103, Gen ;0,9093;0,6881;0,5022;0,4787;0,1059;0,0827;0,2897;0,2127;0,4841;0,9041;0,2543;0,4084;0,3446;0,8195;0,1576;0,8805;0,6332;0,3472;0,3516;0,7801;0,7074
,159,160,169,170,170,170,170,170,171,171,171,171,172,172,172,172,172,173,173,173,173
Fitness 0,0005100329, Gen ;0,9093;0,6881;0,5022;0,4787;0,1059;0,0827;0,2897;0,2127;0,4841;0,9041;0,2543;0,4084;0,3446;0,8195;0,1576;0,8805;0,6332;0,3472;0,3516;0,7801;0,7074
,58,170,170,171,171,171,171,171,171,172,172,172,172,172,172,172,172,172,172,173,173,173,173,173,174
Fitness 0,0004993707, Gen ;0,9093;0,6881;0,5022;0,4787;0,1059;0,0827;0,2897;0,2127;0,4841;0,9041;0,2543;0,4084;0,3446;0,8195;0,1576;0,8805;0,6332;0,3472;0,3516;0,7801;0,7074

Fitness 0,0003989337, Gen ;0,9093;0,6881;0,5022;0,4787;0,1059;0,0827;0,2897;0,2127;0,4841;0,9041;0,2543;0,4084;0,3446;0,8195;0,1576;0,8805;0,6332;0,3472;0,3516;0,7801;0,7074
,160,161,161,161,161,161,161,161,161,161,161,162,162,162,162,162,162,162,162,163,163,163,163,163,163
Fitness 0,05424135, Gen ;0,9093;0,6881;0,5022;0,4787;0,1059;0,0827;0,2897;0,2127;0,4841;0,9041;0,2543;0,4084;0,3446;0,8195;0,1576;0,8805;0,6332;0,3472;0,3516;0,7801;0,7074

Fitness 0,000377875, Gen ;0,9093;0,6881;0,5022;0,4787;0,1059;0,0827;0,2897;0,2127;0,4841;0,9041;0,2543;0,4084;0,3446;0,8195;0,1576;0,8805;0,6332;0,3472;0,3516;0,7801;0,7074
,35
Fitness 0,2090557, Gen ;0,9093;0,6881;0,5022;0,4787;0,1059;0,0827;0,2897;0,2127;0,4841;0,9041;0,2543;0,4084;0,3446;0,8195;0,1576;0,8805;0,6332;0,3472;0,3516;0,7801;0,7074

Fitness 0,0003947882, Gen ;0,9093;0,6881;0,5022;0,4787;0,1059;0,0827;0,2897;0,2127;0,4841;0,9041;0,2543;0,4084;0,3446;0,8195;0,1576;0,8805;0,6332;0,3472;0,3516;0,7801;0,7074
,152,152,153,153,153,153,153,154,154,154,154,155,155,170,171,172,172,172,173,173,174,174,176,178
Fitness 0,000824628, Gen ;0,9093;0,6881;0,5022;0,4787;0,1059;0,0827;0,2897;0,2127;0,4841;0,9041;0,2543;0,4084;0,3446;0,8195;0,1576;0,8805;0,6332;0,3472;0,3516;0,7801;0,7074

Fitness 0,0008624607, Gen ;0,9093;0,6881;0,5022;0,4787;0,1059;0,0827;0,2897;0,2127;0,4841;0,9041;0,2543;0,4084;0,3446;0,8195;0,1576;0,8805;0,6332;0,3472;0,3516;0,7801;0,7074

Fitness 0,001136274, Gen ;0,9093;0,6881;0,5022;0,4787;0,1059;0,0827;0,2897;0,2127;0,4841;0,9041;0,2543;0,4084;0,3446;0,8195;0,1576;0,8805;0,6332;0,3472;0,3516;0,7801;0,7074

Fitness 0,0005161118, Gen ;0,9093;0,6881;0,5022;0,4787;0,1059;0,0827;0,2897;0,2127;0,4841;0,9041;0,2543;0,4084;0,3446;0,8195;0,1576;0,8805;0,6332;0,3472;0,3516;0,7801;0,7074
,98,99,99,99,100,100,100,100,100,100,100,100,100,101,101,101,101,101,101,101,101,101,102,102,102
Fitness 0,0004069037, Gen ;0,9093;0,6881;0,5022;0,4787;0,1059;0,0827;0,2897;0,2127;0,4841;0,9041;0,2543;0,4084;0,3446;0,8195;0,1576;0,8805;0,6332;0,3472;0,3516;0,7801;0,7074

Fitness 0,0009066448, Gen ;0,9093;0,6881;0,5022;0,4787;0,1059;0,0827;0,2897;0,2127;0,4841;0,9041;0,2543;0,4084;0,3446;0,8195;0,1576;0,8805;0,6332;0,3472;0,3516;0,7801;0,7074
,106,106,106,107,107,107,107,107,107,108,109,109,109,110,110,110,110,110,110,110,110,110,111,111,111
Fitness 17,13477, Gen ;0,9093;0,6881;0,5022;0,4787;0,1059;0,0827;0,2897;0,2127;0,4841;0,9041;0,2543;0,4084;0,3446;0,8195;0,1576;0,8805;0,6332;0,3472;0,3516;0,7801;0,7074
,58,176,177,177,177,178,178,178,178,178,178,178,178,179,179,179,179,179,179,179,179
Fitness 0,0004468797, Gen ;0,9093;0,6881;0,5022;0,4787;0,1059;0,0827;0,2897;0,2127;0,4841;0,9041;0,2543;0,4084;0,3446;0,8195;0,1576;0,8805;0,6332;0,3472;0,3516;0,7801;0,7074
,151,151,151,151,152,152,152,152,152,152,152,155,156,156,156,156,156,156,157,157,157,157,158,158,158
Fitness 11,96189, Gen ;0,9093;0,6881;0,5022;0,4787;0,1059;0,0827;0,2897;0,2127;0,4841;0,9041;0,2543;0,4084;0,3446;0,8195;0,1576;0,8805;0,6332;0,3472;0,3516;0,7801;0,7074
,142,143,143,143,143,143,144,144,144,144,144,144,145,145,145,145,145,145,147,169,170,170,170,171,171
Fitness 0,001398326, Gen ;0,9093;0,6881;0,5022;0,4787;0,1059;0,0827;0,2897;0,2127;0,4841;0,9041;0,2543;0,4084;0,3446;0,8195;0,1576;0,8805;0,6332;0,3472;0,3516;0,7801;0,7074
,159,160,160,160,160,160,160,161,162,162,162,162,163,178,178,178,179,179,179,179
Fitness 0,4515269, Gen ;0,9093;0,6881;0,5022;0,4787;0,1059;0,0827;0,2897;0,2127;0,4841;0,9041;0,2543;0,4084;0,3446;0,8195;0,1576;0,8805;0,6332;0,3472;0,3516;0,7801;0,7074
,155,156,156,156,156,157,157,157,157,157,157,157,158,158,158,158,158,158,159,159
Fitness 0,1082618, Gen ;0,9093;0,6881;0,5022;0,4787;0,1059;0,0827;0,2897;0,2127;0,4841;0,9041;0,2543;0,4084;0,3446;0,8195;0,1576;0,8805;0,6332;0,3472;0,3516;0,7801;0,7074

Fitness 0,001066392, Gen ;0,9093;0,6881;0,5022;0,4787;0,1059;0,0827;0,2897;0,2127;0,4841;0,9041;0,2543;0,4084;0,3446;0,8195;0,1576;0,8805;0,6332;0,3472;0,3516;0,7801;0,7074

Fitness 0,000402241, Gen ;0,9093;0,6881;0,5022;0,4787;0,1059;0,0827;0,2897;0,2127;0,4841;0,9041;0,2543;0,4084;0,3446;0,8195;0,1576;0,8805;0,6332;0,3472;0,3516;0,7801;0,7074
,168,168,168,170,171,171,172,172,172,173,173
Fitness 0,0003349983, Gen ;0,9093;0,6881;0,5022;0,4787;0,1059;0,0827;0,2897;0,2127;0,4841;0,9041;0,2543;0,4084;0,3446;0,8195;0,1576;0,8805;0,6332;0,3472;0,3516;0,7801;0,7074

Fitness 0,0005173617, Gen ;0,9093;0,6881;0,5022;0,4787;0,1059;0,0827;0,2897;0,2127;0,4841;0,9041;0,2543;0,4084;0,3446;0,8195;0,1576;0,8805;0,6332;0,3472;0,3516;0,7801;0,7074
,51,91,91,91,92,92,92,92,92,92,92,92,92,92,93,93,93,93,93,94,94,94,95,95
Fitness 0,0007082867, Gen ;0,9093;0,6881;0,5022;0,4787;0,1059;0,0827;0,2897;0,2127;0,4841;0,9041;0,2543;0,4084;0,3446;0,8195;0,1576;0,8805;0,6332;0,3472;0,3516;0,7801;0,7074
,166,166,166,166,167,167,167,167,167,168,168,168,168,168
Fitness 0,001168119, Gen ;0,9093;0,6881;0,5022;0,4787;0,1059;0,0827;0,2897;0,2127;0,4841;0,9041;0,2543;0,4084;0,3446;0,8195;0,1576;0,8805;0,6332;0,3472;0,3516;0,7801;0,7074

Fitness 0,001105528, Gen ;0,9093;0,6881;0,5022;0,4787;0,1059;0,0827;0,2897;0,2127;0,4841;0,9041;0,2543;0,4084;0,3446;0,8195;0,1576;0,8805;0,6332;0,3472;0,3516;0,7801;0,7074
,157,158,158,158,158,158,158,158,159,159,159,159,159,159,159,159,159,159,160,160,160,160,160,160,160
Fitness 0,0007041624, Gen ;0,9093;0,6881;0,5022;0,4787;0,1059;0,0827;0,2897;0,2127;0,4841;0,9041;0,2543;0,4084;0,3446;0,8195;0,1576;0,8805;0,6332;0,3472;0,3516;0,7801;0,7074

Fitness 0,0008621329, Gen ;0,9093;0,6881;0,5022;0,4787;0,1059;0,0827;0,2897;0,2127;0,4841;0,9041;0,2543;0,4084;0,3446;0,8195;0,1576;0,8805;0,6332;0,3472;0,3516;0,7801;0,7074
,115,116,116,116,116,116,116,117,117,117,117,117,117,117,118,118,118,118,118,118,118,118,118,119,119
Fitness 0,3099035, Gen ;0,9093;0,6881;0,5022;0,4787;0,1059;0,0827;0,2897;0,2127;0,4841;0,9041;0,2543;0,4084;0,3446;0,8195;0,1576;0,8805;0,6332;0,3472;0,3516;0,7801;0,7074

Fitness 0,0004199715, Gen ;0,9093;0,6881;0,5022;0,4787;0,1059;0,0827;0,2897;0,2127;0,4841;0,9041;0,2543;0,4084;0,3446;0,8195;0,1576;0,8805;0,6332;0,3472;0,3516;0,7801;0,7074
,133,134,134,135,135,135,135,135,135,135,135,136,136,136,136,136,136,136,136,136,136,136,137,137,137
Fitness 8,401235, Gen ;0,9093;0,6881;0,5022;0,4787;0,1059;0,0827;0,2897;0,2127;0,4841;0,9041;0,2543;0,4084;0,3446;0,8195;0,1576;0,8805;0,6332;0,3472;0,3516;0,7801;0,7074

Fitness 0,0004051078, Gen ;0,9093;0,6881;0,5022;0,4787;0,1059;0,0827;0,2897;0,2127;0,4841;0,9041;0,2543;0,4084;0,3446;0,8195;0,1576;0,8805;0,6332;0,3472;0,3516;0,7801;0,7074
,144,144,145,145,145,145,145,145,145,146,146,146,146,146,146
Fitness 2,9117, Gen ;0,9093;0,6881;0,5022;0,4787;0,1059;0,0827;0,2897;0,2127;0,4841;0,9041;0,2543;0,4084;0,3446;0,8195;0,1576;0,8805;0,6332;0,3472;0,3516;0,7801;0,7074

Fitness 0,0004431217, Gen ;0,9093;0,6881;0,5022;0,4787;0,1059;0,0827;0,2897;0,2127;0,4841;0,9041;0,2543;0,4084;0,3446;0,8195;0,1576;0,8805;0,6332;0,3472;0,3516;0,7801;0,7074
,145,146,146,146,146,146,147,147,147,147,147,147,147,148,148,148,149,149,150
Fitness 0,0005861886, Gen ;0,9093;0,6881;0,5022;0,4787;0,1059;0,0827;0,2897;0,2127;0,4841;0,9041;0,2543;0,4084;0,3446;0,8195;0,1576;0,8805;0,6332;0,3472;0,3516;0,7801;0,7074

Fitness 0,0003511036, Gen ;0,9093;0,6881;0,5022;0,4787;0,1059;0,0827;0,2897;0,2127;0,4841;0,9041;0,2543;0,4084;0,3446;0,8195;0,1576;0,8805;0,6332;0,3472;0,3516;0,7801;0,7074
,73,155,155,155,156,156,156,156,156,156,156,156,156,156,157,157,157,157,157,157,157
Fitness 0,0005565957, Gen ;0,9093;0,6881;0,5022;0,4787;0,1059;0,0827;0,2897;0,2127;0,4841;0,9041;0,2543;0,4084;0,3446;0,8195;0,1576;0,8805;0,6332;0,3472;0,3516;0,7801;0,7074
,99,99,100,101,101,101,102,103,103,104,105,105,115,115,115,116,116,116,117
Fitness 0,0005158873, Gen ;0,9093;0,6881;0,5022;0,4787;0,1059;0,0827;0,2897;0,2127;0,4841;0,9041;0,2543;0,4084;0,3446;0,8195;0,1576;0,8805;0,6332;0,3472;0,3516;0,7801;0,7074
,142,143,143,143,143,143,143,143,143,144,144,144,144
Fitness 0,0003442517, Gen ;0,9093;0,6881;0,5022;0,4787;0,1059;0,0827;0,2897;0,2127;0,4841;0,9041;0,2543;0,4084;0,3446;0,8195;0,1576;0,8805;0,6332;0,3472;0,3516;0,7801;0,7074

Fitness 0,0004305357, Gen ;0,9093;0,6881;0,5022;0,4787;0,1059;0,0827;0,2897;0,2127;0,4841;0,9041;0,2543;0,4084;0,3446;0,8195;0,1576;0,8805;0,6332;0,3472;0,3516;0,7801;0,7074

Fitness 0,0006343646, Gen ;0,9093;0,6881;0,5022;0,4787;0,1059;0,0827;0,2897;0,2127;0,4841;0,9041;0,2543;0,4084;0,3446;0,8195;0,1576;0,8805;0,6332;0,3472;0,3516;0,7801;0,7074
,178,178,179,179,179,179,179,179,179,179,179
Fitness 0,0005592526, Gen ;0,9093;0,6881;0,5022;0,4787;0,1059;0,0827;0,2897;0,2127;0,4841;0,9041;0,2543;0,4084;0,3446;0,8195;0,1576;0,8805;0,6332;0,3472;0,3516;0,7801;0,7074

Fitness 0,0007263657, Gen ;0,9093;0,6881;0,5022;0,4787;0,1059;0,0827;0,2897;0,2127;0,4841;0,9041;0,2543;0,4084;0,3446;0,8195;0,1576;0,8805;0,6332;0,3472;0,3516;0,7801;0,7074

Fitness 0,0009283885, Gen ;0,9093;0,6881;0,5022;0,4787;0,1059;0,0827;0,2897;0,2127;0,4841;0,9041;0,2543;0,4084;0,3446;0,8195;0,1576;0,8805;0,6332;0,3472;0,3516;0,7801;0,7074
,156
