	100Stroembom ovc
	1 AI1 ovcarjev
Fitness 3,939867, Gen ;0,9347;0,2422;0,7533;0,3658;0,5662;0,8873;0,7134;0,3562;0,8793;0,5299;0,9321;0,5368;0,2571;0,2504;0,6559;0,7844;0,0638;0,4945;0,0911;0,3658;0,9334
,152,152,152,152,153,153,153,153,153,153,153,153,153,153,153,153,153,153,153,153,153,153,153,153,153,154,154,154,154,154,154,154,154,154,154,154,154,154,154,154,154,154,154,154,154,154,154,154,154,154,154,154,155,155,155,155,155,155,155,155,155,155,155,155,155,155,155,155,155,155,155,155,155,155,155,156,156,156,156,156,156,156,156,156,156,156,156,156,156,157,157,157,157,157,158,158,158,158,159,159
Fitness 4,508574, Gen ;0,9347;0,2422;0,7533;0,3658;0,5662;0,8873;0,7134;0,3562;0,8793;0,5299;0,9321;0,5368;0,2571;0,2504;0,6559;0,7844;0,0638;0,4945;0,0911;0,3658;0,9334
,141,141,141,141,142,142,142,142,142,142,142,142,142,142,142,142,142,142,142,142,142,142,142,142,142,142,142,142,142,143,143,143,143,143,143,143,143,143,143,143,143,143,143,143,143,143,143,143,143,143,143,143,143,143,143,144,144,144,144,144,144,144,144,144,144,144,144,144,144,144,144,144,144,144,144,145,145,145,145,145,145,145,145,145,145,146,146,146,146,146,146,146,146,146,147,147,147,147,147,148
Fitness 5,681489, Gen ;0,9347;0,2422;0,7533;0,3658;0,5662;0,8873;0,7134;0,3562;0,8793;0,5299;0,9321;0,5368;0,2571;0,2504;0,6559;0,7844;0,0638;0,4945;0,0911;0,3658;0,9334
,207,207,207,207,207,207,207,207,207,207,207,208,208,208,208,208,208,208,208,208,208,208,208,208,208,208,208,208,208,208,208,208,208,208,208,208,208,209,209,209,209,209,209,209,209,209,209,209,209,209,209,209,209,209,209,209,209,209,209,210,210,210,210,210,210,210,210,210,210,210,210,210,211,211,211,211,211,211,211,211,211,211,211,212,212,212
Fitness 5,697367, Gen ;0,9347;0,2422;0,7533;0,3658;0,5662;0,8873;0,7134;0,3562;0,8793;0,5299;0,9321;0,5368;0,2571;0,2504;0,6559;0,7844;0,0638;0,4945;0,0911;0,3658;0,9334
,144,145,145,145,145,145,146,146,146,146,146,146,147,147,147,147,147,147,147,148,148,148,148,148,148,148,149,149,150,151,226,227,227
Fitness 8,329399, Gen ;0,9347;0,2422;0,7533;0,3658;0,5662;0,8873;0,7134;0,3562;0,8793;0,5299;0,9321;0,5368;0,2571;0,2504;0,6559;0,7844;0,0638;0,4945;0,0911;0,3658;0,9334
,130,131,131,131,131,131,131,131,131,131,131,131,131,131,132,132,132,132,132,132,132,132,132,132,132,132,132,132,132,132,132,132,132,132,132,132,132,133,133,133,133,133,133,133,133,133,133,133,133,133,133,133,133,133,133,133,133,133,133,133,134,134,134,134,134,134,134,134,134,134,134,134,134,134,134,134,134,134,135,135,135,135,135,135,135,135,135,135,135,135,136,136,136,136,136,137,137,137,138,138
Fitness 0,0002821788, Gen ;0,9347;0,2422;0,7533;0,3658;0,5662;0,8873;0,7134;0,3562;0,8793;0,5299;0,9321;0,5368;0,2571;0,2504;0,6559;0,7844;0,0638;0,4945;0,0911;0,3658;0,9334
,228,228,228,228,228,228,228,228,228,228,228,228,228,228,228,228,228,228,229,229,229,229,229,229,229,229,229,229,229,229,229,229,229,229,229,230,230,230,230,230,230,230,230,230,230,230,230,230,230,230,230,230,230,230,230,230,231,231,231,231,231,231,231,231,231,231,231,231,232,232,232,232,232,233,233
Fitness 0,0004190263, Gen ;0,9347;0,2422;0,7533;0,3658;0,5662;0,8873;0,7134;0,3562;0,8793;0,5299;0,9321;0,5368;0,2571;0,2504;0,6559;0,7844;0,0638;0,4945;0,0911;0,3658;0,9334
,147,148,148,148,148,149,149,149,149,149,150,150,150,150,228,228,228,228,228,229,229,229,229,229,229,229,229,229,229,229,230,230,230,230,230,230,230,230,230,230,230,230,230,230,231,231,231,231,231,231,231,231,231,231,231,231,232,232,232,232,232,232,232,232,232,232,233,233,233,233,233,233,233,234,234,234,234,234,234,234,235,235,235,235,235,235,235,236,236,236,237,237,237,238
Fitness 11,30995, Gen ;0,9347;0,2422;0,7533;0,3658;0,5662;0,8873;0,7134;0,3562;0,8793;0,5299;0,9321;0,5368;0,2571;0,2504;0,6559;0,7844;0,0638;0,4945;0,0911;0,3658;0,9334

Fitness 0,0005469035, Gen ;0,9347;0,2422;0,7533;0,3658;0,5662;0,8873;0,7134;0,3562;0,8793;0,5299;0,9321;0,5368;0,2571;0,2504;0,6559;0,7844;0,0638;0,4945;0,0911;0,3658;0,9334
,186,186,186,186,186,186,186,186,186,186,186,186,187,187,187,187,187,187,187,187,187,187,187,187,187,187,187,187,187,187,187,187,187,187,188,188,188,188,188,188,188,188,188,188,188,188,188,188,188,188,188,189,189,189,189,189,189,189,189,189,189,189,189,189,189,189,190,190,190,190,190,190,190,190,190,190,191,191,191,191,191,191,191,191,191,191,191,192,192,192,192,192,192,193,193,193,193,194,194,194
Fitness 0,0004985403, Gen ;0,9347;0,2422;0,7533;0,3658;0,5662;0,8873;0,7134;0,3562;0,8793;0,5299;0,9321;0,5368;0,2571;0,2504;0,6559;0,7844;0,0638;0,4945;0,0911;0,3658;0,9334

Fitness 0,0002202644, Gen ;0,9347;0,2422;0,7533;0,3658;0,5662;0,8873;0,7134;0,3562;0,8793;0,5299;0,9321;0,5368;0,2571;0,2504;0,6559;0,7844;0,0638;0,4945;0,0911;0,3658;0,9334
,207,207,207,207,207,207,208,208,208,208,208,208,208,208,208,208,208,208,208,208,208,208,208,208,208,208,209,209,209,209,209,209,209,209,209,209,209,209,209,209,209,209,209,209,209,209,209,209,209,209,209,209,210,210,210,210,210,210,210,210,210,210,210,210,210,210,210,210,210,210,210,210,210,210,210,210,211,211,211,211,211,211,211,212,212,212,212
Fitness 1,101715, Gen ;0,9347;0,2422;0,7533;0,3658;0,5662;0,8873;0,7134;0,3562;0,8793;0,5299;0,9321;0,5368;0,2571;0,2504;0,6559;0,7844;0,0638;0,4945;0,0911;0,3658;0,9334
,153,153,153,153,154,154,154,154,154,154,154,154,154,154,154,154,154,154,154,154,154,154,154,154,155,155,155,155,155,155,155,155,155,155,155,155,155,155,155,155,155,155,155,155,155,155,155,155,155,155,155,155,155,156,156,156,156,156,156,156,156,156,156,156,156,156,156,156,156,156,156,156,156,156,157,157,157,157,157,157,157,157,157,157,157,157,158,158,158,158,158,158,158,158,159,159,159,159,159,159
Fitness 0,0005318733, Gen ;0,9347;0,2422;0,7533;0,3658;0,5662;0,8873;0,7134;0,3562;0,8793;0,5299;0,9321;0,5368;0,2571;0,2504;0,6559;0,7844;0,0638;0,4945;0,0911;0,3658;0,9334
,217,217,217,218,218,218,218,218,218,218,218,218,218,218,218,218,218,218,218,219,219,219,219,219,219,219,219,219,219,219,219,219,219,219,219,219,219,219,220,220,220,220,220,220,220,220,220,220,220,221,221,223,228,228,228,228,228,229,229,229,229,229,229,230,230,230
Fitness 0,0002789127, Gen ;0,9347;0,2422;0,7533;0,3658;0,5662;0,8873;0,7134;0,3562;0,8793;0,5299;0,9321;0,5368;0,2571;0,2504;0,6559;0,7844;0,0638;0,4945;0,0911;0,3658;0,9334

Fitness 5,553807, Gen ;0,9347;0,2422;0,7533;0,3658;0,5662;0,8873;0,7134;0,3562;0,8793;0,5299;0,9321;0,5368;0,2571;0,2504;0,6559;0,7844;0,0638;0,4945;0,0911;0,3658;0,9334
,192,192,192,192,192,192,192,192,193,193,193,193,193,193,193,193,193,193,193,193,193,193,193,193,193,193,193,194,194,194,194,194,194,194,194,194,194,194,194,194,194,194,194,194,194,194,194,194,194,194,195,195,195,195,195,195,195,195,195,195,195,195,195,195,195,195,195,195,195,195,195,195,195,195,196,196,196,196,196,196,196,196,196,196,196,197,197,197,197,197,197,197,198,198,198,198,198,199,199,199
Fitness 0,0004513438, Gen ;0,9347;0,2422;0,7533;0,3658;0,5662;0,8873;0,7134;0,3562;0,8793;0,5299;0,9321;0,5368;0,2571;0,2504;0,6559;0,7844;0,0638;0,4945;0,0911;0,3658;0,9334
,209,209,209,209,209,209,209,209,209,209,210,210,210,210,210,210,210,210,210,210,210,210,210,210,210,210,210,210,210,210,210,211,211,211,211,211,211,211,211,211,211,211,211,211,211,211,211,211,211,211,211,211,211,211,211,212,212,212,212,212,212,212,212,212,212,212,212,212,212,212,212,213,213,213,213,213,213,213,213,213,213,214,214,214,214,214,214,214,214,215,215,215,216,216,216,216
Fitness 0,0001755117, Gen ;0,9347;0,2422;0,7533;0,3658;0,5662;0,8873;0,7134;0,3562;0,8793;0,5299;0,9321;0,5368;0,2571;0,2504;0,6559;0,7844;0,0638;0,4945;0,0911;0,3658;0,9334
,195,195,196,196,196,196,196,196,196,196,196,196,196,196,197,197,197,197,197,197,197,197,197,197,197,197,197,197,197,197,197,197,197,198,198,198,198,198,198,198,198,198,198,198,198,198,198,198,198,198,198,198,199,199,199,199,199,199,199,199,199,199,199,199,199,199,199,200,200,200,200,200,200,200,200,201,201
Fitness 0,7685942, Gen ;0,9347;0,2422;0,7533;0,3658;0,5662;0,8873;0,7134;0,3562;0,8793;0,5299;0,9321;0,5368;0,2571;0,2504;0,6559;0,7844;0,0638;0,4945;0,0911;0,3658;0,9334
,145,145,145,145,145,145,145,145,146,146,146,146,146,146,146,146,146,146,146,147,147,147,147,147,147,147,147,147,147,147,147,147,147,147,148,148,148,148,148,148,148,148,148,148,148,148,148,148,149,149,149,149,149,149,149,149,149,149,149,150,150,151
Fitness 0,0002134607, Gen ;0,9347;0,2422;0,7533;0,3658;0,5662;0,8873;0,7134;0,3562;0,8793;0,5299;0,9321;0,5368;0,2571;0,2504;0,6559;0,7844;0,0638;0,4945;0,0911;0,3658;0,9334

Fitness 0,0002802349, Gen ;0,9347;0,2422;0,7533;0,3658;0,5662;0,8873;0,7134;0,3562;0,8793;0,5299;0,9321;0,5368;0,2571;0,2504;0,6559;0,7844;0,0638;0,4945;0,0911;0,3658;0,9334

Fitness 0,0002123169, Gen ;0,9347;0,2422;0,7533;0,3658;0,5662;0,8873;0,7134;0,3562;0,8793;0,5299;0,9321;0,5368;0,2571;0,2504;0,6559;0,7844;0,0638;0,4945;0,0911;0,3658;0,9334
,238,238,238,238,238,238,238,238,238,238,238,238,238,238,239,239,239,239,239,239,239,239,239,239,239,239,239,239,239,239,239,239,239,239,239
Fitness 0,0002203091, Gen ;0,9347;0,2422;0,7533;0,3658;0,5662;0,8873;0,7134;0,3562;0,8793;0,5299;0,9321;0,5368;0,2571;0,2504;0,6559;0,7844;0,0638;0,4945;0,0911;0,3658;0,9334
,200,200,200,200,200,200,200,200,200,200,200,200,200,200,200,201,201,201,201,201,201,201,201,201,201,201,201,201,201,201,201,201,201,201,201,201,202,202,202,202,202,202,202,202,202,202,202,202,202,202,202,202,202,202,202,202,202,202,202,202,203,203,203,203,203,203,203,203,203,203,203,203,203,203,203,203,203,203,203,203,203,204,204,204,204,204,204,204,204,204,205,205,205,205,205,205,206,206,206,206
Fitness 0,0002031328, Gen ;0,9347;0,2422;0,7533;0,3658;0,5662;0,8873;0,7134;0,3562;0,8793;0,5299;0,9321;0,5368;0,2571;0,2504;0,6559;0,7844;0,0638;0,4945;0,0911;0,3658;0,9334
,180,180,180,180,180,180,180,180,180,180,180,181,181,181,181,181,181,181,181,181,181,181,181,181,181,181,181,181,181,181,181,181,182,182,182,182,182,182,182,182,182,182,182,182,182,182,182,182,182,182,182,182,182,182,182,182,183,183,183,183,183,183,183,183,183,183,183,183,183,183,183,183,183,184,184,184,184,184,184,184,184,184,184,184,184,184,185,185,185,185,185,185,185,185,185,186,186,186,186,187
Fitness 0,0006167372, Gen ;0,9347;0,2422;0,7533;0,3658;0,5662;0,8873;0,7134;0,3562;0,8793;0,5299;0,9321;0,5368;0,2571;0,2504;0,6559;0,7844;0,0638;0,4945;0,0911;0,3658;0,9334
,152,152,152,152,153,153,153,153,153,153,153,153,153,153,153,153,153,154,154,154,154,154,154,154,154,154,154,154,154,154,154,154,154,154,154,154,155,155,155,155,155,155,155,155,155,155,155,155,155,155,155,155,155,155,156,156,156,156,156,156,156,157,157,157
Fitness 0,4412336, Gen ;0,9347;0,2422;0,7533;0,3658;0,5662;0,8873;0,7134;0,3562;0,8793;0,5299;0,9321;0,5368;0,2571;0,2504;0,6559;0,7844;0,0638;0,4945;0,0911;0,3658;0,9334
,167,167,167,168,168,168,168,168,168,168,168,168,168,168,168,168,168,168,168,168,169,169,169,169,169,169,169,169,169,169,169,169,169,169,169,169,169,169,169,169,169,169,169,169,169,169,169,169,170,170,170,170,170,170,170,170,170,170,170,170,170,170,170,170,170,170,170,170,170,170,170,170,170,171,171,171,171,171,171,171,171,171,171,171,171,171,171,171,172,172,172,172,172,173,173
Fitness 1,64474, Gen ;0,9347;0,2422;0,7533;0,3658;0,5662;0,8873;0,7134;0,3562;0,8793;0,5299;0,9321;0,5368;0,2571;0,2504;0,6559;0,7844;0,0638;0,4945;0,0911;0,3658;0,9334
,234,234,235,235,235,235,235,235,236,236,236,236,237,237,237,237,237,237,237,237,238,239,239
Fitness 0,0004011473, Gen ;0,9347;0,2422;0,7533;0,3658;0,5662;0,8873;0,7134;0,3562;0,8793;0,5299;0,9321;0,5368;0,2571;0,2504;0,6559;0,7844;0,0638;0,4945;0,0911;0,3658;0,9334
,164,164,164,164,164,164,164,165,165,165,165,165,165,165,165,165,165,165,165,165,165,165,165,165,165,165,165,165,165,165,166,166,166,166,166,166,166,166,166,166,166,166,166,166,166,166,166,166,166,166,166,166,166,166,166,166,166,166,166,167,167,167,167,167,167,167,167,167,167,167,167,167,167,167,167,167,167,167,167,167,168,168,168,168,168,168,168,168,168,169,169,169,169,169,169,170,170,170,170,171
Fitness 0,0001008772, Gen ;0,9347;0,2422;0,7533;0,3658;0,5662;0,8873;0,7134;0,3562;0,8793;0,5299;0,9321;0,5368;0,2571;0,2504;0,6559;0,7844;0,0638;0,4945;0,0911;0,3658;0,9334
,193,193,193,193,193,193,193,193,193,193,193,193,193,193,194,194,194,194,194,194,194,194,194,194,194,194,194,194,194,194,194,194,194,194,194,194,195,195,195,195,195,195,195,195,195,195,195,195,195,195,195,195,195,195,195,195,195,196,196,196,196,196,196,196,196,196,196,196,196,196,196,197,197,197,197,197,197,197,197,197,197,197,198,198,198,198,198,198,198,198,198,199,199
Fitness 0,0004670691, Gen ;0,9347;0,2422;0,7533;0,3658;0,5662;0,8873;0,7134;0,3562;0,8793;0,5299;0,9321;0,5368;0,2571;0,2504;0,6559;0,7844;0,0638;0,4945;0,0911;0,3658;0,9334
,205,206,206,206,206,206,206,206,206,206,207,207,207,207,207,207,207,207,207,207,207,207,207,207,208,208,208,208,208,208,208,208,208,208,208,208,208,208,209,209,209,209,209,209,209,209,209,209,209,209,209,209,209,209,210,210,210,210,210,210,211,211
Fitness 3,57941, Gen ;0,9347;0,2422;0,7533;0,3658;0,5662;0,8873;0,7134;0,3562;0,8793;0,5299;0,9321;0,5368;0,2571;0,2504;0,6559;0,7844;0,0638;0,4945;0,0911;0,3658;0,9334
,138,138,138,138,138,138,138,138,138,138,138,138,138,138,139,139,139,139,139,139,139,139,139,139,139,139,139,139,139,139,139,139,139,139,139,139,139,139,139,139,140,140,140,140,140,140,140,140,140,140,140,140,140,140,140,140,140,140,140,140,141,141,141,141,141,141,141,141,141,141,141,141,141,142,142,142,142,142,142,142,142,142,142,142,143,143,143,143,143,143,143,143,144,144,144,144,144,144,145,145
Fitness 0,0001978875, Gen ;0,9347;0,2422;0,7533;0,3658;0,5662;0,8873;0,7134;0,3562;0,8793;0,5299;0,9321;0,5368;0,2571;0,2504;0,6559;0,7844;0,0638;0,4945;0,0911;0,3658;0,9334

Fitness 0,000331482, Gen ;0,9347;0,2422;0,7533;0,3658;0,5662;0,8873;0,7134;0,3562;0,8793;0,5299;0,9321;0,5368;0,2571;0,2504;0,6559;0,7844;0,0638;0,4945;0,0911;0,3658;0,9334
,177,178,178,178,178,178,178,178,178,178,178,178,178,178,178,179,179,179,179,179,179,179,179,179,179,179,179,179,179,179,179,179,179,179,179,179,179,179,180,180,180,180,180,180,180,180,180,180,180,180,180,180,180,180,180,180,180,180,180,180,181,181,181,181,181,181,181,181,181,181,181,181,181,181,181,181,181,182,182,182,182,182,182,182,183,183,183,183,183,183,183,183,183,183,184,184,184,184,185,185
Fitness 9,136518, Gen ;0,9347;0,2422;0,7533;0,3658;0,5662;0,8873;0,7134;0,3562;0,8793;0,5299;0,9321;0,5368;0,2571;0,2504;0,6559;0,7844;0,0638;0,4945;0,0911;0,3658;0,9334
,225,226,226,226,226,226,226,226,226,226,226,226,227,227,227,227,227,227,227,227,227,227,227,227,227,227,227,227,227,227,227,227,227,227,227,228,228,228,228,228,228,228,228,228,228,228,228,228,228,228,228,228,229,229,229,229,229,229,229,229,229,229,229,230,230,230,230,230,230,230,230,230,231,231,231,232
Fitness 0,0001854158, Gen ;0,9347;0,2422;0,7533;0,3658;0,5662;0,8873;0,7134;0,3562;0,8793;0,5299;0,9321;0,5368;0,2571;0,2504;0,6559;0,7844;0,0638;0,4945;0,0911;0,3658;0,9334
,149,149,149,149,150,150,150,150,150,150,150,150,150,150,150,150,150,150,150,150,150,150,150,150,150,150,151,151,151,151,151,151,151,151,151,151,151,151,151,151,151,151,151,151,151,151,151,151,151,151,151,152,152,152,152,152,152,152,152,152,152,152,152,152,152,152,152,152,152,152,152,152,152,153,153,153,153,153,153,153,153,153,153,153,153,153,153,153,154,154,154,154,154,154,154,154,154,155,155,155
Fitness 1,835786, Gen ;0,9347;0,2422;0,7533;0,3658;0,5662;0,8873;0,7134;0,3562;0,8793;0,5299;0,9321;0,5368;0,2571;0,2504;0,6559;0,7844;0,0638;0,4945;0,0911;0,3658;0,9334

Fitness 0,000456894, Gen ;0,9347;0,2422;0,7533;0,3658;0,5662;0,8873;0,7134;0,3562;0,8793;0,5299;0,9321;0,5368;0,2571;0,2504;0,6559;0,7844;0,0638;0,4945;0,0911;0,3658;0,9334
,151,151,151,152,152,152,152,152,152,152,152,152,152,153,153,153,153,153,153,153,153,153,153,153,153,153,153,153,153,153,153,154,154,154,154,154,154,154,154,154,154,154,154,154,154,154,154,154,154,154,154,154,155,155,155,155,155,155,155,155,155,155,155,155,155,155,156,156,157
Fitness 6,430574, Gen ;0,9347;0,2422;0,7533;0,3658;0,5662;0,8873;0,7134;0,3562;0,8793;0,5299;0,9321;0,5368;0,2571;0,2504;0,6559;0,7844;0,0638;0,4945;0,0911;0,3658;0,9334
,124
Fitness 0,0001843979, Gen ;0,9347;0,2422;0,7533;0,3658;0,5662;0,8873;0,7134;0,3562;0,8793;0,5299;0,9321;0,5368;0,2571;0,2504;0,6559;0,7844;0,0638;0,4945;0,0911;0,3658;0,9334
,181,181,181,181,181,181,181,181,181,181,182,182,182,182,182,182,182,182,182,182,182,182,182,182,182,182,182,182,182,182,182,182,182,182,182,182,183,183,183,183,183,183,183,183,183,183,183,183,183,183,183,183,183,183,183,183,183,183,183,183,183,183,183,183,183,184,184,184,184,184,184,184,184,184,184,184,184,184,184,184,184,184,184,184,184,185,185,185,185
Fitness 0,0001937411, Gen ;0,9347;0,2422;0,7533;0,3658;0,5662;0,8873;0,7134;0,3562;0,8793;0,5299;0,9321;0,5368;0,2571;0,2504;0,6559;0,7844;0,0638;0,4945;0,0911;0,3658;0,9334

Fitness 0,0002339693, Gen ;0,9347;0,2422;0,7533;0,3658;0,5662;0,8873;0,7134;0,3562;0,8793;0,5299;0,9321;0,5368;0,2571;0,2504;0,6559;0,7844;0,0638;0,4945;0,0911;0,3658;0,9334

Fitness 0,0001805182, Gen ;0,9347;0,2422;0,7533;0,3658;0,5662;0,8873;0,7134;0,3562;0,8793;0,5299;0,9321;0,5368;0,2571;0,2504;0,6559;0,7844;0,0638;0,4945;0,0911;0,3658;0,9334

Fitness 0,0002086032, Gen ;0,9347;0,2422;0,7533;0,3658;0,5662;0,8873;0,7134;0,3562;0,8793;0,5299;0,9321;0,5368;0,2571;0,2504;0,6559;0,7844;0,0638;0,4945;0,0911;0,3658;0,9334
,124,124,125,125,125,125,125,125,125,125,126,126,126,126,126,126,126,126,126,126,127,127,127,127,127,127,127,127,127,127,127,127,128,128,128,128,128,128,128,128,128,128,128,129,129,129,129,129,129,129,129,202,202,203,203,204,204,204,204,205,205,205,205,205,206,206,206,206,206,206,206,206,206,207,207,207,207,207,207,208,208,208,208,208,208,209,209,209,209,209,209,209,210,210,210,211,211,211,212,212
Fitness 0,0001461376, Gen ;0,9347;0,2422;0,7533;0,3658;0,5662;0,8873;0,7134;0,3562;0,8793;0,5299;0,9321;0,5368;0,2571;0,2504;0,6559;0,7844;0,0638;0,4945;0,0911;0,3658;0,9334
,205,205,205,205,206,206,206,206,206,206,206,206,206,206,206,206,206,206,206,206,206,206,207,207,207,207,207,207,207,207,207,207,207,207,207,207,207,207,207,207,207,207,207,207,207,208,208,208,208,208,208,208,208,208,208,208,208,208,208,208,208,208,208,208,208,208,208,208,209,209,209,209,209,209,209,209,209,209,210,210,210,210,210,210,210,210,210,210,211,211,211,212,213
Fitness 0,000234084, Gen ;0,9347;0,2422;0,7533;0,3658;0,5662;0,8873;0,7134;0,3562;0,8793;0,5299;0,9321;0,5368;0,2571;0,2504;0,6559;0,7844;0,0638;0,4945;0,0911;0,3658;0,9334
,169,169,169,169,170,170,170,170,170,170,170,170,170,170,170,170,170,170,170,170,170,170,170,170,170,170,170,171,171,171,171,171,171,171,171,171,171,171,171,171,171,171,171,171,171,171,171,171,171,171,171,171,171,171,172,172,172,172,172,172,172,172,172,172,172,172,172,172,172,172,173,173,173,173,173,173,173,173,173,173,173,173,173,174,174,174,174,174,174,174,174,174,174,175,175
Fitness 0,5952858, Gen ;0,9347;0,2422;0,7533;0,3658;0,5662;0,8873;0,7134;0,3562;0,8793;0,5299;0,9321;0,5368;0,2571;0,2504;0,6559;0,7844;0,0638;0,4945;0,0911;0,3658;0,9334

Fitness 0,0002187841, Gen ;0,9347;0,2422;0,7533;0,3658;0,5662;0,8873;0,7134;0,3562;0,8793;0,5299;0,9321;0,5368;0,2571;0,2504;0,6559;0,7844;0,0638;0,4945;0,0911;0,3658;0,9334
,196,196,196,196,197,197,197,197,197,197,197,197,197,197,197,197,197,197,197,197,197,197,197,197,198,198,198,198,198,198,198,198,198,198,198,198,198,198,198,198,198,198,198,198,198,199,199,199,199,199,199,199,199,199,199,199,199,199,199,199,199,199,199,200,200,200,200,200,200,200,200,200,200,200,200,201,201,201,201,201,201,201,201,201,201,202,202,202,202,202,202,202,203,203,203,203,203,204,204,204
Fitness 0,0002123687, Gen ;0,9347;0,2422;0,7533;0,3658;0,5662;0,8873;0,7134;0,3562;0,8793;0,5299;0,9321;0,5368;0,2571;0,2504;0,6559;0,7844;0,0638;0,4945;0,0911;0,3658;0,9334
,141,141,141,142,142,142,142,142,142,142,142,142,142,142,142,142,142,142,142,142,142,142,142,142,142,143,143,143,143,143,143,143,143,143,143,143,143,143,143,143,143,143,143,143,143,143,143,143,143,143,143,143,144,144,144,144,144,144,144,144,144,144,144,144,144,144,144,144,144,144,144,144,144,144,145,145,145,145,145,145,145,145,145,145,145,145,145,146,146,146,146,146
Fitness 0,0002179982, Gen ;0,9347;0,2422;0,7533;0,3658;0,5662;0,8873;0,7134;0,3562;0,8793;0,5299;0,9321;0,5368;0,2571;0,2504;0,6559;0,7844;0,0638;0,4945;0,0911;0,3658;0,9334
,162,162,163,163,163,163,163,163,163,163,163,163,163,163,163,163,163,163,163,163,163,164,164,164,164,164,164,164,164,164,164,164,164,164,164,164,164,164,164,164,164,164,164,164,165,165,165,165,165,165,165,165,165,165,165,165,165,165,165,165,165,165,165,165,166,166,166,166,166,166,176
Fitness 0,5394187, Gen ;0,9347;0,2422;0,7533;0,3658;0,5662;0,8873;0,7134;0,3562;0,8793;0,5299;0,9321;0,5368;0,2571;0,2504;0,6559;0,7844;0,0638;0,4945;0,0911;0,3658;0,9334

Fitness 0,0001792786, Gen ;0,9347;0,2422;0,7533;0,3658;0,5662;0,8873;0,7134;0,3562;0,8793;0,5299;0,9321;0,5368;0,2571;0,2504;0,6559;0,7844;0,0638;0,4945;0,0911;0,3658;0,9334
,172,172,172,172,172,173,173,173,173,173,173,173,173,173,174,174,174,174,174,174,174,174,174,174,174,175,175,175,175,175,175,175,175,175,175,175,175,175,175,175,175,176,176,176,176,176,176,176,176,176,176,176,176,176,176,177,177,177,177,177,177,177,177,177,177,177,177,177,177,177,177,177,177,177,178,178,178,178,178,178,178,178,178,179,179
Fitness 0,0002707379, Gen ;0,9347;0,2422;0,7533;0,3658;0,5662;0,8873;0,7134;0,3562;0,8793;0,5299;0,9321;0,5368;0,2571;0,2504;0,6559;0,7844;0,0638;0,4945;0,0911;0,3658;0,9334
,179,179,179,179,180,180,180,180,180,180,180,180,180,180,181,181,181,181,181,181,181,181,181,181,181,181,181,181,182,182,182,182,182,182,182,182,182,182,182,182,183,183,183,183,183,183,183,183,183,183,184,184
Fitness 0,0002657917, Gen ;0,9347;0,2422;0,7533;0,3658;0,5662;0,8873;0,7134;0,3562;0,8793;0,5299;0,9321;0,5368;0,2571;0,2504;0,6559;0,7844;0,0638;0,4945;0,0911;0,3658;0,9334
,142,142,142,142,142,142,142,142,142,143,143,143,143,143,143,143,143,143,143,143,143,143,143,143,143,143,143,143,143,143,143,143,144,144,144,144,144,144,144,144,144,144,144,144,144,144,144,144,144,144,144,144,145,145,145,145,145,145,145,145,145,145,145,145,145,145,145,145,145,145,145,145,145,145,146,146,146,146,146,147,147,147,147,147,147,147,147,147,148,148,148,148,148,148,148,149,149,149,149,149
Fitness 0,000224541, Gen ;0,9347;0,2422;0,7533;0,3658;0,5662;0,8873;0,7134;0,3562;0,8793;0,5299;0,9321;0,5368;0,2571;0,2504;0,6559;0,7844;0,0638;0,4945;0,0911;0,3658;0,9334
,144,144,144,145,145,145,145,145,145,145,145,145,145,145,145,145,145,145,146,146,146,146,146,146,146,146,146,146,146,146,146,146,146,146,146,146,146,146,146,146,146,146,147,147,147,147,147,147,147,147,147,147,147,147,147,147,147,147,147,147,147,147,148,148,148,148,148,148,148,148,148,148,148,148,148,148,148,149,149,149,149,149,149,150
Fitness 0,0002934889, Gen ;0,9347;0,2422;0,7533;0,3658;0,5662;0,8873;0,7134;0,3562;0,8793;0,5299;0,9321;0,5368;0,2571;0,2504;0,6559;0,7844;0,0638;0,4945;0,0911;0,3658;0,9334
,153,153,153,153,153,153,153,153,153,153,153,153,153,154,154,154,154,154,154,154,154,154,154,154,154,154,154,154,154,154,154,154,154,154,154,154,154,154,155,155,155,155,155,155,155,155,155,155,155,155,155,155,155,155,155,155,155,155,156,156,156,156,156,156,156,156,156,156,156,156,156,156,157,157,157,157,157,157,157,157,157,157,158,158,158,158,158,158,158,158,159,159,159,159,159,159,159,160,160,160
Fitness 7,941174, Gen ;0,9347;0,2422;0,7533;0,3658;0,5662;0,8873;0,7134;0,3562;0,8793;0,5299;0,9321;0,5368;0,2571;0,2504;0,6559;0,7844;0,0638;0,4945;0,0911;0,3658;0,9334

Fitness 0,000194411, Gen ;0,9347;0,2422;0,7533;0,3658;0,5662;0,8873;0,7134;0,3562;0,8793;0,5299;0,9321;0,5368;0,2571;0,2504;0,6559;0,7844;0,0638;0,4945;0,0911;0,3658;0,9334
,205,205,205,206,206,206,206,206,206,206,206,206,206,206,206,206,206,206,206,206,206,206,206,206,206,206,207,207,207,207,207,207,207,207,207,207,207,207,207,207,207,207,207,207,207,207,207,207,207,207,207,207,207,207,208,208,208,208,208,208,208,208,208,208,208,208,208,208,208,208,208,208,208,208,208,208,208,208,209,209,209,209,209,209,209,209,209,209,209,210,210,210,210,210,210,210,211,211,211,211
Fitness 5,446532, Gen ;0,9347;0,2422;0,7533;0,3658;0,5662;0,8873;0,7134;0,3562;0,8793;0,5299;0,9321;0,5368;0,2571;0,2504;0,6559;0,7844;0,0638;0,4945;0,0911;0,3658;0,9334

Fitness 0,0001671583, Gen ;0,9347;0,2422;0,7533;0,3658;0,5662;0,8873;0,7134;0,3562;0,8793;0,5299;0,9321;0,5368;0,2571;0,2504;0,6559;0,7844;0,0638;0,4945;0,0911;0,3658;0,9334

Fitness 0,272715, Gen ;0,9347;0,2422;0,7533;0,3658;0,5662;0,8873;0,7134;0,3562;0,8793;0,5299;0,9321;0,5368;0,2571;0,2504;0,6559;0,7844;0,0638;0,4945;0,0911;0,3658;0,9334
,195,195,195,196,196,196,196,196,196,196,196,196,196,196,196,196,197,197,197,197,197,197,197,197,197,197,197,197,197,197,197,197,197,197,197,198,198,198,198,198,198,198,198,198,198,198,198,198,198,198,198,198,199,199,199,199,199,199,199,199,199,199,199,199,199,199,199,199,199,200,200,200,200,200,200,200,200,201,201,201,201,201,201,201,201,201,201,201,201,202,202,202,202,202,202,203,203,203,203,203
Fitness 0,0002249903, Gen ;0,9347;0,2422;0,7533;0,3658;0,5662;0,8873;0,7134;0,3562;0,8793;0,5299;0,9321;0,5368;0,2571;0,2504;0,6559;0,7844;0,0638;0,4945;0,0911;0,3658;0,9334
,172,172,172,172,173,173,173,173,173,173,173,173,173,173,173,173,173,173,174,174,174,174,174,174,174,174,174,174,174,175,175,175,175,175,175,175,175,175,181,181,181,181,181,181,181,181,181,181,181,181,181,182,182,182,182,182,182,182,182,182,182,182,182,182,182,182,183,183,183,183,183,183,183,183,183,183,183,184,184,184,184,184,184,184,184,185,185,185,185,185,185,186,186,186,186,186,186,186,187,187
Fitness 0,0001981998, Gen ;0,9347;0,2422;0,7533;0,3658;0,5662;0,8873;0,7134;0,3562;0,8793;0,5299;0,9321;0,5368;0,2571;0,2504;0,6559;0,7844;0,0638;0,4945;0,0911;0,3658;0,9334
,219,219,219,220,220,220,220,220,220,220,220,220,220,220,220,220,220,220,220,220,220,220,221,221,221,221,221,221,221,221,221,221,221,221,221,221,221,221,221,221,222,222,222,222,222,222,222,222,222,222,222,222,222,222,222,222,222,222,223,223,223,223,223,223,223,223,223,223,223,223,223,223,224,224,224,224,224,224,224,224,224,224,224,224,224,224,225,225,225,225,225,225,225,225,225,226,226,226,226,226
Fitness 0,5596114, Gen ;0,9347;0,2422;0,7533;0,3658;0,5662;0,8873;0,7134;0,3562;0,8793;0,5299;0,9321;0,5368;0,2571;0,2504;0,6559;0,7844;0,0638;0,4945;0,0911;0,3658;0,9334
,238,238,238,238,238,239,239,239,239,239,239,239,239,239,239
Fitness 1,701761, Gen ;0,9347;0,2422;0,7533;0,3658;0,5662;0,8873;0,7134;0,3562;0,8793;0,5299;0,9321;0,5368;0,2571;0,2504;0,6559;0,7844;0,0638;0,4945;0,0911;0,3658;0,9334
,31
Fitness 0,04116806, Gen ;0,9347;0,2422;0,7533;0,3658;0,5662;0,8873;0,7134;0,3562;0,8793;0,5299;0,9321;0,5368;0,2571;0,2504;0,6559;0,7844;0,0638;0,4945;0,0911;0,3658;0,9334
,158,158,158,158,158,158,158,158,159,159,159,159,159,159,159,159,159,159,159,159,159,159,159,159,159,159,159,160,160,160,160,160,160,160,160,160,160,160,160,160,160,160,160,160,160,160,160,160,160,160,160,160,160,161,161,161,161,161,161,161,161,161,161,161,161,161,161,161,161,161,161,161,161,161,162,162,162
Fitness 0,0005351857, Gen ;0,9347;0,2422;0,7533;0,3658;0,5662;0,8873;0,7134;0,3562;0,8793;0,5299;0,9321;0,5368;0,2571;0,2504;0,6559;0,7844;0,0638;0,4945;0,0911;0,3658;0,9334
,218,219,219,219,219,219,219,219,219,219,219,219,219,219,219,219,219,220,220,220,220,220,220,220,220,220,220,220,220,220,220,220,220,220,220,220,220,220,220,220,221,221,221,221,221,221,221,221,221,221,221,221,221,221,221,222,222,222,222,222,222,222,222,223,223,226,226,226,226,226,226,226,227
Fitness 0,0002067534, Gen ;0,9347;0,2422;0,7533;0,3658;0,5662;0,8873;0,7134;0,3562;0,8793;0,5299;0,9321;0,5368;0,2571;0,2504;0,6559;0,7844;0,0638;0,4945;0,0911;0,3658;0,9334
,227,227,227,227,228,228,228,228,228,228,228,228,228,228,228,228,228,228,228,228,228,228,228,228,228,229,229,229,229,229,229,229,229,229,229,229,229,229,229,229,229,229,229,229,229,229,229,229,229,229,229,229,230,230,230,230,230,230,230,230,230,230,230,230,230,230,230,230,230,230,231,231,231,231,231,231,231,231,231,232,232,232,232,232,232,232,232,232,232,233,233,233,233,233,233,233,233,233,234,234
Fitness 0,0002032891, Gen ;0,9347;0,2422;0,7533;0,3658;0,5662;0,8873;0,7134;0,3562;0,8793;0,5299;0,9321;0,5368;0,2571;0,2504;0,6559;0,7844;0,0638;0,4945;0,0911;0,3658;0,9334
,132,132,133,133,133,133,133,133,133,133,133,133,133,133,133,133,133,133,133,134,134,134,134,134,134,134,134,134,134,134,134,134,134,134,134,134,134,134,134,134,134,134,134,135,135,135,135,135,135,135,135,135,135,135,135,135,135,135,135,135,135,135,136,136,136,136,136,136,136,136,136,136,136,136,136,136,136,137,137,137,137,137,137,138,138,138,138,138,138,138,138,138,139,139,139,139,139,140,140,142
Fitness 0,00040424, Gen ;0,9347;0,2422;0,7533;0,3658;0,5662;0,8873;0,7134;0,3562;0,8793;0,5299;0,9321;0,5368;0,2571;0,2504;0,6559;0,7844;0,0638;0,4945;0,0911;0,3658;0,9334
,144,144,144,144,144,144,144,144,144,144,144,145,145,145,145,145,145,145,145,145,145,145,145,145,145,145,145,145,145,145,145,145,145,145,145,145,145,145,145,145,146,146,146,146,146,146,146,146,146,146,146,146,146,146,146,146,146,146,146,146,146,146,146,146,146,146,147,147,147,147,147,147,147,147,147,147,147,147,147,147,147,147,147,147,148,148,148,148,148,148,148,148,149,149,149,149,149,149,149,150
Fitness 0,01332464, Gen ;0,9347;0,2422;0,7533;0,3658;0,5662;0,8873;0,7134;0,3562;0,8793;0,5299;0,9321;0,5368;0,2571;0,2504;0,6559;0,7844;0,0638;0,4945;0,0911;0,3658;0,9334
,176,176,176,176,176,176,176,176,176,176,177,177,177,177,177,177,177,177,177,177,177,177,177,177,177,177,177,177,177,177,177,177,177,177,178,178,178,178,178,178,178,178,178,178,178,178,178,178,178,178,178,178,179,179,179,179,179,179,179,179,179,179,179,179,179,179,179,180,180,180,180,180,180,180,180,180,180,180,180,181,181,181,181,181,181,181,181,181,181,182,182,182,182,182,182,183,183,183,183,183
Fitness 10,28384, Gen ;0,9347;0,2422;0,7533;0,3658;0,5662;0,8873;0,7134;0,3562;0,8793;0,5299;0,9321;0,5368;0,2571;0,2504;0,6559;0,7844;0,0638;0,4945;0,0911;0,3658;0,9334
,159,159,159,160,160,160,160,160,160,160,160,160,160,160,160,160,160,161,161,161,161,161,161,161,161,161,161,161,161,161,161,161,161,161,161,161,161,162,162,162,162,162,162,162,162,162,162,162,162,162,162,162,162,162,163,163,163,163,163,163,163,163,163,163,163,163,163,163,163,163,163,163,164,164,164,164,164,164,164,164,164,164,164,165,165,165,165,165,165,165,165,165,165,165,165,165,166,166,166,166
Fitness 7,757103, Gen ;0,9347;0,2422;0,7533;0,3658;0,5662;0,8873;0,7134;0,3562;0,8793;0,5299;0,9321;0,5368;0,2571;0,2504;0,6559;0,7844;0,0638;0,4945;0,0911;0,3658;0,9334
,199,199,199,199,199,199,199,200,200,200,200,200,200,200,200,200,200,200,200,200,200,200,200,200,200,200,200,200,200,200,200,200,201,201,201,201,201,201,201,201,201,201,201,201,201,201,201,201,201,201,201,201,201,201,201,201,201,201,202,202,202,202,202,202,202,202,202,202,202,202,202,202,202,202,202,203,203,203,203,203,203,203,203,203,203,204,204,204,204,204,204,204,204,205,205,205,205,205,205,206
Fitness 1,988646, Gen ;0,9347;0,2422;0,7533;0,3658;0,5662;0,8873;0,7134;0,3562;0,8793;0,5299;0,9321;0,5368;0,2571;0,2504;0,6559;0,7844;0,0638;0,4945;0,0911;0,3658;0,9334

Fitness 4,256999, Gen ;0,9347;0,2422;0,7533;0,3658;0,5662;0,8873;0,7134;0,3562;0,8793;0,5299;0,9321;0,5368;0,2571;0,2504;0,6559;0,7844;0,0638;0,4945;0,0911;0,3658;0,9334
,225,225,225,225,225,225,225,225,226,226,226,226,226,226,226,226,226,226,226,226,226,226,227,227,227,227,227,227,227,227,227,227,227,227,227,227,227,227,227,228,228,228,228,228,228,228,228,228,228,228,229,229,229,229,229,229,229,230,230,230,230,230,233,233,233,233,234,234,234,234,234,234,234,234,234,234,234,234,234,235,235,235,235,235,235,235,235,235,235,235,235,236,236,236,236
Fitness 0,452419, Gen ;0,9347;0,2422;0,7533;0,3658;0,5662;0,8873;0,7134;0,3562;0,8793;0,5299;0,9321;0,5368;0,2571;0,2504;0,6559;0,7844;0,0638;0,4945;0,0911;0,3658;0,9334
,201,202,206,206,208,208,216,228
Fitness 0,0001883117, Gen ;0,9347;0,2422;0,7533;0,3658;0,5662;0,8873;0,7134;0,3562;0,8793;0,5299;0,9321;0,5368;0,2571;0,2504;0,6559;0,7844;0,0638;0,4945;0,0911;0,3658;0,9334
,179,179,179,179,179,180,180,180,180,180,180,180,180,180,180,180,180,180,180,180,180,181,181,181,181,181,181,181,181,181,181,181,181,181,181,181,181,181,181,181,181,182,182,182,182,182,182,182,182,182,182,182,182,182,182,182,182,182,182,182,183,183,183,183,183,183,183,183,183,183,183,183,183,183,183,183,183,184,184,184,184,184,184,184,184,184,184,184,185,185,185,185,185,185,185,185,186,186,186,187
Fitness 0,000435576, Gen ;0,9347;0,2422;0,7533;0,3658;0,5662;0,8873;0,7134;0,3562;0,8793;0,5299;0,9321;0,5368;0,2571;0,2504;0,6559;0,7844;0,0638;0,4945;0,0911;0,3658;0,9334
,157,157,157,157,157,158,158,158,158,158,158,158,158,158,158,158,158,158,158,158,158,158,158,158,158,159,159,159,159,159,159,159,159,159,159,159,159,159,159,159,159,159,159,159,159,159,159,159,159,159,160,160,160,160,160,160,160,160,160,160,160,160,160,160,160,160,160,160,160,160,160,161,161,161,161,161,161,161,161,161,161,161,161,161,162,162,162,162,162,162,162,162,162,162,162,163,163,163,163,163
Fitness 0,0004287934, Gen ;0,9347;0,2422;0,7533;0,3658;0,5662;0,8873;0,7134;0,3562;0,8793;0,5299;0,9321;0,5368;0,2571;0,2504;0,6559;0,7844;0,0638;0,4945;0,0911;0,3658;0,9334
,131,131,131,132,132,132,132,132,132,132,132,132,132,132,132,132,132,132,132,132,133,133,133,133,133,133,133,133,133,133,133,133,133,133,133,133,133,133,133,133,133,133,133,133,133,134,134,134,134,134,134,134,134,134,134,134,134,134,134,134,134,134,134,135,135,135,135,135,135,135,135,135,135,135,135,135,136,136,136,136,136,136,136,136,136,137,137,137,138,138,138,139,139
Fitness 1,665784, Gen ;0,9347;0,2422;0,7533;0,3658;0,5662;0,8873;0,7134;0,3562;0,8793;0,5299;0,9321;0,5368;0,2571;0,2504;0,6559;0,7844;0,0638;0,4945;0,0911;0,3658;0,9334
,137,137,137,137,137,137,138,138,138,138,138,138,138,138,138,138,138,138,138,138,138,138,138,138,138,138,138,138,138,138,139,139,139,139,139,139,139,139,139,139,139,139,139,139,139,139,139,139,139,139,139,139,139,140,140,140,140,140,140,140,140,140,140,140,140,140,140,140,140,140,140,140,141,141,141,141,141,141,141,141,141,141,141,142,142,142,142,142,142,142,142,142,143,143,143,143,143,144,144,144
Fitness 4,769103, Gen ;0,9347;0,2422;0,7533;0,3658;0,5662;0,8873;0,7134;0,3562;0,8793;0,5299;0,9321;0,5368;0,2571;0,2504;0,6559;0,7844;0,0638;0,4945;0,0911;0,3658;0,9334
,183,183,184,185,185,185,186,186,186,187,187,187,188,188,188,189
Fitness 0,000145403, Gen ;0,9347;0,2422;0,7533;0,3658;0,5662;0,8873;0,7134;0,3562;0,8793;0,5299;0,9321;0,5368;0,2571;0,2504;0,6559;0,7844;0,0638;0,4945;0,0911;0,3658;0,9334
,175,175,175,175,175,175,175,175,175,175,175,176,176,176,176,176,176,176,176,176,176,176,176,176,176,176,176,176,176,176,176,177,177,177,177,177,177,177,177,177,177,177,177,177,177,177,177,177,177,177,178,178,178,178,178,178,178,178,178,178,178,178,178,178,178,178,178,178,178,178,178,178,178,178,179,179,179,179,179,179,179,179,179,180,180,180,180,180,180,180,180,180,180,180,180,181,181,181,181,181
Fitness 9,378071, Gen ;0,9347;0,2422;0,7533;0,3658;0,5662;0,8873;0,7134;0,3562;0,8793;0,5299;0,9321;0,5368;0,2571;0,2504;0,6559;0,7844;0,0638;0,4945;0,0911;0,3658;0,9334
,197,197,197,197,197,197,197,198,198,198,198,198,198,198,198,198,198,198,199,199,199,199,199,199,199,199,199,199,199,199,199,199,199,199,200,200,200,200,200,200,200,200,200,200,200,200,200,200,200,201,201,201,201,202
Fitness 0,0003976385, Gen ;0,9347;0,2422;0,7533;0,3658;0,5662;0,8873;0,7134;0,3562;0,8793;0,5299;0,9321;0,5368;0,2571;0,2504;0,6559;0,7844;0,0638;0,4945;0,0911;0,3658;0,9334
,180,180,180,180,180,180,180,181,181,181,181,181,181,181,181,181,181,181,181,181,181,181,181,181,181,181,181,181,181,182,182,182,182,182,182,182,182,182,182,182,182,182,182,182,182,182,182,182,182,182,182,183,183,183,183,183,183,183,183,183,183,183,183,183,183,183,183,183,183,183,183,184,184,184,184,184,184,184,184,184,185,185,185,185,185,185,185,185,185,185,186,186,186,186,186,186,187
Fitness 2,178648, Gen ;0,9347;0,2422;0,7533;0,3658;0,5662;0,8873;0,7134;0,3562;0,8793;0,5299;0,9321;0,5368;0,2571;0,2504;0,6559;0,7844;0,0638;0,4945;0,0911;0,3658;0,9334
,150,150,150,150,151,151,151,151,151,151,151,151,151,151,151,151,151,151,151,151,151,151,151,152,152,152,152,152,152,152,152,152,152,152,152,152,152,152,152,152,152,152,152,152,152,152,152,152,153,153,153,153,153,153,153,153,153,153,153,153,153,153,153,153,153,153,153,154,154,154,154,154,154,154,154,154,154,154,155,155,155,155,155,155,155,155,156,156,156,156,156,156,156,156,157,157,157,157,157,158
Fitness 0,0003236265, Gen ;0,9347;0,2422;0,7533;0,3658;0,5662;0,8873;0,7134;0,3562;0,8793;0,5299;0,9321;0,5368;0,2571;0,2504;0,6559;0,7844;0,0638;0,4945;0,0911;0,3658;0,9334
,207,207,208,208,208,208,208,208,208,209,209,209,209,209,209,209,209,210,210,210,210,210,210,210,210,211,211,211,211,211,211,211,211,211,211,211,212,212,212,212,212,212,212,212,212,212,212,213,213,213,213,213,213,213,213,213,213,213,213,213,213,214,214,214,214,214,214,214,215,215,215,215,215,216,216,225,226,226,226,226,227,227,227,227,228,228,228,228,228,229,229,229,229,229,229,230,230,231,231
Fitness 0,0001826581, Gen ;0,9347;0,2422;0,7533;0,3658;0,5662;0,8873;0,7134;0,3562;0,8793;0,5299;0,9321;0,5368;0,2571;0,2504;0,6559;0,7844;0,0638;0,4945;0,0911;0,3658;0,9334
,168,168,168,168,168,168,168,168,168,168,168,168,168,168,169,169,169,169,169,169,169,169,169,169,169,169,169,169,169,169,169,169,169,170,170,170,170,170,170,170,170,170,170,170,170,170,170,170,170,170,170,170,170,171,171,171,171,171,171,171,171,171,171,171,171,171,171,171,171,171,172,172,172,172,172,172,172,172,172,172,172,172,172,173,173,173,173,173,173,173,173,173,173,173,174,174,174,174,174,174
Fitness 5,980099, Gen ;0,9347;0,2422;0,7533;0,3658;0,5662;0,8873;0,7134;0,3562;0,8793;0,5299;0,9321;0,5368;0,2571;0,2504;0,6559;0,7844;0,0638;0,4945;0,0911;0,3658;0,9334
,135,135,135,136,136,136,136,136,136,136,136,136,136,136,136,136,136,136,136,136,136,136,136,137,137,137,137,137,137,137,137,137,137,137,137,137,137,137,137,137,137,137,137,137,137,137,137,137,137,138,138,138,138,138,138,138,138,138,138,138,138,138,138,138,138,138,138,138,138,139,139,139,139,139,139,139,139,139,139,140,140,140,140,140,140,140,141,141,141,141,141,141,142
Fitness 0,0002868629, Gen ;0,9347;0,2422;0,7533;0,3658;0,5662;0,8873;0,7134;0,3562;0,8793;0,5299;0,9321;0,5368;0,2571;0,2504;0,6559;0,7844;0,0638;0,4945;0,0911;0,3658;0,9334
,136,136,136,136,136,136,136,136,136,136,136,137,137,137,137,137,137,137,137,137,137,137,137,137,137,137,137,137,137,138,138,138,138,138,138,138,138,138,138,138,138,138,138,138,138,138,138,138,138,139,139,139,139,139,139,139,139,139,139,140,140,140,149,149,149,149,149,149,149,150,150,150
Fitness 3,021798, Gen ;0,9347;0,2422;0,7533;0,3658;0,5662;0,8873;0,7134;0,3562;0,8793;0,5299;0,9321;0,5368;0,2571;0,2504;0,6559;0,7844;0,0638;0,4945;0,0911;0,3658;0,9334
,205,205,205,205,205,205,205,205,205,205,205,206,206,206,206,206,206,206,206,206,206,206,206,206,206,206,206,206,206,206,206,206,206,207,207,207,207,207,207,207,207,207,207,207,207,207,207,207,207,207,207,207,207,207,207,208,208,208,208,208,208,208,208,208,208,208,208,208,208,208,208,208,208,208,208,208,208,208,209,209,209,209,209,209,209,209,209,209,209,209,209,210,210,210,210,210,210,211,212,212
Fitness 0,0001407586, Gen ;0,9347;0,2422;0,7533;0,3658;0,5662;0,8873;0,7134;0,3562;0,8793;0,5299;0,9321;0,5368;0,2571;0,2504;0,6559;0,7844;0,0638;0,4945;0,0911;0,3658;0,9334
,210,210,210,210,210,210,210,210,211,211,211,211,211,211,211,211,211,211,211,211,211,211,211,211,211,211,211,211,212,212,212,212,212,212,212,212,212,212,212,212,212,212,212,212,212,212,212,213,213,213,213,213,213,213,213,213,213,213,213,213,213,213,213,213,213,214,214,214,214,214,214,214,214,214,215,215,215,215,215,215,216,216,216,216,216,216,216,216,216,216,217,217,217,217,217,217,218,218,218,218
Fitness 0,0001832512, Gen ;0,9347;0,2422;0,7533;0,3658;0,5662;0,8873;0,7134;0,3562;0,8793;0,5299;0,9321;0,5368;0,2571;0,2504;0,6559;0,7844;0,0638;0,4945;0,0911;0,3658;0,9334
,179,179,179,180,180,180,180,180,180,180,180,180,180,180,180,180,180,180,180,180,181,181,181,181,181,181,181,181,181,181,181,181,181,181,181,181,181,181,181,182,182,182,182,182,182,182,182,182,182,182,182,182,182,182,182,183,183,183,183,183,183,183,183,183,183,183,183,184,184,184,184,184,184,184,184,184,184,184,185,185,185,185,185,185,186,186,186,186,186,187,187,187,187,187,187,188,188,188,188,189
Fitness 0,2634748, Gen ;0,9347;0,2422;0,7533;0,3658;0,5662;0,8873;0,7134;0,3562;0,8793;0,5299;0,9321;0,5368;0,2571;0,2504;0,6559;0,7844;0,0638;0,4945;0,0911;0,3658;0,9334

Fitness 0,1294136, Gen ;0,9347;0,2422;0,7533;0,3658;0,5662;0,8873;0,7134;0,3562;0,8793;0,5299;0,9321;0,5368;0,2571;0,2504;0,6559;0,7844;0,0638;0,4945;0,0911;0,3658;0,9334

Fitness 1,503343, Gen ;0,9347;0,2422;0,7533;0,3658;0,5662;0,8873;0,7134;0,3562;0,8793;0,5299;0,9321;0,5368;0,2571;0,2504;0,6559;0,7844;0,0638;0,4945;0,0911;0,3658;0,9334
,209,209,210,210,210,210,210,210,211,211,211,211,211,211,211,211,211,211,211,211,211,211,212,212,212,212,212,212,212,212,212,212,212,212,212,212,212,212,212,212,212,212,212,213,213,213,213,213,213,213,213,213,213,213,213,213,214,214,214,214,214,214,215
Fitness 0,0001966866, Gen ;0,9347;0,2422;0,7533;0,3658;0,5662;0,8873;0,7134;0,3562;0,8793;0,5299;0,9321;0,5368;0,2571;0,2504;0,6559;0,7844;0,0638;0,4945;0,0911;0,3658;0,9334

Fitness 0,0002021287, Gen ;0,9347;0,2422;0,7533;0,3658;0,5662;0,8873;0,7134;0,3562;0,8793;0,5299;0,9321;0,5368;0,2571;0,2504;0,6559;0,7844;0,0638;0,4945;0,0911;0,3658;0,9334
,45,161,161,161,161,161,162,162,162,162,162,162,162,162,162,162,162,162,162,162,162,162,162,162,162,162,162,162,162,162,162,162,162,163,163,163,163,163,163,163,163,163,163,163,163,163,163,163,163,163,163,163,163,163,163,163,163,163,163,164,164,164,164,164,164,164,164,164,164,164,164,164,164,164,164,164,164,164,164,164,164,164,164,164,164,164,165,165,165,165,165,165,165,165,165,165,165,166,166,166
Fitness 0,0003365913, Gen ;0,9347;0,2422;0,7533;0,3658;0,5662;0,8873;0,7134;0,3562;0,8793;0,5299;0,9321;0,5368;0,2571;0,2504;0,6559;0,7844;0,0638;0,4945;0,0911;0,3658;0,9334

Fitness 0,0002081729, Gen ;0,9347;0,2422;0,7533;0,3658;0,5662;0,8873;0,7134;0,3562;0,8793;0,5299;0,9321;0,5368;0,2571;0,2504;0,6559;0,7844;0,0638;0,4945;0,0911;0,3658;0,9334

Fitness 4,311194, Gen ;0,9347;0,2422;0,7533;0,3658;0,5662;0,8873;0,7134;0,3562;0,8793;0,5299;0,9321;0,5368;0,2571;0,2504;0,6559;0,7844;0,0638;0,4945;0,0911;0,3658;0,9334
,134,134,134,134,134,134,134,134,134,134,134,134,134,134,134,135,135,135,135,135,135,135,135,135,135,135,135,135,135,135,135,135,135,135,135,135,135,135,135,135,135,135,136,136,136,136,136,136,136,136,136,136,136,136,136,136,136,136,136,136,136,136,136,136,137,137,137,137,137,137,137,137,137,137,137,137,137,137,137,137,137,138,138,138,138,138,138,138,138,138,138,139,139,139,139,139,139,139,140,140
Fitness 0,0002178804, Gen ;0,9347;0,2422;0,7533;0,3658;0,5662;0,8873;0,7134;0,3562;0,8793;0,5299;0,9321;0,5368;0,2571;0,2504;0,6559;0,7844;0,0638;0,4945;0,0911;0,3658;0,9334
,138,138,138,138,138,138,138,138,138,138,138,139,139,139,139,139,139,139,139,139,139,139,139,139,139,139,139,139,139,139,139,139,139,140,140,140,140,140,140,140,140,140,140,140,140,140,140,140,140,140,140,140,140,140,141,141,141,141,141,141,141,141,142,142,142,143
Fitness 0,0003029639, Gen ;0,9347;0,2422;0,7533;0,3658;0,5662;0,8873;0,7134;0,3562;0,8793;0,5299;0,9321;0,5368;0,2571;0,2504;0,6559;0,7844;0,0638;0,4945;0,0911;0,3658;0,9334
,230,230,230,230,230,230,231,231,231,231,231,231,231,231,231,231,231,231,231,231,231,231,231,231,231,231,231,231,232,232,232,232,232,232,232,232,232,232,232,232,232,232,232,232,232,232,232,232,232,232,233,233,233,233,233,233,233,233,233,233,233,233,233,233,233,233,233,233,233,233,233,233,234,234,234,234,234,234,234,234,234,234,235,235,235,235,235,235,235,235,235,235,236,236,236,236,237,237,237,238
