	50PopravljenStroembom ovc
	5 AI1 ovcarjev
Generacija 1, Fitness 0.004816928, Gen ;0.881;0.4767;0.0539;0.4042;0.9889;0.8732;0.0891;0.5659;0.5705;0.7839;0.196;0.4442;0.3504;0.3495;0.1882;0.873;0.5867;0.3777;0.2913;0.1194;0.1341

Generacija 1, Fitness 0.00471471, Gen ;0.4422;0.8364;0.7025;0.8023;0.9759;0.9134;0.2527;0.1705;0.7075;0.8241;0.7832;0.0194;0.4372;0.8504;0.7808;0.7932;0.3997;0.3919;0.0584;0.1196;0.9084

Generacija 1, Fitness 0.004860369, Gen ;0.3497;0.2545;0.0518;0.688;0.8129;0.8997;0.3785;0.2802;0.2946;0.2682;0.2124;0.9454;0.6041;0.2395;0.2095;0.3899;0.5631;0.7709;0.6106;0.7849;0.7747

Generacija 1, Fitness 140.275, Gen ;0.4834;0.0894;0.73;0.5087;0.6503;0.7964;0.8257;0.8338;0.3761;0.8157;0.8107;0.4971;0.0322;0.5846;0.5735;0.6981;0.5523;0.0628;0.1412;0.7485;0.6813
,59,59,60,60,60,60,60,60,60,60,60,60,60,60,60,60,60,60,60,60,60,60,61,61,61,61,61,61,61,61,61,61,61,61,61,61,61,61,61,61,61,62,62,62,62,62,62,62,62,62
Generacija 1, Fitness 0.004849469, Gen ;0.4565;0.4588;0.3313;0.5556;0.8213;0.9668;0.4078;0.1481;0.1594;0.9583;0.1075;0.9437;0.0363;0.1741;0.3356;0.1134;0.7982;0.3265;0.7665;0.9603;0.6092

Generacija 1, Fitness 0.004805634, Gen ;0.5171;0.222;0.168;0.1608;0.4201;0.9448;0.8774;0.402;0.7563;0.8768;0.8972;0.4087;0.3752;0.5108;0.3093;0.0884;0.9606;0.9261;0.2453;0.2173;0.9917

Generacija 1, Fitness 0.004883774, Gen ;0.2057;0.4445;0.788;0.1251;0.563;0.4664;0.5247;0.6782;0.5657;0.4172;0.8259;0.2843;0.915;0.943;0.321;0.1625;0.1788;0.9124;0.3527;0.5616;0.5043

Generacija 1, Fitness 0.004569458, Gen ;0.8934;0.1946;0.9964;0.7691;0.6506;0.4847;0.2845;0.0573;0.0243;0.0209;0.0892;0.8491;0.2355;0.0271;0.3908;0.327;0.4174;0.1044;0.8948;0.3141;0.2806

Generacija 1, Fitness 0.004953364, Gen ;0.7952;0.1549;0.7817;0.7972;0.5113;0.2594;0.0948;0.6538;0.5103;0.4317;0.2002;0.2181;0.6302;0.2357;0.6065;0.1807;0.4789;0.4839;0.7821;0.3158;0.5624
,113,143
Generacija 1, Fitness 0.004778564, Gen ;0.9827;0.2237;0.9557;0.3132;0.0132;0.6042;0.5463;0.1047;0.0851;0.7255;0.0465;0.5009;0.8366;0.7344;0.5922;0.1129;0.9831;0.7701;0.5158;0.1322;0.2626
,125,125,127
Generacija 1, Fitness 0.004703619, Gen ;0.6467;0.3486;0.205;0.5071;0.108;0.003;0.8835;0.0433;0.326;0.2624;0.7209;0.6212;0.4516;0.87;0.193;0.4804;0.3717;0.2827;0.3012;0.4814;0.4745

Generacija 1, Fitness 0.004760348, Gen ;0.2822;0.0294;0.1955;0.1879;0.3258;0.0148;0.1939;0.26;0.4904;0.5866;0.8423;0.6163;0.4206;0.5973;0.7937;0.196;0.3995;0.4822;0.6632;0.2452;0.2011

Generacija 1, Fitness 0.004832542, Gen ;0.0521;0.4892;0.971;0.6505;0.4064;0.5754;0.5473;0.8285;0.0297;0.8053;0.7506;0.9132;0.1966;0.6211;0.1523;0.7155;0.5392;0.4295;0.71;0.9918;0.9657
,88
Generacija 1, Fitness 0.004688123, Gen ;0.2372;0.5209;0.9268;0.9253;0.6104;0.4287;0.5329;0.7766;0.6706;0.446;0.1473;0.2385;0.3323;0.0455;0.9823;0.6567;0.2374;0.3192;0.8093;0.8458;0.6773

Generacija 1, Fitness 128.9937, Gen ;0.4222;0.8681;0.945;0.5755;0.3331;0.5531;0.4382;0.5831;0.8936;0.5443;0.1346;0.2172;0.1877;0.1552;0.4122;0.4373;0.7933;0.4159;0.8462;0.8348;0.4666
,62,62,62,62,62,62,62,62,63,63,63,63,63,63,63,63,63,63,63,63,63,63,63,63,63,63,63,63,63,63,63,63,63,63,63,63,64,64,64,64,64,64,64,64,64,64,64,64,65,65
Generacija 1, Fitness 0.004889165, Gen ;0.0243;0.9308;0.7815;0.3627;0.6478;0.5847;0.2868;0.2141;0.9823;0.3679;0.8802;0.9703;0.6281;0.2142;0.9571;0.7721;0.9631;0.6907;0.0028;0.8456;0.1512
,168
Generacija 1, Fitness 0.004763008, Gen ;0.3058;0.6692;0.4279;0.834;0.3409;0.2062;0.205;0.8507;0.7464;0.4281;0.0947;0.9075;0.9738;0.1586;0.9697;0.8384;0.1461;0.4426;0.2552;0.6209;0.8646

Generacija 1, Fitness 0.004703758, Gen ;0.6416;0.6833;0.5736;0.2728;0.1093;0.4521;0.9398;0.5279;0.2428;0.1807;0.6595;0.0795;0.5137;0.0739;0.3698;0.6461;0.5763;0.9091;0.1482;0.6999;0.9622

Generacija 1, Fitness 0.004749664, Gen ;0.8859;0.9959;0.3476;0.2001;0.9641;0.0862;0.7887;0.9665;0.9112;0.8232;0.1121;0.8896;0.7675;0.536;0.1067;0.5433;0.0083;0.9714;0.2142;0.9154;0.5867

Generacija 1, Fitness 0.007358427, Gen ;0.8421;0.7853;0.1678;0.791;0.8403;0.9044;0.7824;0.2957;0.9916;0.3752;0.9992;0.7996;0.1297;0.8984;0.4995;0.9275;0.5137;0.8678;0.7504;0.3082;0.7281
,54,54,54,54,54,54,54,54,54,54,54,54,54,54,54,54,54,54,54,54,55,55,55,55,55,55,55,55,55,55,55,55,55,55,55,55,55,55,55,55,55,55,56,56,56,56,56,56,170
Generacija 1, Fitness 0.004837663, Gen ;0.1134;0.382;0.3519;0.4455;0.4055;0.5529;0.0041;0.3243;0.5841;0.3407;0.4445;0.6664;0.4402;0.5606;0.6663;0.5338;0.2304;0.939;0.22;0.666;0.3974

Generacija 1, Fitness 0.004715392, Gen ;0.4099;0.2694;0.7685;0.6303;0.3234;0.4823;0.4406;0.8815;0.482;0.9324;0.7812;0.0713;0.2648;0.0342;0.5878;0.2868;0.663;0.6576;0.9275;0.3694;0.3789

Generacija 1, Fitness 0.0047945, Gen ;0.3051;0.5118;0.9148;0.9701;0.7062;0.065;0.0819;0.7091;0.3722;0.9864;0.171;0.0909;0.9066;0.0094;0.9401;0.3302;0.1475;0.63;0.7077;0.5842;0.5665
,154
Generacija 1, Fitness 0.004750452, Gen ;0.5028;0.9093;0.9983;0.8153;0.3408;0.4412;0.9963;0.2992;0.7025;0.9608;0.1757;0.8743;0.151;0.8999;0.0204;0.0833;0.9131;0.9214;0.4867;0.5642;0.5385

Generacija 1, Fitness 0.004918084, Gen ;0.6343;0.5356;0.6258;0.689;0.606;0.1187;0.6192;0.2457;0.4079;0.4849;0.6155;0.1407;0.8926;0.1124;0.751;0.5743;0.1582;0.0869;0.9436;0.3024;0.8244

Generacija 1, Fitness 0.005054424, Gen ;0.3815;0.7133;0.3944;0.5501;0.5797;0.4688;0.4897;0.8908;0.0443;0.5061;0.2228;0.7295;0.2778;0.2803;0.4399;0.4046;0.1383;0.3467;0.2529;0.8442;0.3204

Generacija 1, Fitness 0.004744187, Gen ;0.4906;0.9775;0.2032;0.1774;0.5045;0.5529;0.2307;0.0028;0.5395;0.3256;0.1775;0.2566;0.6814;0.3074;0.2691;0.5907;0.7338;0.2273;0.1305;0.7818;0.7183

Generacija 1, Fitness 0.004679459, Gen ;0.037;0.1258;0.1767;0.1249;0.6888;0.2818;0.3829;0.8666;0.9636;0.021;0.4872;0.8094;0.5957;0.2423;0.6387;0.0154;0.3521;0.9737;0.3366;0.169;0.4917

Generacija 1, Fitness 0.00464728, Gen ;0.0389;0.1634;0.9361;0.7793;0.1383;0.8437;0.2865;0.1774;0.0788;0.8139;0.7097;0.0875;0.4907;0.786;0.4166;0.9564;0.748;0.3283;0.8318;0.8624;0.7305
,101
Generacija 1, Fitness 105.7929, Gen ;0.2172;0.5128;0.2699;0.929;0.2599;0.1757;0.6956;0.6173;0.369;0.8506;0.94;0.2978;0.1538;0.749;0.4416;0.1673;0.8516;0.8274;0.8794;0.4652;0.9223
,66,66,66,67,67,67,67,67,67,67,67,67,67,67,67,67,67,67,67,67,67,67,67,67,67,68,68,68,68,68,68,68,68,68,68,68,68,68,68,68,69,69,70,70,71,71,71,71,71,71
Generacija 1, Fitness 0.004787948, Gen ;0.768;0.5067;0.9213;0.3838;0.2735;0.2885;0.9992;0.1438;0.0113;0.6917;0.1388;0.7005;0.1367;0.9044;0.2682;0.0508;0.3773;0.8859;0.6804;0.8156;0.3499

Generacija 1, Fitness 110.5161, Gen ;0.294;0.2688;0.1343;0.3967;0.8781;0.617;0.2668;0.1618;0.2375;0.2121;0.2242;0.4855;0.2132;0.0892;0.143;0.1516;0.7844;0.441;0.2448;0.8559;0.8541
,64,64,65,65,65,65,65,65,65,65,65,65,66,66,66,66,66,66,66,66,66,66,66,66,66,66,67,67,67,67,67,67,67,67,67,68,68,68,69,69,69,69,69,69,69,69,70,70,70,70
Generacija 1, Fitness 0.004740573, Gen ;0.8483;0.0002;0.4025;0.2116;0.2256;0.7878;0.1447;0.5706;0.4256;0.799;0.3203;0.3645;0.5552;0.4071;0.9257;0.4968;0.7732;0.4688;0.1467;0.2064;0.3111

