	50Ginelli ovc
	1 AI2 ovcarjev
Fitness 71,13323, Gen ;0,1982;0,7227;0,4468;0,2679;0,886;0,2328;0,0351;0,5319;0,0555;0,0963;0,3073;0,3129;0,1473;0,5062;0,4623;0,1493;0,1011;0,4369;0,6114;0,0513;0,0547
,46,46,46,47,47,47,48,48,48,49,49,49,49,49,49,49,49,49,49,49,49,49,49,49,49,49,49,49,49,49,49,49,50,50,50,50,50,50,50,50,50,50,50,50,51,51,53,53,53,56
Fitness 60,52259, Gen ;0,1982;0,7227;0,4468;0,2679;0,886;0,2328;0,0351;0,5319;0,0555;0,0963;0,3073;0,3129;0,1473;0,5062;0,4623;0,1493;0,1011;0,4369;0,6114;0,0513;0,0547
,52,52,52,52,52,53,53,53,55,55,55,55,56,56,56,56,56,56,56,56,56,56,56,56,56,56,56,56,56,56,56,56,57,57,57,57,57,57,57,57,57,57,57,57,58,58,59,60,61,63
Fitness 34,23145, Gen ;0,1982;0,7227;0,4468;0,2679;0,886;0,2328;0,0351;0,5319;0,0555;0,0963;0,3073;0,3129;0,1473;0,5062;0,4623;0,1493;0,1011;0,4369;0,6114;0,0513;0,0547
,69,69,69,69,70,71,71,71,71,71,71,72,72,72,72,72,72,73,73,73,73,73,73,73,73,73,73,73,73,73,73,73,73,73,73,74,74,74,74,74,74,76,76,76,77,77,78,79,81,85
Fitness 61,22296, Gen ;0,1982;0,7227;0,4468;0,2679;0,886;0,2328;0,0351;0,5319;0,0555;0,0963;0,3073;0,3129;0,1473;0,5062;0,4623;0,1493;0,1011;0,4369;0,6114;0,0513;0,0547
,54,54,55,56,56,56,57,57,57,57,57,57,57,57,57,57,57,58,58,58,58,58,58,58,58,58,58,58,58,58,58,58,58,58,58,58,58,58,58,58,58,58,58,59,59,60,60,60,61,61
Fitness 0,4672968, Gen ;0,1982;0,7227;0,4468;0,2679;0,886;0,2328;0,0351;0,5319;0,0555;0,0963;0,3073;0,3129;0,1473;0,5062;0,4623;0,1493;0,1011;0,4369;0,6114;0,0513;0,0547
,147,147,148,148,148,148,149,149,149,149,150,150,150,150,150,150,150,150,150,150,150,150,150,150,150,150,150,150,150,150,150,150,151,151,151,151,151,151,151,151,151,151,151,151,152,152,152,152,155,159
Fitness 3,720583, Gen ;0,1982;0,7227;0,4468;0,2679;0,886;0,2328;0,0351;0,5319;0,0555;0,0963;0,3073;0,3129;0,1473;0,5062;0,4623;0,1493;0,1011;0,4369;0,6114;0,0513;0,0547
,83,83,83,92,93,93,93,93,93,93,93,93,94,94,94,94,94,94,94,94,95,95,95,95,95,95,95,132,133,133,134,134,134,134,134,134,134,135,135,135,136,136,136,136,137,138,138,138,140,140
Fitness 44,2108, Gen ;0,1982;0,7227;0,4468;0,2679;0,886;0,2328;0,0351;0,5319;0,0555;0,0963;0,3073;0,3129;0,1473;0,5062;0,4623;0,1493;0,1011;0,4369;0,6114;0,0513;0,0547
,65,65,67,67,68,68,68,68,68,68,68,69,69,69,69,69,69,69,69,69,69,69,69,69,69,69,69,69,69,69,69,69,69,69,69,69,69,69,69,69,69,69,69,69,69,69,69,71,73,74
Fitness 64,1543, Gen ;0,1982;0,7227;0,4468;0,2679;0,886;0,2328;0,0351;0,5319;0,0555;0,0963;0,3073;0,3129;0,1473;0,5062;0,4623;0,1493;0,1011;0,4369;0,6114;0,0513;0,0547
,51,51,52,52,52,53,54,54,54,54,55,55,55,55,55,55,55,55,55,55,55,55,55,55,55,55,55,55,55,55,55,55,55,55,55,55,55,55,55,55,55,56,56,56,56,56,56,57,58,60
Fitness 19,32077, Gen ;0,1982;0,7227;0,4468;0,2679;0,886;0,2328;0,0351;0,5319;0,0555;0,0963;0,3073;0,3129;0,1473;0,5062;0,4623;0,1493;0,1011;0,4369;0,6114;0,0513;0,0547
,56,57,58,58,58,58,58,58,59,60,60,60,60,60,60,61,61,61,61,61,61,61,61,61,62,62,62,62,62,62,62,62,62,62,62,62,62,62,62,62,103,103,105,105,105,105,105,108,109,110
Fitness 46,68061, Gen ;0,1982;0,7227;0,4468;0,2679;0,886;0,2328;0,0351;0,5319;0,0555;0,0963;0,3073;0,3129;0,1473;0,5062;0,4623;0,1493;0,1011;0,4369;0,6114;0,0513;0,0547
,66,67,68,68,68,68,68,68,68,68,68,68,68,69,69,69,69,69,69,69,69,69,69,69,69,69,69,69,69,69,69,69,69,69,69,69,69,69,69,69,69,69,69,69,69,69,70,71,71,71
Fitness 33,57393, Gen ;0,1982;0,7227;0,4468;0,2679;0,886;0,2328;0,0351;0,5319;0,0555;0,0963;0,3073;0,3129;0,1473;0,5062;0,4623;0,1493;0,1011;0,4369;0,6114;0,0513;0,0547
,68,68,69,69,70,71,71,71,71,71,72,72,72,72,72,72,72,72,72,72,72,72,72,72,72,72,72,72,72,72,72,72,72,72,73,73,73,73,73,73,73,73,73,73,73,73,73,74,79,86
Fitness 11,72313, Gen ;0,1982;0,7227;0,4468;0,2679;0,886;0,2328;0,0351;0,5319;0,0555;0,0963;0,3073;0,3129;0,1473;0,5062;0,4623;0,1493;0,1011;0,4369;0,6114;0,0513;0,0547
,58,58,58,58,59,59,60,60,60,61,61,61,62,62,63,63,63,63,63,63,63,63,64,64,64,64,64,64,64,64,64,64,64,64,64,64,64,64,115,116,116,116,117,117,117,117,118,118,123,124
Fitness 59,03622, Gen ;0,1982;0,7227;0,4468;0,2679;0,886;0,2328;0,0351;0,5319;0,0555;0,0963;0,3073;0,3129;0,1473;0,5062;0,4623;0,1493;0,1011;0,4369;0,6114;0,0513;0,0547
,53,54,54,54,54,55,55,56,56,56,56,56,57,57,57,57,57,57,57,57,57,57,57,57,57,57,57,57,57,57,57,57,57,57,57,57,57,58,58,58,58,58,59,59,59,59,59,59,62,64
Fitness 36,8607, Gen ;0,1982;0,7227;0,4468;0,2679;0,886;0,2328;0,0351;0,5319;0,0555;0,0963;0,3073;0,3129;0,1473;0,5062;0,4623;0,1493;0,1011;0,4369;0,6114;0,0513;0,0547
,71,71,71,72,72,72,73,73,73,73,73,73,74,74,74,74,74,74,74,74,74,74,74,74,74,74,74,74,74,74,74,74,74,74,74,74,74,74,74,74,74,74,74,74,75,75,75,76,81,81
Fitness 26,59055, Gen ;0,1982;0,7227;0,4468;0,2679;0,886;0,2328;0,0351;0,5319;0,0555;0,0963;0,3073;0,3129;0,1473;0,5062;0,4623;0,1493;0,1011;0,4369;0,6114;0,0513;0,0547
,52,52,52,53,53,54,54,54,55,55,55,56,56,56,56,56,56,56,57,57,57,57,57,57,57,57,57,57,57,57,57,57,57,57,57,57,57,57,57,57,58,58,58,58,58,94,95,97,99,101
Fitness 10,45327, Gen ;0,1982;0,7227;0,4468;0,2679;0,886;0,2328;0,0351;0,5319;0,0555;0,0963;0,3073;0,3129;0,1473;0,5062;0,4623;0,1493;0,1011;0,4369;0,6114;0,0513;0,0547
,65,65,65,65,66,66,66,66,66,67,67,67,67,67,67,67,67,67,68,68,68,68,68,68,68,69,69,69,70,70,71,71,71,71,71,118,118,118,119,119,120,120,121,121,121,122,122,124,125,125
Fitness 11,48359, Gen ;0,1982;0,7227;0,4468;0,2679;0,886;0,2328;0,0351;0,5319;0,0555;0,0963;0,3073;0,3129;0,1473;0,5062;0,4623;0,1493;0,1011;0,4369;0,6114;0,0513;0,0547
,59,59,59,60,60,60,61,62,62,62,63,63,63,63,63,63,63,64,64,64,64,64,64,65,65,65,65,65,65,65,65,65,65,65,65,65,65,65,66,66,66,66,67,101,119,120,121,121,122,125
Fitness 73,02608, Gen ;0,1982;0,7227;0,4468;0,2679;0,886;0,2328;0,0351;0,5319;0,0555;0,0963;0,3073;0,3129;0,1473;0,5062;0,4623;0,1493;0,1011;0,4369;0,6114;0,0513;0,0547
,48,48,48,49,50,50,50,50,50,51,51,51,51,51,51,51,51,51,51,51,51,51,51,51,51,51,51,51,51,51,51,51,51,51,51,51,51,51,52,52,52,52,52,52,53,53,53,53,54,54
Fitness 51,64259, Gen ;0,1982;0,7227;0,4468;0,2679;0,886;0,2328;0,0351;0,5319;0,0555;0,0963;0,3073;0,3129;0,1473;0,5062;0,4623;0,1493;0,1011;0,4369;0,6114;0,0513;0,0547
,60,60,61,61,62,62,62,62,62,62,63,63,63,63,63,63,63,63,63,63,63,63,63,63,63,63,63,63,63,63,63,63,63,64,64,64,64,64,64,64,64,64,64,64,65,65,65,66,66,68
Fitness 19,36098, Gen ;0,1982;0,7227;0,4468;0,2679;0,886;0,2328;0,0351;0,5319;0,0555;0,0963;0,3073;0,3129;0,1473;0,5062;0,4623;0,1493;0,1011;0,4369;0,6114;0,0513;0,0547
,62,62,62,63,63,64,64,64,64,64,65,65,65,65,65,65,65,66,66,66,66,66,66,67,67,67,68,69,69,69,69,69,69,70,70,70,70,70,70,70,70,70,103,103,103,104,108,108,108,108
Fitness 61,88776, Gen ;0,1982;0,7227;0,4468;0,2679;0,886;0,2328;0,0351;0,5319;0,0555;0,0963;0,3073;0,3129;0,1473;0,5062;0,4623;0,1493;0,1011;0,4369;0,6114;0,0513;0,0547
,53,53,54,54,54,54,54,55,56,56,56,56,57,57,57,57,57,57,57,57,57,57,57,57,57,57,57,57,57,57,57,57,57,57,57,58,58,58,58,58,58,58,58,59,59,59,59,59,60,61
Fitness 50,0028, Gen ;0,1982;0,7227;0,4468;0,2679;0,886;0,2328;0,0351;0,5319;0,0555;0,0963;0,3073;0,3129;0,1473;0,5062;0,4623;0,1493;0,1011;0,4369;0,6114;0,0513;0,0547
,61,61,61,62,62,63,63,63,63,63,63,64,64,64,65,65,65,65,65,65,65,65,65,65,65,65,65,65,65,65,65,65,65,65,65,65,65,66,66,66,67,67,67,67,68,68,68,68,68,69
Fitness 73,99616, Gen ;0,1982;0,7227;0,4468;0,2679;0,886;0,2328;0,0351;0,5319;0,0555;0,0963;0,3073;0,3129;0,1473;0,5062;0,4623;0,1493;0,1011;0,4369;0,6114;0,0513;0,0547
,46,46,46,46,48,48,48,49,49,49,49,50,50,50,50,50,50,50,50,50,50,50,50,50,50,50,50,50,50,50,50,50,50,50,50,50,50,50,51,51,51,51,51,51,52,52,53,53,53,54
Fitness 5,974183, Gen ;0,1982;0,7227;0,4468;0,2679;0,886;0,2328;0,0351;0,5319;0,0555;0,0963;0,3073;0,3129;0,1473;0,5062;0,4623;0,1493;0,1011;0,4369;0,6114;0,0513;0,0547
,73,73,74,74,75,75,75,75,75,75,75,75,75,75,75,75,76,76,76,76,76,76,76,77,77,77,77,77,77,77,77,77,77,77,77,77,77,78,129,130,131,131,131,131,131,132,132,136,136,137
Fitness 71,69971, Gen ;0,1982;0,7227;0,4468;0,2679;0,886;0,2328;0,0351;0,5319;0,0555;0,0963;0,3073;0,3129;0,1473;0,5062;0,4623;0,1493;0,1011;0,4369;0,6114;0,0513;0,0547
,46,46,46,46,47,48,48,48,48,48,49,49,49,49,49,49,49,49,49,49,49,49,49,50,50,50,50,50,50,50,50,50,50,50,50,50,50,50,50,50,50,50,51,51,51,52,52,53,54,56
Fitness 63,90326, Gen ;0,1982;0,7227;0,4468;0,2679;0,886;0,2328;0,0351;0,5319;0,0555;0,0963;0,3073;0,3129;0,1473;0,5062;0,4623;0,1493;0,1011;0,4369;0,6114;0,0513;0,0547
,50,50,50,51,51,51,51,51,51,52,52,53,53,53,53,53,53,53,53,53,53,53,53,53,53,53,53,53,53,53,53,53,53,53,53,53,53,53,54,54,54,54,55,55,55,55,56,56,59,61
Fitness 23,08824, Gen ;0,1982;0,7227;0,4468;0,2679;0,886;0,2328;0,0351;0,5319;0,0555;0,0963;0,3073;0,3129;0,1473;0,5062;0,4623;0,1493;0,1011;0,4369;0,6114;0,0513;0,0547
,54,54,55,56,56,57,57,57,58,58,58,58,58,59,59,59,59,59,59,59,59,59,60,60,60,60,60,60,60,60,60,60,60,60,60,60,60,60,60,97,98,98,98,98,99,100,101,102,102,104
Fitness 23,96816, Gen ;0,1982;0,7227;0,4468;0,2679;0,886;0,2328;0,0351;0,5319;0,0555;0,0963;0,3073;0,3129;0,1473;0,5062;0,4623;0,1493;0,1011;0,4369;0,6114;0,0513;0,0547
,81,81,82,82,82,83,83,83,83,83,83,83,84,84,84,84,84,84,84,84,84,84,84,84,84,85,85,85,85,85,85,85,85,85,85,85,85,86,86,86,86,86,86,88,88,89,89,91,93,96
Fitness 77,91455, Gen ;0,1982;0,7227;0,4468;0,2679;0,886;0,2328;0,0351;0,5319;0,0555;0,0963;0,3073;0,3129;0,1473;0,5062;0,4623;0,1493;0,1011;0,4369;0,6114;0,0513;0,0547
,42,42,44,44,45,45,45,45,45,46,46,46,46,46,46,46,46,46,46,46,46,46,46,46,46,46,46,46,46,46,46,46,46,46,46,47,47,47,47,47,47,47,47,48,48,48,48,48,49,52
Fitness 54,15445, Gen ;0,1982;0,7227;0,4468;0,2679;0,886;0,2328;0,0351;0,5319;0,0555;0,0963;0,3073;0,3129;0,1473;0,5062;0,4623;0,1493;0,1011;0,4369;0,6114;0,0513;0,0547
,56,56,56,56,57,57,57,58,58,58,58,58,58,59,59,59,59,59,59,59,59,59,59,59,59,59,59,59,59,59,59,59,60,60,60,60,60,60,60,60,60,60,61,61,61,62,62,62,64,68
Fitness 37,25389, Gen ;0,1982;0,7227;0,4468;0,2679;0,886;0,2328;0,0351;0,5319;0,0555;0,0963;0,3073;0,3129;0,1473;0,5062;0,4623;0,1493;0,1011;0,4369;0,6114;0,0513;0,0547
,72,72,72,72,72,73,74,74,74,74,76,76,76,76,76,76,76,76,76,76,76,76,76,76,76,76,76,76,76,76,76,76,76,76,76,77,77,77,77,77,77,77,77,78,79,79,79,79,79,80
Fitness 56,79784, Gen ;0,1982;0,7227;0,4468;0,2679;0,886;0,2328;0,0351;0,5319;0,0555;0,0963;0,3073;0,3129;0,1473;0,5062;0,4623;0,1493;0,1011;0,4369;0,6114;0,0513;0,0547
,57,58,59,60,60,60,60,60,60,60,60,61,61,61,61,61,61,61,61,61,61,61,61,61,61,61,61,61,61,61,61,61,61,61,61,61,61,61,61,61,61,61,61,61,61,61,62,62,64,64
Fitness 10,32824, Gen ;0,1982;0,7227;0,4468;0,2679;0,886;0,2328;0,0351;0,5319;0,0555;0,0963;0,3073;0,3129;0,1473;0,5062;0,4623;0,1493;0,1011;0,4369;0,6114;0,0513;0,0547
,69,70,70,70,71,71,72,72,72,72,72,72,72,72,72,72,73,73,73,73,73,73,73,73,73,74,74,74,74,74,74,74,74,74,74,74,74,74,74,74,74,74,115,121,122,122,123,123,123,126
Fitness 19,80563, Gen ;0,1982;0,7227;0,4468;0,2679;0,886;0,2328;0,0351;0,5319;0,0555;0,0963;0,3073;0,3129;0,1473;0,5062;0,4623;0,1493;0,1011;0,4369;0,6114;0,0513;0,0547
,51,51,51,52,52,52,52,52,53,54,54,54,55,55,55,55,55,55,55,56,56,57,57,57,57,57,57,57,57,57,57,57,57,57,57,57,57,57,57,58,58,58,58,58,58,58,83,109,109,112
Fitness 62,57463, Gen ;0,1982;0,7227;0,4468;0,2679;0,886;0,2328;0,0351;0,5319;0,0555;0,0963;0,3073;0,3129;0,1473;0,5062;0,4623;0,1493;0,1011;0,4369;0,6114;0,0513;0,0547
,53,53,53,53,53,54,55,55,55,56,56,56,56,57,57,57,57,57,57,57,57,57,57,57,57,57,57,57,57,57,57,57,57,57,57,57,58,58,58,58,58,59,59,59,59,59,59,60,60,60
Fitness 4,607815, Gen ;0,1982;0,7227;0,4468;0,2679;0,886;0,2328;0,0351;0,5319;0,0555;0,0963;0,3073;0,3129;0,1473;0,5062;0,4623;0,1493;0,1011;0,4369;0,6114;0,0513;0,0547
,84,85,85,85,85,85,86,86,86,86,87,87,87,87,87,88,88,88,88,88,88,88,88,88,88,89,89,89,90,90,90,90,90,91,91,134,134,135,135,135,135,136,136,136,136,136,136,137,139,139
Fitness 14,10193, Gen ;0,1982;0,7227;0,4468;0,2679;0,886;0,2328;0,0351;0,5319;0,0555;0,0963;0,3073;0,3129;0,1473;0,5062;0,4623;0,1493;0,1011;0,4369;0,6114;0,0513;0,0547
,64,64,64,64,65,66,66,66,66,66,67,67,67,67,67,67,68,68,68,68,68,68,68,68,68,68,68,69,69,69,69,69,69,69,69,69,69,69,70,70,70,70,70,70,115,115,115,115,117,119
Fitness 0,712609, Gen ;0,1982;0,7227;0,4468;0,2679;0,886;0,2328;0,0351;0,5319;0,0555;0,0963;0,3073;0,3129;0,1473;0,5062;0,4623;0,1493;0,1011;0,4369;0,6114;0,0513;0,0547
,79,79,79,79,79,79,80,80,80,80,80,80,81,81,81,81,81,81,81,81,82,82,82,114,114,115,116,117,117,118,118,118,119,119,119,119,119,119,119,119,119,119,119,119,119,158,158,160,161,163
Fitness 51,72238, Gen ;0,1982;0,7227;0,4468;0,2679;0,886;0,2328;0,0351;0,5319;0,0555;0,0963;0,3073;0,3129;0,1473;0,5062;0,4623;0,1493;0,1011;0,4369;0,6114;0,0513;0,0547
,61,61,62,62,62,63,63,63,64,64,64,64,64,64,64,64,64,64,64,64,64,64,64,64,64,64,64,64,65,65,65,65,65,65,65,65,65,65,65,65,65,65,65,65,66,66,67,67,67,68
Fitness 35,28232, Gen ;0,1982;0,7227;0,4468;0,2679;0,886;0,2328;0,0351;0,5319;0,0555;0,0963;0,3073;0,3129;0,1473;0,5062;0,4623;0,1493;0,1011;0,4369;0,6114;0,0513;0,0547
,70,70,70,70,70,70,70,71,71,72,72,72,72,72,73,73,73,73,73,73,73,73,73,73,73,73,73,73,74,74,74,74,74,74,74,74,74,74,74,74,74,75,75,76,77,77,77,77,82,83
Fitness 0,0003072849, Gen ;0,1982;0,7227;0,4468;0,2679;0,886;0,2328;0,0351;0,5319;0,0555;0,0963;0,3073;0,3129;0,1473;0,5062;0,4623;0,1493;0,1011;0,4369;0,6114;0,0513;0,0547

Fitness 44,56306, Gen ;0,1982;0,7227;0,4468;0,2679;0,886;0,2328;0,0351;0,5319;0,0555;0,0963;0,3073;0,3129;0,1473;0,5062;0,4623;0,1493;0,1011;0,4369;0,6114;0,0513;0,0547
,63,63,63,63,63,63,63,64,64,64,65,65,66,66,66,66,67,67,67,67,67,67,67,67,67,67,67,67,67,67,67,67,67,67,67,67,67,67,67,67,68,69,69,70,70,71,71,72,72,75
Fitness 71,68725, Gen ;0,1982;0,7227;0,4468;0,2679;0,886;0,2328;0,0351;0,5319;0,0555;0,0963;0,3073;0,3129;0,1473;0,5062;0,4623;0,1493;0,1011;0,4369;0,6114;0,0513;0,0547
,46,47,47,47,49,49,49,49,50,50,50,50,50,50,50,50,50,50,50,50,50,50,50,50,50,50,50,50,50,50,50,51,51,51,51,51,51,51,51,51,51,51,51,51,51,52,53,53,53,55
Fitness 23,36154, Gen ;0,1982;0,7227;0,4468;0,2679;0,886;0,2328;0,0351;0,5319;0,0555;0,0963;0,3073;0,3129;0,1473;0,5062;0,4623;0,1493;0,1011;0,4369;0,6114;0,0513;0,0547
,58,59,60,60,60,60,61,61,61,61,61,61,61,62,62,62,62,62,62,62,62,62,62,62,62,62,62,62,63,63,63,63,63,63,63,63,63,63,63,63,63,63,63,63,69,82,99,99,102,104
Fitness 80,01625, Gen ;0,1982;0,7227;0,4468;0,2679;0,886;0,2328;0,0351;0,5319;0,0555;0,0963;0,3073;0,3129;0,1473;0,5062;0,4623;0,1493;0,1011;0,4369;0,6114;0,0513;0,0547
,42,42,43,44,44,45,45,45,45,45,45,45,46,46,46,46,46,46,46,46,46,46,46,46,46,46,46,46,46,46,46,46,46,46,46,46,46,46,46,46,46,46,47,47,47,48,49,49,50,51
Fitness 19,33052, Gen ;0,1982;0,7227;0,4468;0,2679;0,886;0,2328;0,0351;0,5319;0,0555;0,0963;0,3073;0,3129;0,1473;0,5062;0,4623;0,1493;0,1011;0,4369;0,6114;0,0513;0,0547
,63,63,63,64,64,64,65,65,65,65,65,66,66,66,66,66,66,66,67,67,67,67,67,67,67,67,67,67,67,67,67,67,67,67,67,67,67,67,101,101,102,102,102,103,104,104,106,107,107,108
Fitness 11,88305, Gen ;0,1982;0,7227;0,4468;0,2679;0,886;0,2328;0,0351;0,5319;0,0555;0,0963;0,3073;0,3129;0,1473;0,5062;0,4623;0,1493;0,1011;0,4369;0,6114;0,0513;0,0547
,58,59,59,59,59,59,60,60,60,61,61,62,62,62,62,62,63,63,63,63,63,63,63,63,63,64,64,64,64,64,64,64,64,64,64,64,64,64,64,64,64,119,119,120,120,120,121,121,121,124
Fitness 17,88962, Gen ;0,1982;0,7227;0,4468;0,2679;0,886;0,2328;0,0351;0,5319;0,0555;0,0963;0,3073;0,3129;0,1473;0,5062;0,4623;0,1493;0,1011;0,4369;0,6114;0,0513;0,0547
,53,54,54,54,54,55,55,55,55,55,55,55,55,56,56,56,56,57,57,57,57,57,57,57,57,57,57,57,57,57,57,57,57,57,57,57,57,57,57,57,89,105,106,106,108,108,111,112,112,113
Fitness 0,0002782015, Gen ;0,1982;0,7227;0,4468;0,2679;0,886;0,2328;0,0351;0,5319;0,0555;0,0963;0,3073;0,3129;0,1473;0,5062;0,4623;0,1493;0,1011;0,4369;0,6114;0,0513;0,0547
,113,116,116,117,117,117,117,117,117,117,117,117,117,117,118,118,118,118,118,118,119,119,119,119,119
Fitness 35,14266, Gen ;0,1982;0,7227;0,4468;0,2679;0,886;0,2328;0,0351;0,5319;0,0555;0,0963;0,3073;0,3129;0,1473;0,5062;0,4623;0,1493;0,1011;0,4369;0,6114;0,0513;0,0547
,73,74,74,75,75,75,76,76,76,76,76,76,76,76,76,76,76,76,76,76,76,76,76,76,76,76,76,76,76,76,76,76,77,77,77,77,77,77,77,77,77,77,77,77,77,77,77,78,80,82
Fitness 2,539009, Gen ;0,1982;0,7227;0,4468;0,2679;0,886;0,2328;0,0351;0,5319;0,0555;0,0963;0,3073;0,3129;0,1473;0,5062;0,4623;0,1493;0,1011;0,4369;0,6114;0,0513;0,0547
,125,125,125,125,126,127,127,127,127,127,127,128,128,128,128,128,128,128,128,128,128,128,128,128,128,128,128,128,129,129,129,129,129,129,129,129,129,129,129,129,129,129,129,129,129,131,131,136,137,142
Fitness 77,95187, Gen ;0,1982;0,7227;0,4468;0,2679;0,886;0,2328;0,0351;0,5319;0,0555;0,0963;0,3073;0,3129;0,1473;0,5062;0,4623;0,1493;0,1011;0,4369;0,6114;0,0513;0,0547
,45,46,47,47,47,47,47,47,47,47,47,48,48,48,48,48,48,48,48,48,48,48,48,48,48,48,48,48,48,48,48,48,48,48,48,48,48,48,48,48,48,48,48,48,48,49,49,50,51,51
Fitness 44,46925, Gen ;0,1982;0,7227;0,4468;0,2679;0,886;0,2328;0,0351;0,5319;0,0555;0,0963;0,3073;0,3129;0,1473;0,5062;0,4623;0,1493;0,1011;0,4369;0,6114;0,0513;0,0547
,66,67,67,68,69,69,69,69,69,70,70,70,70,70,70,70,70,70,70,70,70,70,70,70,70,70,70,70,70,70,70,70,70,70,70,70,70,70,70,70,70,70,70,70,70,70,70,72,73,73
Fitness 65,09406, Gen ;0,1982;0,7227;0,4468;0,2679;0,886;0,2328;0,0351;0,5319;0,0555;0,0963;0,3073;0,3129;0,1473;0,5062;0,4623;0,1493;0,1011;0,4369;0,6114;0,0513;0,0547
,50,50,51,52,52,52,53,53,53,53,53,53,53,54,54,54,54,54,54,54,54,54,54,54,54,54,54,54,54,54,54,54,54,54,54,54,54,54,55,55,55,55,55,55,55,56,56,57,58,59
Fitness 38,43663, Gen ;0,1982;0,7227;0,4468;0,2679;0,886;0,2328;0,0351;0,5319;0,0555;0,0963;0,3073;0,3129;0,1473;0,5062;0,4623;0,1493;0,1011;0,4369;0,6114;0,0513;0,0547
,70,71,71,72,73,73,73,73,73,74,74,74,74,74,74,74,74,74,74,74,74,74,74,74,74,74,74,74,74,74,74,74,75,75,75,75,75,75,75,75,75,75,75,75,76,76,76,78,78,79
Fitness 29,06798, Gen ;0,1982;0,7227;0,4468;0,2679;0,886;0,2328;0,0351;0,5319;0,0555;0,0963;0,3073;0,3129;0,1473;0,5062;0,4623;0,1493;0,1011;0,4369;0,6114;0,0513;0,0547
,79,79,79,79,79,79,79,80,80,80,80,80,82,82,82,82,82,82,82,82,82,82,82,82,83,83,83,83,83,83,83,83,83,83,83,83,83,83,83,84,84,84,84,85,85,85,85,87,87,88
Fitness 19,47641, Gen ;0,1982;0,7227;0,4468;0,2679;0,886;0,2328;0,0351;0,5319;0,0555;0,0963;0,3073;0,3129;0,1473;0,5062;0,4623;0,1493;0,1011;0,4369;0,6114;0,0513;0,0547
,58,58,58,58,58,58,58,58,59,59,60,60,60,60,60,60,60,60,61,61,64,64,65,65,65,66,66,66,66,66,67,67,67,67,67,67,67,67,67,67,103,103,104,104,104,104,104,105,108,109
Fitness 57,46261, Gen ;0,1982;0,7227;0,4468;0,2679;0,886;0,2328;0,0351;0,5319;0,0555;0,0963;0,3073;0,3129;0,1473;0,5062;0,4623;0,1493;0,1011;0,4369;0,6114;0,0513;0,0547
,57,58,58,58,59,59,59,60,60,60,60,60,60,61,61,61,61,61,61,61,61,61,61,61,61,61,61,61,61,61,61,61,61,61,61,61,61,61,61,61,61,61,61,62,63,63,63,64,64,64
Fitness 75,59161, Gen ;0,1982;0,7227;0,4468;0,2679;0,886;0,2328;0,0351;0,5319;0,0555;0,0963;0,3073;0,3129;0,1473;0,5062;0,4623;0,1493;0,1011;0,4369;0,6114;0,0513;0,0547
,49,49,50,50,50,50,51,51,51,51,51,51,51,51,51,51,51,51,51,51,51,51,51,51,51,51,51,51,51,51,51,51,51,51,51,51,51,51,51,51,51,51,51,51,51,51,51,51,52,52
Fitness 46,33131, Gen ;0,1982;0,7227;0,4468;0,2679;0,886;0,2328;0,0351;0,5319;0,0555;0,0963;0,3073;0,3129;0,1473;0,5062;0,4623;0,1493;0,1011;0,4369;0,6114;0,0513;0,0547
,65,65,67,67,68,68,68,68,69,69,69,69,69,69,69,69,69,69,69,69,69,69,69,69,69,69,69,69,69,69,69,69,69,69,69,69,69,70,70,70,70,70,70,70,70,71,71,71,71,72
Fitness 72,1537, Gen ;0,1982;0,7227;0,4468;0,2679;0,886;0,2328;0,0351;0,5319;0,0555;0,0963;0,3073;0,3129;0,1473;0,5062;0,4623;0,1493;0,1011;0,4369;0,6114;0,0513;0,0547
,46,46,47,47,48,48,48,48,48,48,48,49,49,49,49,49,49,49,49,49,49,49,49,49,49,49,49,49,49,49,50,50,50,50,50,50,50,50,50,50,50,50,50,50,51,51,52,52,53,55
Fitness 64,00501, Gen ;0,1982;0,7227;0,4468;0,2679;0,886;0,2328;0,0351;0,5319;0,0555;0,0963;0,3073;0,3129;0,1473;0,5062;0,4623;0,1493;0,1011;0,4369;0,6114;0,0513;0,0547
,52,52,54,54,54,55,55,55,55,55,56,56,56,56,56,56,56,56,56,56,56,56,56,56,56,56,56,56,56,56,56,56,56,56,56,56,56,56,56,56,56,56,56,57,57,57,58,58,59,60
Fitness 1,989707, Gen ;0,1982;0,7227;0,4468;0,2679;0,886;0,2328;0,0351;0,5319;0,0555;0,0963;0,3073;0,3129;0,1473;0,5062;0,4623;0,1493;0,1011;0,4369;0,6114;0,0513;0,0547
,88,89,89,89,90,90,90,90,90,90,90,90,90,91,91,91,92,92,92,92,92,92,92,92,92,93,93,93,93,93,93,93,93,93,140,140,140,140,140,140,141,142,142,142,142,143,144,145,149,152
Fitness 68,28834, Gen ;0,1982;0,7227;0,4468;0,2679;0,886;0,2328;0,0351;0,5319;0,0555;0,0963;0,3073;0,3129;0,1473;0,5062;0,4623;0,1493;0,1011;0,4369;0,6114;0,0513;0,0547
,49,49,50,50,50,51,51,51,51,52,52,52,53,53,53,53,53,53,53,53,53,53,53,53,53,53,53,53,53,53,53,53,53,53,53,53,53,53,53,53,53,53,54,55,55,55,55,57,57,57
Fitness 61,39445, Gen ;0,1982;0,7227;0,4468;0,2679;0,886;0,2328;0,0351;0,5319;0,0555;0,0963;0,3073;0,3129;0,1473;0,5062;0,4623;0,1493;0,1011;0,4369;0,6114;0,0513;0,0547
,53,53,54,54,54,54,55,55,56,56,56,56,56,56,56,56,56,56,56,56,56,56,56,56,56,56,56,56,56,56,57,57,57,57,57,57,57,57,57,57,57,57,58,58,58,58,58,59,61,62
Fitness 2,323084, Gen ;0,1982;0,7227;0,4468;0,2679;0,886;0,2328;0,0351;0,5319;0,0555;0,0963;0,3073;0,3129;0,1473;0,5062;0,4623;0,1493;0,1011;0,4369;0,6114;0,0513;0,0547
,88,89,90,91,91,91,91,91,91,91,92,92,92,92,92,92,92,92,92,93,93,93,93,93,93,93,93,143,143,143,143,143,143,143,143,143,143,143,143,144,144,144,145,146,146,146,147,147,147,148
Fitness 40,25539, Gen ;0,1982;0,7227;0,4468;0,2679;0,886;0,2328;0,0351;0,5319;0,0555;0,0963;0,3073;0,3129;0,1473;0,5062;0,4623;0,1493;0,1011;0,4369;0,6114;0,0513;0,0547
,64,64,65,65,66,67,67,67,67,67,67,68,68,68,68,68,68,68,68,68,68,68,68,68,68,68,68,68,68,68,68,68,68,68,68,68,68,68,68,69,69,69,69,69,69,69,70,72,75,79
Fitness 5,546781, Gen ;0,1982;0,7227;0,4468;0,2679;0,886;0,2328;0,0351;0,5319;0,0555;0,0963;0,3073;0,3129;0,1473;0,5062;0,4623;0,1493;0,1011;0,4369;0,6114;0,0513;0,0547
,79,79,80,80,80,80,80,80,80,81,81,81,81,81,81,82,82,82,82,83,83,83,83,83,83,83,83,83,83,83,83,83,83,83,83,83,83,83,83,84,87,131,132,133,133,133,134,134,137,138
Fitness 76,10612, Gen ;0,1982;0,7227;0,4468;0,2679;0,886;0,2328;0,0351;0,5319;0,0555;0,0963;0,3073;0,3129;0,1473;0,5062;0,4623;0,1493;0,1011;0,4369;0,6114;0,0513;0,0547
,48,48,49,49,49,49,50,50,50,50,50,50,50,50,50,50,50,50,50,50,50,50,50,50,50,50,50,50,50,50,50,50,50,50,50,50,50,50,50,50,51,51,51,51,51,51,51,51,51,52
Fitness 16,35763, Gen ;0,1982;0,7227;0,4468;0,2679;0,886;0,2328;0,0351;0,5319;0,0555;0,0963;0,3073;0,3129;0,1473;0,5062;0,4623;0,1493;0,1011;0,4369;0,6114;0,0513;0,0547
,66,66,66,66,67,67,67,68,68,69,69,69,69,70,70,70,70,70,70,71,71,71,71,71,71,71,71,71,71,71,71,71,71,71,71,71,71,71,71,71,71,71,72,72,72,72,110,111,114,114
Fitness 64,07603, Gen ;0,1982;0,7227;0,4468;0,2679;0,886;0,2328;0,0351;0,5319;0,0555;0,0963;0,3073;0,3129;0,1473;0,5062;0,4623;0,1493;0,1011;0,4369;0,6114;0,0513;0,0547
,51,52,52,53,53,54,54,54,54,55,55,55,55,55,55,55,55,55,55,55,55,55,55,55,55,55,55,55,55,55,55,55,55,55,55,55,55,55,55,55,55,55,55,55,56,56,56,58,59,60
Fitness 57,53672, Gen ;0,1982;0,7227;0,4468;0,2679;0,886;0,2328;0,0351;0,5319;0,0555;0,0963;0,3073;0,3129;0,1473;0,5062;0,4623;0,1493;0,1011;0,4369;0,6114;0,0513;0,0547
,54,55,55,55,55,55,56,56,56,57,57,58,58,58,58,58,58,58,58,58,58,58,58,58,58,58,58,58,58,58,59,59,59,59,59,60,60,60,60,60,60,60,61,61,61,61,61,62,62,65
Fitness 17,97107, Gen ;0,1982;0,7227;0,4468;0,2679;0,886;0,2328;0,0351;0,5319;0,0555;0,0963;0,3073;0,3129;0,1473;0,5062;0,4623;0,1493;0,1011;0,4369;0,6114;0,0513;0,0547
,58,58,58,58,58,59,59,59,59,59,59,59,60,60,60,60,60,60,61,61,61,61,61,62,62,62,62,62,62,62,62,62,62,62,62,62,62,62,62,62,62,64,65,98,106,107,107,109,110,113
Fitness 59,89936, Gen ;0,1982;0,7227;0,4468;0,2679;0,886;0,2328;0,0351;0,5319;0,0555;0,0963;0,3073;0,3129;0,1473;0,5062;0,4623;0,1493;0,1011;0,4369;0,6114;0,0513;0,0547
,54,55,55,57,57,57,57,57,57,58,58,58,58,58,58,58,58,58,58,58,58,58,58,58,58,58,58,58,58,58,58,58,58,58,58,58,58,58,58,58,58,58,58,58,58,58,58,58,59,63
Fitness 41,75431, Gen ;0,1982;0,7227;0,4468;0,2679;0,886;0,2328;0,0351;0,5319;0,0555;0,0963;0,3073;0,3129;0,1473;0,5062;0,4623;0,1493;0,1011;0,4369;0,6114;0,0513;0,0547
,64,64,64,64,64,64,64,65,65,65,65,66,66,66,67,67,67,67,67,67,67,67,67,68,68,68,68,68,68,68,68,68,68,68,68,68,68,68,68,68,68,70,71,71,71,71,71,71,72,78
Fitness 15,13334, Gen ;0,1982;0,7227;0,4468;0,2679;0,886;0,2328;0,0351;0,5319;0,0555;0,0963;0,3073;0,3129;0,1473;0,5062;0,4623;0,1493;0,1011;0,4369;0,6114;0,0513;0,0547
,62,62,62,62,62,62,62,63,63,64,64,64,64,64,64,64,64,65,65,65,66,66,66,67,67,67,68,68,68,69,69,105,105,106,106,106,106,106,106,106,107,107,108,109,110,110,110,112,114,114
Fitness 21,35847, Gen ;0,1982;0,7227;0,4468;0,2679;0,886;0,2328;0,0351;0,5319;0,0555;0,0963;0,3073;0,3129;0,1473;0,5062;0,4623;0,1493;0,1011;0,4369;0,6114;0,0513;0,0547
,62,62,62,62,62,62,63,63,63,63,63,64,64,64,64,65,65,66,66,66,66,66,66,67,67,67,67,67,67,67,67,67,67,67,67,67,67,68,68,68,68,68,68,68,68,98,99,99,99,106
Fitness 37,61159, Gen ;0,1982;0,7227;0,4468;0,2679;0,886;0,2328;0,0351;0,5319;0,0555;0,0963;0,3073;0,3129;0,1473;0,5062;0,4623;0,1493;0,1011;0,4369;0,6114;0,0513;0,0547
,46,47,47,47,47,47,48,48,48,48,48,49,50,50,50,50,50,51,51,51,51,51,51,51,51,51,51,51,51,51,51,51,51,51,51,51,51,51,51,51,52,52,52,52,52,52,52,86,86,89
Fitness 6,526135, Gen ;0,1982;0,7227;0,4468;0,2679;0,886;0,2328;0,0351;0,5319;0,0555;0,0963;0,3073;0,3129;0,1473;0,5062;0,4623;0,1493;0,1011;0,4369;0,6114;0,0513;0,0547
,78,79,80,80,80,80,81,81,81,81,81,82,82,82,82,82,82,82,82,83,83,83,84,84,84,84,84,85,85,85,86,86,126,126,126,126,126,126,126,127,127,127,129,129,129,129,131,132,132,132
Fitness 78,59324, Gen ;0,1982;0,7227;0,4468;0,2679;0,886;0,2328;0,0351;0,5319;0,0555;0,0963;0,3073;0,3129;0,1473;0,5062;0,4623;0,1493;0,1011;0,4369;0,6114;0,0513;0,0547
,46,46,47,47,47,47,47,47,47,47,48,48,48,48,48,48,48,48,48,48,48,48,48,48,48,48,48,48,48,48,48,48,48,48,48,48,48,48,48,48,48,48,48,48,48,48,48,49,49,51
Fitness 0,0004645455, Gen ;0,1982;0,7227;0,4468;0,2679;0,886;0,2328;0,0351;0,5319;0,0555;0,0963;0,3073;0,3129;0,1473;0,5062;0,4623;0,1493;0,1011;0,4369;0,6114;0,0513;0,0547
,64,65,65,65,66,66,66,66,66,66,66,66,67,67,67,67,67,67,69,69,69,69,69,69,69,69,69,69,69,69,69,69,69,69,69,69,69,70,70,70,70,70,71,71,71,179
Fitness 63,37033, Gen ;0,1982;0,7227;0,4468;0,2679;0,886;0,2328;0,0351;0,5319;0,0555;0,0963;0,3073;0,3129;0,1473;0,5062;0,4623;0,1493;0,1011;0,4369;0,6114;0,0513;0,0547
,54,56,57,57,57,57,57,57,57,57,57,57,57,57,57,57,57,57,57,57,57,57,57,57,58,58,58,58,58,58,58,58,58,58,58,58,58,58,58,58,58,58,58,58,58,58,58,58,58,59
Fitness 15,2822, Gen ;0,1982;0,7227;0,4468;0,2679;0,886;0,2328;0,0351;0,5319;0,0555;0,0963;0,3073;0,3129;0,1473;0,5062;0,4623;0,1493;0,1011;0,4369;0,6114;0,0513;0,0547
,60,62,62,62,62,63,63,63,63,63,64,64,64,64,64,64,64,64,65,65,66,66,66,66,66,66,66,66,66,66,66,66,66,66,66,66,66,66,66,66,109,109,110,111,114,114,114,116,116,116
Fitness 80,00621, Gen ;0,1982;0,7227;0,4468;0,2679;0,886;0,2328;0,0351;0,5319;0,0555;0,0963;0,3073;0,3129;0,1473;0,5062;0,4623;0,1493;0,1011;0,4369;0,6114;0,0513;0,0547
,43,44,44,44,44,44,45,45,45,46,46,46,46,46,46,46,46,46,46,46,46,46,46,46,46,46,46,47,47,47,47,47,47,47,47,47,47,47,47,47,47,47,48,48,48,48,48,49,49,50
Fitness 9,133477, Gen ;0,1982;0,7227;0,4468;0,2679;0,886;0,2328;0,0351;0,5319;0,0555;0,0963;0,3073;0,3129;0,1473;0,5062;0,4623;0,1493;0,1011;0,4369;0,6114;0,0513;0,0547
,64,64,66,66,66,67,67,67,67,67,67,67,67,68,68,68,68,68,68,68,68,69,69,69,69,69,69,69,69,69,69,69,70,70,70,70,70,70,70,70,70,70,73,114,116,120,125,126,126,130
Fitness 55,42389, Gen ;0,1982;0,7227;0,4468;0,2679;0,886;0,2328;0,0351;0,5319;0,0555;0,0963;0,3073;0,3129;0,1473;0,5062;0,4623;0,1493;0,1011;0,4369;0,6114;0,0513;0,0547
,55,55,55,57,57,57,58,58,58,59,59,59,59,59,59,59,59,59,59,59,59,59,59,59,59,59,59,59,59,59,59,59,59,59,59,59,59,59,59,59,59,59,59,59,60,60,60,60,63,67
Fitness 76,98662, Gen ;0,1982;0,7227;0,4468;0,2679;0,886;0,2328;0,0351;0,5319;0,0555;0,0963;0,3073;0,3129;0,1473;0,5062;0,4623;0,1493;0,1011;0,4369;0,6114;0,0513;0,0547
,45,45,46,47,47,48,48,48,48,48,48,48,48,48,48,48,48,48,48,48,48,49,49,49,49,49,49,49,49,49,49,49,49,49,49,49,49,49,49,49,49,49,49,49,49,49,51,51,51,52
Fitness 6,022441, Gen ;0,1982;0,7227;0,4468;0,2679;0,886;0,2328;0,0351;0,5319;0,0555;0,0963;0,3073;0,3129;0,1473;0,5062;0,4623;0,1493;0,1011;0,4369;0,6114;0,0513;0,0547
,80,80,80,80,81,81,81,81,81,81,81,81,81,82,82,82,82,82,82,82,82,83,83,83,83,83,84,84,84,84,125,125,126,126,126,126,126,126,127,127,128,128,128,129,129,130,131,131,132,134
Fitness 1,965895, Gen ;0,1982;0,7227;0,4468;0,2679;0,886;0,2328;0,0351;0,5319;0,0555;0,0963;0,3073;0,3129;0,1473;0,5062;0,4623;0,1493;0,1011;0,4369;0,6114;0,0513;0,0547
,88,89,89,89,89,89,89,89,89,89,89,89,90,91,92,92,93,93,94,94,94,94,94,95,95,95,96,96,96,96,96,96,96,96,96,100,137,139,139,139,140,140,140,140,140,141,141,141,147,152
Fitness 11,56672, Gen ;0,1982;0,7227;0,4468;0,2679;0,886;0,2328;0,0351;0,5319;0,0555;0,0963;0,3073;0,3129;0,1473;0,5062;0,4623;0,1493;0,1011;0,4369;0,6114;0,0513;0,0547
,66,67,67,67,67,67,67,67,67,68,68,68,68,68,69,69,70,70,70,70,71,71,71,71,72,72,72,72,72,72,72,72,72,72,72,72,72,72,72,72,72,72,72,72,118,118,119,121,121,124
Fitness 8,154927, Gen ;0,1982;0,7227;0,4468;0,2679;0,886;0,2328;0,0351;0,5319;0,0555;0,0963;0,3073;0,3129;0,1473;0,5062;0,4623;0,1493;0,1011;0,4369;0,6114;0,0513;0,0547
,75,75,75,76,76,76,77,77,77,77,77,78,78,78,78,79,79,79,79,80,80,80,80,80,80,80,80,80,80,80,80,80,80,80,80,80,81,81,81,81,81,81,81,81,81,125,125,126,130,131
Fitness 80,75816, Gen ;0,1982;0,7227;0,4468;0,2679;0,886;0,2328;0,0351;0,5319;0,0555;0,0963;0,3073;0,3129;0,1473;0,5062;0,4623;0,1493;0,1011;0,4369;0,6114;0,0513;0,0547
,43,43,43,45,45,45,46,46,46,46,46,46,46,46,46,47,47,47,47,47,47,47,47,47,47,47,47,47,47,47,47,47,47,47,47,47,47,47,47,47,47,47,47,47,48,48,48,49,49,50
Fitness 42,23658, Gen ;0,1982;0,7227;0,4468;0,2679;0,886;0,2328;0,0351;0,5319;0,0555;0,0963;0,3073;0,3129;0,1473;0,5062;0,4623;0,1493;0,1011;0,4369;0,6114;0,0513;0,0547
,52,52,52,52,53,53,54,54,54,54,55,55,55,55,55,55,55,55,56,56,56,56,56,56,56,56,56,56,56,56,56,56,56,56,56,56,56,56,56,56,56,56,56,56,57,57,73,74,79,82
Fitness 44,96041, Gen ;0,1982;0,7227;0,4468;0,2679;0,886;0,2328;0,0351;0,5319;0,0555;0,0963;0,3073;0,3129;0,1473;0,5062;0,4623;0,1493;0,1011;0,4369;0,6114;0,0513;0,0547
,62,62,62,62,63,64,64,64,64,64,64,64,64,65,65,66,66,66,66,66,66,66,66,66,66,66,66,66,66,66,66,66,66,66,66,66,67,67,67,68,68,68,68,68,69,69,70,71,73,75
Fitness 33,15214, Gen ;0,1982;0,7227;0,4468;0,2679;0,886;0,2328;0,0351;0,5319;0,0555;0,0963;0,3073;0,3129;0,1473;0,5062;0,4623;0,1493;0,1011;0,4369;0,6114;0,0513;0,0547
,49,49,49,49,50,51,51,51,52,52,52,52,52,53,53,53,53,53,53,53,53,53,53,53,53,53,53,53,53,53,54,54,54,54,54,54,54,54,54,54,54,54,54,55,55,56,77,91,92,93
Fitness 0,1241769, Gen ;0,1982;0,7227;0,4468;0,2679;0,886;0,2328;0,0351;0,5319;0,0555;0,0963;0,3073;0,3129;0,1473;0,5062;0,4623;0,1493;0,1011;0,4369;0,6114;0,0513;0,0547
,89,89,89,89,89,89,89,89,89,90,90,90,90,90,90,91,92,93,93,94,94,94,95,95,95,96,97,97,97,98,148,148,148,148,148,149,149,149,149,150,150,150,152,153,154,154,171,172,172,173
Fitness 41,44253, Gen ;0,1982;0,7227;0,4468;0,2679;0,886;0,2328;0,0351;0,5319;0,0555;0,0963;0,3073;0,3129;0,1473;0,5062;0,4623;0,1493;0,1011;0,4369;0,6114;0,0513;0,0547
,68,71,71,71,71,71,71,71,72,72,72,72,72,72,72,72,72,72,72,72,72,72,72,72,72,72,72,72,72,72,72,72,72,72,72,72,73,73,73,73,73,73,73,73,73,73,74,75,75,76
Fitness 63,86648, Gen ;0,1982;0,7227;0,4468;0,2679;0,886;0,2328;0,0351;0,5319;0,0555;0,0963;0,3073;0,3129;0,1473;0,5062;0,4623;0,1493;0,1011;0,4369;0,6114;0,0513;0,0547
,52,52,52,52,52,53,53,54,54,54,54,54,55,55,55,55,55,55,55,55,55,55,55,55,55,55,55,55,56,56,56,56,56,56,56,56,56,56,56,56,56,56,58,58,58,58,58,58,59,60
Fitness 74,35766, Gen ;0,1982;0,7227;0,4468;0,2679;0,886;0,2328;0,0351;0,5319;0,0555;0,0963;0,3073;0,3129;0,1473;0,5062;0,4623;0,1493;0,1011;0,4369;0,6114;0,0513;0,0547
,46,46,46,47,47,47,47,48,48,49,49,50,50,50,50,50,50,50,50,50,50,50,50,50,50,50,50,50,50,50,50,50,50,50,50,50,50,50,50,50,50,50,51,52,52,52,53,53,53,53
Fitness 0,2167085, Gen ;0,1982;0,7227;0,4468;0,2679;0,886;0,2328;0,0351;0,5319;0,0555;0,0963;0,3073;0,3129;0,1473;0,5062;0,4623;0,1493;0,1011;0,4369;0,6114;0,0513;0,0547
,120,120,120,120,120,120,120,120,120,120,121,121,121,121,122,122,123,123,123,123,123,124,124,124,124,124,124,124,124,124,124,124,124,124,125,125,125,125,125,125,160,160,163,163,163,164,164,166,166,169
