	10Ginelli ovc
	1 AI1 ovcarjev
Generacija 1, Fitness 0.007489142, Gen ;0.8948;0.4979;0.6904;0.5389;0.6055;0.1229;0.8891;0.277;0.7141;0.7652;0.2481;0.4206;0.7054;0.163;0.9589;0.1573;0.6408;0.6372;0.8011;0.6134;0.3311
,136,207
Generacija 1, Fitness 0.004968993, Gen ;0.6961;0.0613;0.5451;0.7738;0.6708;0.7067;0.9672;0.3388;0.3785;0.7342;0.1984;0.6323;0.7085;0.3725;0.6811;0.7578;0.5612;0.2222;0.0108;0.2349;0.9749

Generacija 1, Fitness 0.006154284, Gen ;0.2754;0.444;0.6215;0.6945;0.9172;0.5783;0.3119;0.7343;0.1855;0.0495;0.2907;0.3268;0.1582;0.4351;0.9314;0.8044;0.1764;0.5289;0.9757;0.9462;0.4592

Generacija 1, Fitness 0.006069431, Gen ;0.4558;0.3643;0.2817;0.9425;0.8298;0.7963;0.1311;0.757;0.3191;0.116;0.237;0.6425;0.3918;0.1261;0.937;0.6095;0.3249;0.1676;0.7762;0.0042;0.9099

Generacija 1, Fitness 0.00612779, Gen ;0.8938;0.0013;0.4698;0.7043;0.1094;0.4394;0.2751;0.3223;0.4022;0.6029;0.6183;0.2196;0.5734;0.1522;0.1957;0.249;0.2166;0.2429;0.0444;0.5025;0.5123

Generacija 1, Fitness 0.005175186, Gen ;0.7227;0.058;0.7572;0.6536;0.5914;0.8568;0.0314;0.7237;0.3291;0.4139;0.4208;0.4634;0.61;0.652;0.9125;0.2936;0.0646;0.332;0.1732;0.7033;0.0814

Generacija 1, Fitness 0.007147038, Gen ;0.5929;0.7503;0.5952;0.0544;0.5398;0.3413;0.4882;0.7766;0.7629;0.0744;0.6228;0.4403;0.2667;0.3938;0.8951;0.4632;0.4476;0.4484;0.1733;0.5667;0.6042
,193
