	100Ginelli ovc
	2 AI1 ovcarjev
Generacija 1, Fitness 6,246123E-05, Gen ;0,4027;0,7283;0,8779;0,4548;0,7885;0,2634;0,1912;0,2055;0,7579;0,329;0,3747;0,9764;0,5912;0,0121;0,096;0,2627;0,3331;0,3565;0,652;0,5146;0,9447

Generacija 1, Fitness 0,0001928428, Gen ;0,1862;0,573;0,0686;0,4541;0,4826;0,1623;0,5633;0,0313;0,2712;0,1286;0,8685;0,4028;0,1254;0,146;0,9811;0,6627;0,6708;0,7379;0,1364;0,6365;0,0884
,154,155,155,155,165,165,165,166,166,166,166,166,166,166,166,166,166,167,167,167,167,167,167,167,167,167,167,167,167,167,167,167,167,167,168,168,169,169,169,169,169,169,169,169,169,169,169,169,169,170,170,170,170,170,170,171,171,171,171,171,171,171,171,171,171,171,171,171,171,171,171,172,172,172,172,172,172,172,173,173,173,173,173,173,174,174,174,174,175,175,175,175,176,176,176,176,177,177,178
Generacija 1, Fitness 6,049425E-05, Gen ;0,4942;0,4547;0,7506;0,6011;0,8034;0,4563;0,6618;0,3864;0,3851;0,6062;0,319;0,5486;0,4692;0,6598;0,7041;0,0284;0,4452;0,5875;0,2365;0,2015;0,7102
,71,71,71,71,71,71,71,71,71,71,71,71,71,72,72,72,72,72,72,72,72,72,72,72,72,72,72,72,72,72,73,73,73,73,73,73,73,73,73,73,74,74,74,74,74,74,74,75,75,75,75,75,75,75,75,75,75,76,76,76,76,76,76,76,76,76,76,76,76,76,76,76,76,76,76,77,77,77,77,77,77,77,77,77,77,77,77,77,77,77,77,78,78,78,78,78,78,79,79
Generacija 1, Fitness 4,496303E-05, Gen ;0,0923;0,8883;0,6542;0,8019;0,5405;0,1497;0,4467;0,0277;0,4389;0,1528;0,788;0,3555;0,3053;0,4041;0,5327;0,1392;0,3623;0,9016;0,844;0,1743;0,3098

Generacija 1, Fitness 5,795128E-05, Gen ;0,3326;0,8991;0,4598;0,2406;0,4685;0,1795;0,4778;0,3661;0,5969;0,6425;0,0093;0,9027;0,8066;0,3253;0,2776;0,1371;0,9586;0,3175;0,9692;0,3227;0,1234

Generacija 1, Fitness 8,700994E-05, Gen ;0,7711;0,1131;0,4918;0,372;0,4877;0,4049;0,0908;0,1634;0,6222;0,9815;0,7031;0,9428;0,3267;0,4524;0,9152;0,6536;0,9561;0,8625;0,047;0,6595;0,429

Generacija 1, Fitness 3,09693E-05, Gen ;0,4035;0,04;0,3499;0,107;0,4295;0,6744;0,7325;0,8532;0,3868;0,7327;0,1173;0,3871;0,9889;0,5687;0,6489;0,4996;0,4694;0,5974;0,8817;0,4785;0,7392

