	5PopravljenStroembom ovc
	1 AI1 ovcarjev
Generacija 1, Fitness 0,004997191, Gen ;0,4348;0,5529;0,1718;0,7142;0,6208;0,5249;0,0645;0,8594;0,8536;0,4527;0,2855;0,9082;0,9234;0,1444;0,5331;0,4517;0,3402;0,9898;0,7063;0,1754;0,1259
,104
Generacija 1, Fitness 0,007015663, Gen ;0,276;0,2906;0,3235;0,2269;0,4165;0,6613;0,1338;0,1101;0,5877;0,5005;0,0027;0,2511;0,0644;0,8842;0,4848;0,7883;0,8516;0,3212;0,634;0,3828;0,4458

Generacija 1, Fitness 0,00766026, Gen ;0,3339;0,6291;0,3143;0,219;0,6795;0,5875;0,4755;0,3995;0,8096;0,083;0,6772;0,5007;0,9843;0,2415;0,3715;0,5787;0,2912;0,5787;0,041;0,5131;0,7525

Generacija 1, Fitness 0,005602958, Gen ;0,2597;0,8498;0,702;0,7868;0,9767;0,4161;0,1561;0,3114;0,4033;0,3493;0,5247;0,5254;0,4581;0,8594;0,7068;0,2723;0,3534;0,5254;0,6478;0,593;0,1952

Generacija 1, Fitness 0,005380532, Gen ;0,2085;0,6157;0,5457;0,5393;0,4323;0,0112;0,5061;0,7379;0,9732;0,3491;0,5798;0,04;0,1049;0,9461;0,3081;0,6021;0,0747;0,8087;0,8591;0,4008;0,7289
,94
Generacija 1, Fitness 0,006228036, Gen ;0,0091;0,6022;0,1113;0,4211;0,2066;0,9887;0,0919;0,8556;0,0054;0,6156;0,2872;0,6973;0,7484;0,5069;0,987;0,3544;0,9434;0,2045;0,4786;0,9671;0,3488
,144
Generacija 1, Fitness 0,006879165, Gen ;0,4756;0,2456;0,6508;0,4548;0,9024;0,9736;0,4985;0,9873;0,8688;0,499;0,7622;0,4203;0,1089;0,8656;0,491;0,9069;0,5308;0,9641;0,4097;0,7751;0,7528

Generacija 1, Fitness 0,005875341, Gen ;0,5045;0,4267;0,3988;0,8878;0,4722;0,0112;0,8714;0,1749;0,7175;0,6701;0,9576;0,4648;0,732;0,9366;0,7183;0,1643;0,407;0,299;0,4809;0,399;0,1619

Generacija 1, Fitness 0,005936054, Gen ;0,7595;0,3228;0,2382;0,3385;0,7276;0,1638;0,0808;0,2698;0,3564;0,2424;0,0614;0,2208;0,9473;0,8305;0,8494;0,2351;0,7532;0,0703;0,9965;0,0411;0,0808

Generacija 1, Fitness 0,005711524, Gen ;0,4672;0,5464;0,2023;0,4541;0,9774;0,6344;0,6954;0,5815;0,3351;0,5272;0,4131;0,2008;0,8792;0,7457;0,5282;0,9638;0,0638;0,4542;0,7656;0,8264;0,4445

Generacija 1, Fitness 0,006106152, Gen ;0,7637;0,4255;0,8823;0,9533;0,7284;0,2525;0,7819;0,1106;0,1443;0,349;0,4371;0,3583;0,7318;0,2076;0,3404;0,1586;0,3372;0,2005;0,248;0,553;0,652

Generacija 1, Fitness 0,007109333, Gen ;0,5799;0,95;0,5405;0,7989;0,0487;0,8689;0,3479;0,4928;0,3791;0,9901;0,0524;0,5529;0,4581;0,2304;0,0298;0,3495;0,7331;0,5273;0,8669;0,1268;0,0276

