	25PopravljenStroembom ovc
	1 AI1 ovcarjev
Generacija 1, Fitness 0,005271593, Gen ;0,178;0,2627;0,6756;0,0679;0,4291;0,7535;0,9267;0,1606;0,0819;0,7169;0,5614;0,4983;0,8052;0,89;0,6921;0,3817;0,0933;0,81;0,1376;0,8229;0,1778

Generacija 1, Fitness 0,005862517, Gen ;0,9007;0,8164;0,0463;0,1014;0,3229;0,535;0,2619;0,3878;0,3369;0,3411;0,2034;0,7422;0,4735;0,7905;0,5798;0,4513;0,2948;0,1904;0,1378;0,3456;0,8196

Generacija 1, Fitness 0,005175665, Gen ;0,6191;0,2855;0,8875;0,1405;0,8703;0,9547;0,6271;0,5507;0,9872;0,3337;0,8969;0,0055;0,8266;0,3423;0,2162;0,9909;0,487;0,6758;0,3046;0,2874;0,4954

Generacija 1, Fitness 0,005282333, Gen ;0,9103;0,8911;0,3321;0,5998;0,9873;0,8147;0,0133;0,544;0,2545;0,2576;0,8841;0,5474;0,897;0,4071;0,8412;0,0804;0,8324;0,08;0,6431;0,4911;0,4305
,97
Generacija 1, Fitness 0,005515636, Gen ;0,2197;0,5874;0,1594;0,6782;0,0394;0,5519;0,6042;0,9118;0,4094;0,4032;0,6577;0,6919;0,0848;0,606;0,8512;0,9809;0,673;0,0775;0,7488;0,0588;0,2101

Generacija 1, Fitness 0,005228338, Gen ;0,0077;0,6582;0,896;0,5255;0,4079;0,4337;0,4563;0,5231;0,5731;0,9498;0,193;0,7295;0,4985;0,7344;0,6493;0,7394;0,9376;0,0424;0,7167;0,1275;0,1092
,115
Generacija 1, Fitness 0,005368755, Gen ;0,5798;0,6913;0,854;0,2433;0,5486;0,8752;0,461;0,6189;0,4116;0,7859;0,591;0,8747;0,2581;0,9421;0,8504;0,03;0,2138;0,8482;0,5094;0,847;0,1057

Generacija 1, Fitness 0,005194395, Gen ;0,7329;0,3341;0,6879;0,7552;0,0445;0,6588;0,5097;0,4858;0,9258;0,3002;0,1824;0,3752;0,5644;0,7167;0,4365;0,2889;0,4838;0,9042;0,688;0,7302;0,4935

Generacija 1, Fitness 0,00534855, Gen ;0,467;0,0411;0,4933;0,1696;0,7648;0,7409;0,6473;0,7058;0,9815;0,3046;0,7967;0,4186;0,8197;0,4753;0,4629;0,6649;0,4682;0,8205;0,3953;0,4214;0,9926

Generacija 1, Fitness 0,005767037, Gen ;0,9998;0,0134;0,1348;0,8961;0,2945;0,9063;0,6747;0,6469;0,3712;0,5762;0,5971;0,9444;0,4471;0,4951;0,2326;0,0803;0,0313;0,4144;0,883;0,1997;0,6472

Generacija 1, Fitness 0,005030822, Gen ;0,2121;0,1493;0,1523;0,1189;0,2732;0,5904;0,759;0,0559;0,5875;0,5079;0,6691;0,6488;0,1646;0,274;0,89;0,9361;0,4156;0,1728;0,2775;0,1808;0,4284

Generacija 1, Fitness 0,00556761, Gen ;0,4659;0,8268;0,4227;0,2717;0,4086;0,3569;0,0131;0,5136;0,7285;0,7835;0,9675;0,5838;0,6352;0,8465;0,265;0,2094;0,9913;0,0072;0,0669;0,879;0,096

Generacija 1, Fitness 0,006301774, Gen ;0,9683;0,088;0,4537;0,3384;0,979;0,2122;0,3225;0,6892;0,6299;0,6878;0,0654;0,6928;0,0188;0,1211;0,5266;0,5423;0,2303;0,9956;0,5865;0,1668;0,5178

Generacija 1, Fitness 0,005423594, Gen ;0,8027;0,7169;0,6476;0,6815;0,3382;0,3051;0,4719;0,7139;0,0882;0,517;0,5774;0,7063;0,2235;0,5658;0,26;0,9092;0,3206;0,5492;0,9302;0,5169;0,2098

Generacija 1, Fitness 0,005667602, Gen ;0,6707;0,4635;0,4239;0,0385;0,2895;0,5049;0,4117;0,9314;0,6171;0,223;0,3039;0,3863;0,6941;0,9649;0,474;0,4006;0,7176;0,2779;0,7318;0,1987;0,0226

Generacija 1, Fitness 0,005741078, Gen ;0,0212;0,6411;0,073;0,6185;0,5248;0,5427;0,8435;0,7285;0,7146;0,1675;0,9452;0,9685;0,1816;0,5217;0,8023;0,0647;0,4504;0,987;0,9119;0,77;0,8256

Generacija 1, Fitness 0,005699576, Gen ;0,068;0,2349;0,4662;0,8239;0,1789;0,1279;0,8719;0,9184;0,4054;0,2023;0,9608;0,7988;0,0253;0,8938;0,3664;0,3352;0,3701;0,7328;0,9126;0,1365;0,1904

Generacija 1, Fitness 0,005985221, Gen ;0,8703;0,8683;0,0189;0,6704;0,6916;0,6361;0,4166;0,283;0,9875;0,9137;0,6687;0,2061;0,3518;0,314;0,6762;0,0661;0,4567;0,2295;0,9483;0,015;0,5653

Generacija 1, Fitness 0,005512743, Gen ;0,8863;0,9949;0,1561;0,3757;0,9661;0,8819;0,0729;0,2478;0,2567;0,5609;0,8973;0,8752;0,4664;0,6315;0,5472;0,5848;0,8761;0,0833;0,5973;0,1866;0,7903
,100
Generacija 1, Fitness 0,005980479, Gen ;0,6293;0,0978;0,2481;0,5581;0,2157;0,0925;0,5959;0,2164;0,2668;0,8328;0,8317;0,5176;0,7604;0,3746;0,3066;0,108;0,6725;0,3509;0,1559;0,4809;0,4472

Generacija 1, Fitness 0,006873082, Gen ;0,8765;0,219;0,8302;0,6073;0,3134;0,6796;0,5884;0,9171;0,5058;0,1525;0,9929;0,9922;0,0922;0,4157;0,665;0,8614;0,8925;0,6152;0,6387;0,5018;0,4204
,186,193,196,202,214,215,217,231
Generacija 1, Fitness 0,00638588, Gen ;0,0992;0,2683;0,3412;0,193;0,2954;0,7946;0,9347;0,9138;0,8292;0,8999;0,2198;0,5814;0,1465;0,1702;0,8141;0,2632;0,9492;0,5536;0,2981;0,9377;0,2211
,223,223,224,224
Generacija 1, Fitness 0,005842494, Gen ;0,208;0,1265;0,121;0,5761;0,4404;0,9016;0,6268;0,1222;0,1024;0,4687;0,2802;0,4736;0,2684;0,7005;0,6143;0,0028;0,9824;0,538;0,5934;0,8813;0,6081

Generacija 1, Fitness 0,006078025, Gen ;0,7149;0,7891;0,3896;0,8461;0,0378;0,689;0,9242;0,7741;0,1583;0,4967;0,0158;0,8476;0,0053;0,1431;0,8171;0,8853;0,4071;0,3961;0,6064;0,3347;0,2565
,123
Generacija 1, Fitness 0,005515439, Gen ;0,641;0,9788;0,1586;0,6047;0,549;0,6159;0,8536;0,9564;0,4438;0,5981;0,0662;0,7108;0,4218;0,4143;0,6553;0,8101;0,006;0,3935;0,5516;0,8222;0,5679

Generacija 1, Fitness 0,005449868, Gen ;0,3366;0,9902;0,8203;0,5177;0,8811;0,3341;0,5861;0,2647;0,8094;0,5533;0,7922;0,5098;0,2962;0,5251;0,602;0,7946;0,0922;0,0242;0,9211;0,9759;0,8241
,124,124,126
Generacija 1, Fitness 0,005676609, Gen ;0,9717;0,324;0,8647;0,198;0,4481;0,1648;0,269;0,7782;0,6366;0,1359;0,9927;0,2113;0,1784;0,2047;0,6398;0,3034;0,8276;0,5295;0,1408;0,4378;0,305

Generacija 1, Fitness 0,005455052, Gen ;0,4616;0,5752;0,0355;0,2527;0,7079;0,9673;0,7865;0,7351;0,9499;0,5448;0,7651;0,8287;0,7626;0,6943;0,6652;0,1441;0,4244;0,5586;0,3714;0,4281;0,486

Generacija 1, Fitness 0,005216329, Gen ;0,6553;0,6863;0,75;0,6254;0,8621;0,3756;0,2762;0,5984;0,0637;0,9134;0,887;0,0607;0,1513;0,3952;0,5053;0,0018;0,8917;0,4612;0,5358;0,2085;0,6381
,168
Generacija 1, Fitness 0,005957243, Gen ;0,6227;0,3405;0,419;0,2758;0,0967;0,7513;0,5402;0,6022;0,9663;0,7904;0,0312;0,8722;0,0837;0,9241;0,9813;0,06;0,9655;0,693;0,3132;0,6833;0,0317
,220
Generacija 1, Fitness 0,005677744, Gen ;0,1463;0,2235;0,4182;0,1672;0,9936;0,7534;0,0641;0,1819;0,9113;0,2955;0,8729;0,4611;0,0681;0,0161;0,7924;0,7639;0,9937;0,575;0,5736;0,0809;0,2995

Generacija 1, Fitness 0,005607792, Gen ;0,0941;0,1656;0,5596;0,166;0,784;0,1333;0,5828;0,9453;0,5255;0,1221;0,0026;0,7262;0,0793;0,3931;0,1661;0,6456;0,5666;0,6922;0,2384;0,2989;0,9596

Generacija 1, Fitness 0,005776378, Gen ;0,3876;0,1011;0,3824;0,2652;0,3508;0,223;0,9501;0,7696;0,5805;0,1935;0,6897;0,7148;0,1969;0,7648;0,0221;0,4317;0,592;0,9652;0,0413;0,6103;0,9869

Generacija 1, Fitness 0,005954957, Gen ;0,8075;0,2843;0,1393;0,6689;0,6467;0,7348;0,8606;0,0815;0,3253;0,4113;0,7367;0,8971;0,5331;0,2077;0,0317;0,5641;0,7139;0,916;0,9418;0,4094;0,6358
,153,153,155
Generacija 1, Fitness 0,005331181, Gen ;0,061;0,9052;0,9181;0,3372;0,2971;0,1268;0,6371;0,7718;0,3847;0,0663;0,673;0,1602;0,4178;0,2769;0,4506;0,9258;0,1694;0,2143;0,3588;0,5884;0,731

Generacija 1, Fitness 0,005184976, Gen ;0,7593;0,3437;0,773;0,0726;0,1894;0,4284;0,8898;0,1314;0,5876;0,6125;0,7986;0,0654;0,9788;0,3839;0,9117;0,131;0,9053;0,1315;0,0568;0,6871;0,4813

Generacija 1, Fitness 0,005047292, Gen ;0,2201;0,5982;0,4663;0,6183;0,4847;0,4415;0,4986;0,0088;0,4355;0,296;0,6908;0,0035;0,8312;0,5681;0,7746;0,664;0,8589;0,6554;0,3598;0,1745;0,4603

Generacija 1, Fitness 0,005124497, Gen ;0,7882;0,7264;0,7133;0,5314;0,3235;0,3616;0,3972;0,8821;0,0173;0,713;0,8572;0,0047;0,8912;0,8184;0,7873;0,4503;0,0421;0,5752;0,5457;0,7997;0,7114

Generacija 1, Fitness 0,005423327, Gen ;0,8772;0,9102;0,684;0,4403;0,9969;0,5749;0,9798;0,198;0,8547;0,416;0,6934;0,8297;0,1692;0,3812;0,3499;0,8572;0,9174;0,0541;0,4636;0,2255;0,6955

Generacija 1, Fitness 0,005026941, Gen ;0,9358;0,4946;0,6953;0,8065;0,809;0,917;0,3413;0,5541;0,881;0,2711;0,4173;0,521;0,8658;0,7172;0,2656;0,3777;0,4829;0,116;0,6442;0,7617;0,9263

Generacija 1, Fitness 0,005665162, Gen ;0,75;0,4398;0,1017;0,5723;0,0054;0,3629;0,7724;0,7974;0,8436;0,8745;0,5402;0,7421;0,0206;0,8832;0,2328;0,9069;0,214;0,3149;0,2194;0,0957;0,8361

Generacija 1, Fitness 0,005436561, Gen ;0,53;0,9231;0,1495;0,5299;0,4652;0,6022;0,4321;0,4501;0,5088;0,1112;0,7562;0,0359;0,8371;0,0547;0,6919;0,4922;0,0313;0,2719;0,492;0,3563;0,6029

Generacija 1, Fitness 0,005141524, Gen ;0,9179;0,5953;0,5613;0,6801;0,903;0,9617;0,8628;0,2361;0,21;0,4388;0,1886;0,0915;0,1653;0,2116;0,6629;0,8434;0,7402;0,0811;0,4277;0,9507;0,4184

Generacija 1, Fitness 0,005409837, Gen ;0,07;0,6679;0,0014;0,3878;0,2173;0,501;0,4257;0,6938;0,376;0,264;0,9152;0,7189;0,9578;0,5742;0,5318;0,0725;0,0867;0,4244;0,1889;0,3818;0,5422
,82,82,82,82,83,83,83,83,83,84
Generacija 1, Fitness 0,005319894, Gen ;0,3476;0,8021;0,3535;0,7389;0,4023;0,7539;0,1541;0,8715;0,8994;0,8848;0,2712;0,7145;0,3009;0,8219;0,3236;0,4597;0,6156;0,6919;0,0672;0,9809;0,7574

Generacija 1, Fitness 0,005658496, Gen ;0,1819;0,4021;0,0907;0,5504;0,5876;0,3176;0,878;0,0145;0,1953;0,249;0,6901;0,9552;0,3556;0,4954;0,5418;0,3059;0,0035;0,9286;0,6308;0,0175;0,6504
,128
Generacija 1, Fitness 0,005400086, Gen ;0,5919;0,7243;0,7109;0,8216;0,5008;0,8878;0,7427;0,7212;0,2959;0,4892;0,3472;0,2297;0,1791;0,02;0,1526;0,8079;0,9315;0,11;0,2068;0,1151;0,7353

Generacija 1, Fitness 0,005329018, Gen ;0,7529;0,9019;0,549;0,9544;0,3207;0,1854;0,3913;0,9466;0,7699;0,0317;0,844;0,3573;0,4651;0,8401;0,0468;0,6636;0,9604;0,3515;0,0189;0,7236;0,7087

Generacija 1, Fitness 0,006243533, Gen ;0,3839;0,6148;0,5295;0,141;0,6908;0,3989;0,345;0,0945;0,9647;0,3428;0,6627;0,7316;0,006;0,6311;0,8187;0,6519;0,8483;0,0992;0,1339;0,5917;0,5349

Generacija 1, Fitness 0,005959228, Gen ;0,4438;0,2872;0,6446;0,5561;0,742;0,7445;0,1236;0,2787;0,5039;0,9419;0,451;0,8578;0,6248;0,4716;0,9558;0,6799;0,4355;0,1793;0,0493;0,8325;0,3805

Generacija 1, Fitness 0,005239749, Gen ;0,539;0,4104;0,9631;0,503;0,1705;0,2157;0,0756;0,5134;0,0913;0,1325;0,8958;0,8713;0,8948;0,4666;0,2594;0,1348;0,2305;0,8812;0,1753;0,6782;0,2574

Generacija 1, Fitness 0,005542326, Gen ;0,025;0,3222;0,9605;0,0288;0,6775;0,5739;0,8607;0,5716;0,8014;0,8428;0,5263;0,6664;0,9773;0,4753;0,9292;0,7339;0,394;0,6584;0,0937;0,1186;0,2599

Generacija 1, Fitness 0,005518392, Gen ;0,7234;0,3247;0,5242;0,5028;0,9407;0,6718;0,0463;0,4456;0,5047;0,9157;0,4608;0,0812;0,3384;0,8771;0,6441;0,7215;0,5619;0,9694;0,5933;0,3003;0,4643

Generacija 1, Fitness 0,005210313, Gen ;0,5302;0,5099;0,4773;0,4074;0,2595;0,8443;0,082;0,7163;0,1492;0,8428;0,6072;0,6495;0,7366;0,4806;0,5768;0,6543;0,3192;0,8005;0,7544;0,0692;0,8766

Generacija 1, Fitness 0,005272192, Gen ;0,2959;0,662;0,8884;0,389;0,7877;0,0351;0,8569;0,0022;0,3861;0,0942;0,4762;0,3025;0,4168;0,208;0,6129;0,5608;0,5313;0,2226;0,309;0,0914;0,1713
,142
Generacija 1, Fitness 0,005358052, Gen ;0,7143;0,3005;0,0749;0,9934;0,4718;0,1361;0,7476;0,9839;0,7112;0,6687;0,4871;0,24;0,5222;0,2637;0,302;0,9529;0,57;0,6074;0,4267;0,9949;0,5505

Generacija 1, Fitness 0,006280821, Gen ;0,5148;0,3759;0,2607;0,2096;0,0172;0,421;0,9562;0,7992;0,6545;0,1724;0,7982;0,2723;0,1212;0,2365;0,3111;0,2276;0,8704;0,4193;0,7492;0,8343;0,909

Generacija 1, Fitness 0,005315098, Gen ;0,8081;0,0226;0,6707;0,6974;0,07;0,5359;0,9804;0,349;0,5507;0,8235;0,1258;0,2948;0,9064;0,6768;0,7857;0,202;0,492;0,3521;0,067;0,8078;0,617

Generacija 1, Fitness 0,005673251, Gen ;0,2089;0,1835;0,3066;0,9964;0,4956;0,3829;0,5271;0,3221;0,7036;0,7491;0,3615;0,4075;0,5333;0,6729;0,1488;0,9242;0,1569;0,6055;0,193;0,9942;0,4464

Generacija 1, Fitness 0,005451335, Gen ;0,7113;0,0749;0,0578;0,8925;0,8318;0,379;0,0314;0,5855;0,4824;0,0239;0,2131;0,9813;0,2322;0,595;0,7261;0,6699;0,2168;0,3745;0,8806;0,7027;0,4521

Generacija 1, Fitness 0,006241789, Gen ;0,8763;0,3039;0,7479;0,2589;0,2045;0,6749;0,8239;0,7282;0,4186;0,7954;0,4997;0,9861;0,4652;0,8252;0,9308;0,4096;0,2239;0,41;0,0299;0,2904;0,6615
,171,171,173
Generacija 1, Fitness 0,005449789, Gen ;0,212;0,9348;0,4983;0,5406;0,7598;0,4267;0,5304;0,5366;0,1772;0,4003;0,585;0,401;0,6247;0,5075;0,5191;0,5425;0,6735;0,807;0,7803;0,1964;0,6381

Generacija 1, Fitness 0,004705645, Gen ;0,0957;0,2457;0,2323;0,7108;0,1328;0,5208;0,5424;0,8062;0,3082;0,5568;0,5051;0,8481;0,7146;0,5793;0,8121;0,7349;0,1827;0,2135;0,8334;0,8917;0,4716

Generacija 1, Fitness 0,00567452, Gen ;0,9564;0,5033;0,4814;0,3225;0,8286;0,3952;0,1092;0,2795;0,4513;0,0684;0,5195;0,1533;0,1048;0,2057;0,8759;0,2392;0,138;0,9567;0,2664;0,6733;0,3156
,207
Generacija 1, Fitness 0,005498333, Gen ;0,5483;0,7596;0,9629;0,3741;0,3485;0,6253;0,2447;0,2891;0,9701;0,0836;0,801;0,9116;0,2065;0,4954;0,8292;0,6101;0,385;0,9795;0,2166;0,8596;0,1447
,141
Generacija 1, Fitness 0,004886567, Gen ;0,3228;0,7933;0,0326;0,0023;0,1898;0,88;0,0983;0,7143;0,2368;0,1763;0,088;0,026;0,9504;0,5984;0,147;0,4553;0,2241;0,0449;0,7324;0,9556;0,8719
,181
Generacija 1, Fitness 0,00498119, Gen ;0,6635;0,2691;0,9639;0,5877;0,6214;0,1825;0,9204;0,8559;0,2784;0,1204;0,054;0,0895;0,4232;0,8189;0,9173;0,5075;0,5966;0,6031;0,2908;0,9497;0,9554

Generacija 1, Fitness 0,006134607, Gen ;0,3916;0,356;0,29;0,8896;0,8059;0,1517;0,5835;0,6515;0,6086;0,4418;0,9144;0,4335;0,862;0,3979;0,5104;0,2322;0,4101;0,9918;0,2168;0,7199;0,8177

Generacija 1, Fitness 0,006260761, Gen ;0,3817;0,1275;0,4028;0,491;0,1021;0,773;0,3542;0,8158;0,8078;0,7816;0,0492;0,2915;0,0934;0,5911;0,0154;0,6917;0,7286;0,3677;0,6881;0,5133;0,2914

Generacija 1, Fitness 0,004791776, Gen ;0,2636;0,5456;0,0241;0,4887;0,0383;0,1476;0,7579;0,5346;0,1028;0,3692;0,7427;0,5901;0,292;0,8128;0,4355;0,7867;0,4719;0,1406;0,4492;0,168;0,9457

Generacija 1, Fitness 0,005547115, Gen ;0,9604;0,9577;0,2095;0,3789;0,9408;0,2985;0,0644;0,4532;0,6277;0,5422;0,8254;0,076;0,5844;0,3113;0,744;0,1043;0,2504;0,7916;0,2574;0,7011;0,7837

Generacija 1, Fitness 0,005324754, Gen ;0,0635;0,3081;0,6162;0,4389;0,4353;0,2172;0,9278;0,3394;0,6233;0,8495;0,3532;0,2639;0,4796;0,1949;0,5067;0,6191;0,7654;0,5732;0,8229;0,2957;0,656

Generacija 1, Fitness 0,005251085, Gen ;0,2142;0,2165;0,3404;0,0643;0,1817;0,1374;0,682;0,3875;0,4104;0,1073;0,5932;0,1463;0,8649;0,1885;0,5786;0,5112;0,8179;0,3626;0,0732;0,4355;0,3304

Generacija 1, Fitness 0,005416736, Gen ;0,6565;0,9777;0,0756;0,4769;0,0136;0,3977;0,2357;0,6907;0,3668;0,8496;0,5751;0,7017;0,3067;0,1313;0,6119;0,6595;0,9159;0,3842;0,814;0,9862;0,2792
,111
Generacija 1, Fitness 0,005157481, Gen ;0,1466;0,2713;0,7915;0,8454;0,9605;0,3194;0,5635;0,8322;0,1676;0,7708;0,9774;0,6633;0,0019;0,5365;0,5527;0,7361;0,1208;0,0117;0,9776;0,951;0,2444

Generacija 1, Fitness 0,005563077, Gen ;0,55;0,6204;0,3944;0,3188;0,1966;0,9402;0,292;0,4857;0,8099;0,3409;0,4093;0,0069;0,6541;0,1112;0,7501;0,6297;0,0868;0,9494;0,032;0,3075;0,1827

Generacija 1, Fitness 0,00509864, Gen ;0,1426;0,5794;0,0474;0,7951;0,706;0,6842;0,9919;0,6385;0,814;0,2664;0,075;0,3949;0,362;0,0291;0,4194;0,2761;0,4891;0,5954;0,8182;0,7078;0,7688

Generacija 1, Fitness 0,005457907, Gen ;0,9994;0,915;0,1096;0,6636;0,7583;0,4759;0,2994;0,8948;0,2601;0,9492;0,781;0,5582;0,1204;0,4771;0,3185;0,7863;0,5788;0,7308;0,5369;0,7969;0,586

Generacija 1, Fitness 0,005077575, Gen ;0,9969;0,4129;0,3555;0,5239;0,7442;0,2363;0,2778;0,2781;0,9871;0,5181;0,6271;0,5192;0,9676;0,0409;0,6948;0,9531;0,7635;0,6498;0,5791;0,4761;0,7719

Generacija 1, Fitness 0,005208914, Gen ;0,7657;0,0326;0,5851;0,9732;0,9297;0,9058;0,3983;0,2344;0,8434;0,7021;0,0909;0,089;0,684;0,7686;0,6236;0,3461;0,4242;0,8462;0,7073;0,4438;0,2944

Generacija 1, Fitness 0,005245223, Gen ;0,3258;0,0376;0,3675;0,1558;0,2757;0,1254;0,8398;0,9528;0,0056;0,9162;0,0351;0,0001;0,8983;0,021;0,4459;0,0102;0,0888;0,8729;0,6511;0,9313;0,3884

Generacija 1, Fitness 0,005802929, Gen ;0,979;0,7558;0,1867;0,213;0,7556;0,4836;0,5655;0,99;0,3195;0,2692;0,1157;0,3132;0,5543;0,6872;0,384;0,9098;0,6015;0,7776;0,3967;0,7622;0,8753
,206
Generacija 1, Fitness 0,005200141, Gen ;0,3753;0,9519;0,0691;0,4955;0,6952;0,5643;0,9203;0,6599;0,7073;0,536;0,9664;0,6591;0,1223;0,3312;0,2119;0,9309;0,4958;0,3681;0,1823;0,0043;0,0227
,226
Generacija 1, Fitness 0,005440476, Gen ;0,7791;0,5642;0,8435;0,4625;0,7928;0,3841;0,0982;0,0708;0,9142;0,4479;0,4809;0,4274;0,9743;0,8007;0,179;0,9722;0,8088;0,8226;0,3504;0,2266;0,7531

Generacija 1, Fitness 0,006627188, Gen ;0,9142;0,2314;0,4095;0,8497;0,5691;0,6269;0,6623;0,2687;0,4647;0,9817;0,2361;0,2042;0,8038;0,5227;0,141;0,536;0,3378;0,2307;0,9695;0,2364;0,7955

Generacija 1, Fitness 0,005478464, Gen ;0,4231;0,4675;0,1328;0,0102;0,0493;0,4003;0,0542;0,5912;0,3974;0,9342;0,8661;0,6215;0,6962;0,7646;0,2924;0,617;0,5278;0,9087;0,9318;0,3067;0,4438

Generacija 1, Fitness 0,005219152, Gen ;0,2746;0,0209;0,2716;0,3954;0,3508;0,0238;0,9609;0,2626;0,5148;0,5034;0,495;0,9015;0,5374;0,7071;0,3604;0,2822;0,934;0,4417;0,5943;0,7885;0,115

Generacija 1, Fitness 0,005480625, Gen ;0,3523;0,4043;0,0632;0,5268;0,2116;0,6614;0,4644;0,3466;0,1489;0,0484;0,8846;0,5228;0,3603;0,9925;0,0033;0,6405;0,3073;0,2075;0,969;0,0765;0,699
,197
Generacija 1, Fitness 0,005447179, Gen ;0,5014;0,8068;0,2138;0,2597;0,7236;0,0765;0,2443;0,233;0,6596;0,9512;0,9917;0,2633;0,9317;0,1167;0,639;0,1232;0,117;0,5937;0,8587;0,5715;0,2399
,210,213
Generacija 1, Fitness 0,005153871, Gen ;0,4084;0,1917;0,5001;0,7266;0,012;0,9022;0,8564;0,833;0,7217;0,2508;0,0658;0,1629;0,213;0,1733;0,8834;0,9957;0,6897;0,3574;0,4505;0,9692;0,1794

Generacija 1, Fitness 0,005031247, Gen ;0,8414;0,8992;0,6317;0,3268;0,5213;0,6616;0,2287;0,9691;0,1564;0,7017;0,2061;0,1726;0,5885;0,1764;0,0139;0,7826;0,8718;0,0225;0,4668;0,2476;0,7805

Generacija 1, Fitness 0,005958227, Gen ;0,6023;0,0866;0,4619;0,3166;0,6845;0,6848;0,0349;0,6925;0,8257;0,2166;0,608;0,4758;0,427;0,946;0,9208;0,9562;0,3499;0,6237;0,0699;0,7856;0,8335
,128
Generacija 1, Fitness 0,005113188, Gen ;0,9542;0,8379;0,3074;0,6224;0,7681;0,5647;0,9348;0,8837;0,3689;0,8416;0,6005;0,4219;0,7236;0,8371;0,5186;0,3789;0,3771;0,0661;0,0591;0,5407;0,6239
,157
Generacija 1, Fitness 0,006057363, Gen ;0,782;0,4615;0,0085;0,0251;0,0293;0,5571;0,0467;0,6693;0,9946;0,1267;0,6891;0,3468;0,2219;0,3234;0,3189;0,1103;0,3921;0,2499;0,7062;0,8085;0,133

Generacija 1, Fitness 0,006770857, Gen ;0,4934;0,6881;0,8881;0,5102;0,6377;0,2165;0,7915;0,1847;0,9645;0,7429;0,7753;0,2392;0,3591;0,0691;0,1077;0,6091;0,3758;0,7414;0,3216;0,7162;0,4201

Generacija 1, Fitness 0,006259771, Gen ;0,1093;0,7486;0,1901;0,1343;0,7261;0,0567;0,0827;0,0233;0,1098;0,0852;0,6494;0,896;0,1504;0,8861;0,6549;0,1979;0,5098;0,0543;0,2871;0,7055;0,8736

Generacija 1, Fitness 0,005518441, Gen ;0,9343;0,9299;0,4303;0,4937;0,0325;0,5301;0,037;0,1226;0,5677;0,5363;0,8054;0,4089;0,3741;0,2187;0,7157;0,6246;0,4694;0,5869;0,7845;0,3986;0,7802

Generacija 1, Fitness 0,005182799, Gen ;0,4615;0,6821;0,6378;0,2666;0,8006;0,6484;0,2186;0,2122;0,6982;0,8603;0,7843;0,3621;0,13;0,2233;0,6353;0,6797;0,6183;0,0073;0,2597;0,7243;0,0964
,102
Generacija 1, Fitness 0,005611028, Gen ;0,5761;0,0957;0,7297;0,9422;0,8112;0,0042;0,6027;0,6993;0,9342;0,6745;0,3573;0,8587;0,3481;0,2839;0,5363;0,2046;0,9731;0,5448;0,3854;0,1712;0,7452
,213
Generacija 1, Fitness 0,00584418, Gen ;0,8657;0,9944;0,8679;0,7681;0,4446;0,4048;0,8775;0,7492;0,3713;0,7592;0,9102;0,85;0,3311;0,4071;0,4671;0,0705;0,424;0,927;0,2594;0,6523;0,2654

Generacija 2, Fitness 0,005685743, Gen ;0,8075;0,2843;0,1393;0,8239;0,1789;0,7348;0,8606;0,0815;0,3253;0,2023;0,9608;0,8971;0,5331;0,2077;0,0317;0,3352;0,3701;0,916;0,9126;0,4094;0,6358

Generacija 2, Fitness 0,005235947, Gen ;0,5148;0,7486;0,1901;0,2096;0,7261;0,421;0,9562;0,7992;0,1098;0,0852;0,6494;0,2723;0,1504;0,8861;0,6549;0,1979;0,8704;0,4193;0,7492;0,7055;0,909

Generacija 2, Fitness 0,005256569, Gen ;0,2197;0,5874;0,1901;0,1343;0,0394;0,5519;0,0827;0,9118;0,1098;0,4032;0,6494;0,6919;0,1504;0,8861;0,8512;0,1979;0,673;0,0775;0,7488;0,0588;0,8736

Generacija 2, Fitness 0,005480821, Gen ;0,5798;0,6913;0,854;0,2433;0,5486;0,6749;0,461;0,7282;0,4116;0,7954;0,4997;0,9861;0,4652;0,8252;0,9308;0,4096;0,2138;0,41;0,5094;0,847;0,1057

Generacija 2, Fitness 0,00532963, Gen ;0,6707;0,4635;0,4239;0,0385;0,0172;0,421;0,9562;0,7992;0,6545;0,223;0,3039;0,3863;0,6941;0,2365;0,3111;0,2276;0,8704;0,2779;0,7318;0,1987;0,0226

Generacija 2, Fitness 0,005112564, Gen ;0,979;0,5752;0,0355;0,2527;0,7079;0,4836;0,5655;0,99;0,3195;0,2692;0,7651;0,3132;0,5543;0,6872;0,384;0,9098;0,6015;0,5586;0,3967;0,4281;0,486

Generacija 2, Fitness 0,006134416, Gen ;0,8075;0,2843;0,1393;0,6689;0,0967;0,7513;0,8606;0,0815;0,9663;0,4113;0,0312;0,8971;0,0837;0,2077;0,9813;0,06;0,9655;0,693;0,9418;0,6833;0,6358

Generacija 2, Fitness 0,005592806, Gen ;0,9564;0,5033;0,4814;0,3225;0,4404;0,9016;0,6268;0,1222;0,4513;0,0684;0,5195;0,1533;0,2684;0,7005;0,6143;0,2392;0,9824;0,9567;0,2664;0,6733;0,6081

Generacija 2, Fitness 0,005188347, Gen ;0,6707;0,4635;0,4239;0,5177;0,8811;0,3341;0,4117;0,2647;0,8094;0,223;0,7922;0,5098;0,6941;0,5251;0,602;0,4006;0,7176;0,2779;0,7318;0,1987;0,8241

Generacija 2, Fitness 0,005673996, Gen ;0,4934;0,0957;0,8881;0,5102;0,6377;0,0042;0,6027;0,6993;0,9342;0,6745;0,3573;0,8587;0,3591;0,2839;0,1077;0,2046;0,3758;0,7414;0,3854;0,1712;0,4201

Generacija 2, Fitness 0,005320082, Gen ;0,068;0,7891;0,4662;0,8461;0,0378;0,689;0,8719;0,7741;0,1583;0,4967;0,9608;0,8476;0,0253;0,8938;0,3664;0,3352;0,4071;0,7328;0,9126;0,3347;0,2565

Generacija 2, Fitness 0,005604806, Gen ;0,6023;0,4615;0,0085;0,0251;0,0293;0,5571;0,0349;0,6693;0,8257;0,1267;0,608;0,3468;0,2219;0,946;0,3189;0,1103;0,3921;0,6237;0,7062;0,8085;0,133

Generacija 2, Fitness 0,005732057, Gen ;0,9683;0,088;0,4537;0,3384;0,979;0,379;0,0314;0,6892;0,4824;0,6878;0,2131;0,9813;0,0188;0,595;0,5266;0,6699;0,2168;0,9956;0,8806;0,7027;0,4521

Generacija 2, Fitness 0,00543463, Gen ;0,0212;0,324;0,073;0,198;0,4481;0,5427;0,8435;0,7285;0,6366;0,1359;0,9927;0,9685;0,1784;0,2047;0,6398;0,0647;0,4504;0,5295;0,1408;0,77;0,8256

Generacija 2, Fitness 0,005225773, Gen ;0,4231;0,4675;0,1328;0,0102;0,0493;0,4003;0,0542;0,9314;0,3974;0,9342;0,8661;0,3863;0,6941;0,9649;0,474;0,4006;0,5278;0,2779;0,7318;0,1987;0,4438
,225,225,226
Generacija 2, Fitness 0,006102527, Gen ;0,6293;0,3405;0,419;0,5581;0,2157;0,7513;0,5402;0,6022;0,9663;0,7904;0,8317;0,8722;0,0837;0,3746;0,9813;0,06;0,9655;0,693;0,3132;0,4809;0,4472
,124
Generacija 2, Fitness 0,005622943, Gen ;0,1093;0,7486;0,4095;0,1343;0,7261;0,0567;0,6623;0,0233;0,4647;0,0852;0,2361;0,896;0,8038;0,5227;0,141;0,1979;0,3378;0,0543;0,2871;0,2364;0,8736

Generacija 2, Fitness 0,005983662, Gen ;0,4934;0,6881;0,0578;0,5102;0,8318;0,379;0,0314;0,1847;0,9645;0,7429;0,2131;0,2392;0,3591;0,595;0,1077;0,6091;0,2168;0,3745;0,3216;0,7162;0,4201
,160
Generacija 2, Fitness 0,005954173, Gen ;0,7113;0,0749;0,0578;0,1343;0,8318;0,0567;0,0314;0,0233;0,4824;0,0852;0,2131;0,9813;0,1504;0,595;0,6549;0,6699;0,5098;0,3745;0,8806;0,7027;0,4521

Generacija 2, Fitness 0,005499265, Gen ;0,9564;0,5033;0,4814;0,3225;0,8286;0,6361;0,4166;0,2795;0,4513;0,0684;0,5195;0,1533;0,3518;0,2057;0,8759;0,2392;0,138;0,9567;0,9483;0,6733;0,3156
,104
Generacija 2, Fitness 0,005483473, Gen ;0,4934;0,6881;0,1348;0,8961;0,2945;0,9063;0,7915;0,1847;0,3712;0,7429;0,5971;0,9444;0,4471;0,4951;0,1077;0,0803;0,3758;0,7414;0,883;0,1997;0,6472

Generacija 2, Fitness 0,005740137, Gen ;0,4231;0,4635;0,1328;0,0385;0,0493;0,4003;0,0542;0,9314;0,6171;0,223;0,8661;0,6215;0,6962;0,9649;0,2924;0,4006;0,7176;0,9087;0,7318;0,3067;0,0226
,98,103
Generacija 2, Fitness 0,005276191, Gen ;0,068;0,2349;0,3896;0,8461;0,0378;0,689;0,9242;0,9184;0,1583;0,2023;0,9608;0,7988;0,0053;0,1431;0,8171;0,8853;0,4071;0,3961;0,6064;0,1365;0,2565
,146,146
Generacija 2, Fitness 0,005619871, Gen ;0,467;0,0411;0,4933;0,193;0,2954;0,7946;0,9347;0,9138;0,8292;0,8999;0,2198;0,4186;0,1465;0,4753;0,4629;0,6649;0,4682;0,8205;0,2981;0,4214;0,9926

Generacija 2, Fitness 0,005590991, Gen ;0,9683;0,088;0,4537;0,3384;0,979;0,2122;0,3225;0,6515;0,6299;0,6878;0,9144;0,6928;0,862;0,1211;0,5266;0,5423;0,2303;0,9956;0,2168;0,7199;0,5178

Generacija 2, Fitness 0,005980392, Gen ;0,9717;0,324;0,8647;0,8896;0,4481;0,1517;0,5835;0,7782;0,6086;0,1359;0,9144;0,4335;0,1784;0,3979;0,5104;0,2322;0,8276;0,5295;0,2168;0,7199;0,8177

Generacija 2, Fitness 0,005079906, Gen ;0,1093;0,2872;0,1901;0,5561;0,7261;0,0567;0,0827;0,2787;0,5039;0,0852;0,451;0,8578;0,6248;0,8861;0,9558;0,6799;0,4355;0,1793;0,0493;0,7055;0,8736

Generacija 2, Fitness 0,005479348, Gen ;0,3817;0,9949;0,4028;0,491;0,9661;0,773;0,0729;0,8158;0,2567;0,7816;0,0492;0,8752;0,4664;0,5911;0,0154;0,5848;0,8761;0,3677;0,5973;0,5133;0,2914

Generacija 2, Fitness 0,006785396, Gen ;0,9142;0,2683;0,4095;0,193;0,2954;0,7946;0,9347;0,2687;0,8292;0,9817;0,2198;0,5814;0,1465;0,5227;0,8141;0,2632;0,9492;0,2307;0,9695;0,2364;0,7955
,232
Generacija 2, Fitness 0,006015745, Gen ;0,1093;0,7486;0,1901;0,6704;0,7261;0,0567;0,4166;0,0233;0,9875;0,0852;0,6687;0,2061;0,1504;0,314;0,6762;0,1979;0,5098;0,0543;0,2871;0,7055;0,5653

Generacija 2, Fitness 0,005552331, Gen ;0,9717;0,324;0,8647;0,491;0,4481;0,773;0,269;0,8158;0,8078;0,1359;0,9927;0,2915;0,1784;0,5911;0,0154;0,6917;0,7286;0,3677;0,6881;0,4378;0,2914

Generacija 2, Fitness 0,005332492, Gen ;0,4934;0,9348;0,8881;0,5406;0,6377;0,4267;0,7915;0,5366;0,1772;0,7429;0,585;0,2392;0,6247;0,0691;0,5191;0,6091;0,6735;0,807;0,3216;0,1964;0,6381

Generacija 2, Fitness 0,005297446, Gen ;0,3876;0,1011;0,3824;0,2652;0,3508;0,1648;0,9501;0,7782;0,5805;0,1359;0,6897;0,2113;0,1969;0,2047;0,0221;0,4317;0,8276;0,5295;0,1408;0,6103;0,305

Generacija 2, Fitness 0,005673078, Gen ;0,5483;0,2165;0,3404;0,0643;0,3485;0,6253;0,682;0,3875;0,9701;0,1073;0,801;0,9116;0,2065;0,1885;0,5786;0,5112;0,385;0,3626;0,2166;0,8596;0,1447
,139
Generacija 2, Fitness 0,006070794, Gen ;0,5798;0,6913;0,3412;0,2433;0,2954;0,7946;0,461;0,6189;0,8292;0,8999;0,591;0,5814;0,2581;0,9421;0,8504;0,03;0,2138;0,8482;0,2981;0,847;0,1057

Generacija 2, Fitness 0,005197623, Gen ;0,9007;0,8164;0,0463;0,5761;0,4404;0,535;0,2619;0,1222;0,1024;0,4687;0,2034;0,7422;0,4735;0,7905;0,6143;0,0028;0,9824;0,538;0,1378;0,8813;0,8196
,123,124,125
Generacija 2, Fitness 0,005991541, Gen ;0,1819;0,4021;0,4814;0,5504;0,5876;0,3176;0,1092;0,2795;0,1953;0,249;0,5195;0,9552;0,1048;0,2057;0,8759;0,2392;0,138;0,9286;0,6308;0,6733;0,3156

Generacija 2, Fitness 0,006092685, Gen ;0,3817;0,1275;0,4095;0,8497;0,1021;0,773;0,6623;0,8158;0,4647;0,7816;0,2361;0,2042;0,0934;0,5911;0,141;0,536;0,7286;0,2307;0,9695;0,5133;0,2914
,181
Generacija 2, Fitness 0,005685414, Gen ;0,9998;0,1275;0,1348;0,8961;0,1021;0,9063;0,6747;0,6469;0,8078;0,5762;0,0492;0,9444;0,0934;0,5911;0,0154;0,6917;0,0313;0,3677;0,6881;0,5133;0,6472

Generacija 2, Fitness 0,005190292, Gen ;0,9343;0,9299;0,4303;0,4937;0,5248;0,5427;0,8435;0,7285;0,7146;0,5363;0,8054;0,4089;0,3741;0,5217;0,8023;0,0647;0,4504;0,5869;0,9119;0,77;0,7802

Generacija 2, Fitness 0,005384382, Gen ;0,6707;0,4635;0,0189;0,6704;0,6916;0,5049;0,4166;0,9314;0,6171;0,223;0,6687;0,2061;0,3518;0,314;0,6762;0,0661;0,4567;0,2779;0,9483;0,1987;0,0226

Generacija 2, Fitness 0,005605851, Gen ;0,782;0,4615;0,4028;0,491;0,1021;0,773;0,0467;0,6693;0,9946;0,7816;0,6891;0,3468;0,2219;0,3234;0,0154;0,1103;0,7286;0,2499;0,6881;0,8085;0,2914

Generacija 2, Fitness 0,005448493, Gen ;0,6023;0,7891;0,4619;0,8461;0,6845;0,6848;0,0349;0,6925;0,8257;0,2166;0,608;0,8476;0,0053;0,946;0,8171;0,8853;0,3499;0,6237;0,6064;0,7856;0,2565
,104
Generacija 2, Fitness 0,005584266, Gen ;0,8703;0,3005;0,0189;0,9934;0,4718;0,6361;0,4166;0,9839;0,9875;0,9137;0,6687;0,24;0,3518;0,2637;0,302;0,0661;0,4567;0,2295;0,4267;0,9949;0,5653
,201
Generacija 2, Fitness 0,005338099, Gen ;0,3839;0,6148;0,29;0,8896;0,8059;0,1517;0,345;0,0945;0,9647;0,4418;0,9144;0,7316;0,862;0,6311;0,8187;0,2322;0,4101;0,9918;0,2168;0,7199;0,5349

Generacija 2, Fitness 0,00581043, Gen ;0,9998;0,0134;0,1348;0,5723;0,0054;0,9063;0,7724;0,7974;0,3712;0,5762;0,5971;0,7421;0,4471;0,8832;0,2326;0,9069;0,0313;0,3149;0,2194;0,0957;0,8361

Generacija 2, Fitness 0,005933165, Gen ;0,9142;0,219;0,8302;0,8497;0,3134;0,6269;0,6623;0,9171;0,5058;0,9817;0,9929;0,9922;0,0922;0,5227;0,141;0,536;0,3378;0,6152;0,9695;0,2364;0,4204
,159,159
Generacija 2, Fitness 0,005492137, Gen ;0,8763;0,0226;0,6707;0,2589;0,2045;0,6749;0,8239;0,349;0,5507;0,7954;0,1258;0,2948;0,9064;0,6768;0,9308;0,202;0,492;0,3521;0,0299;0,8078;0,617

Generacija 2, Fitness 0,006158391, Gen ;0,3839;0,2843;0,5295;0,141;0,6908;0,7348;0,345;0,0945;0,3253;0,3428;0,7367;0,8971;0,006;0,6311;0,0317;0,5641;0,7139;0,916;0,9418;0,5917;0,6358
,160
Generacija 2, Fitness 0,005539409, Gen ;0,9717;0,7596;0,8647;0,198;0,3485;0,6253;0,269;0,2891;0,9701;0,1359;0,801;0,2113;0,1784;0,2047;0,6398;0,6101;0,8276;0,5295;0,1408;0,4378;0,305

Generacija 2, Fitness 0,004937285, Gen ;0,1819;0,4021;0,5596;0,166;0,5876;0,1333;0,878;0,9453;0,1953;0,1221;0,0026;0,9552;0,3556;0,4954;0,1661;0,6456;0,5666;0,6922;0,6308;0,2989;0,9596

Generacija 2, Fitness 0,005423663, Gen ;0,8703;0,8683;0,0189;0,6704;0,6916;0,4048;0,4166;0,7492;0,9875;0,9137;0,6687;0,85;0,3518;0,314;0,6762;0,0661;0,4567;0,927;0,9483;0,6523;0,2654

Generacija 2, Fitness 0,005661499, Gen ;0,6023;0,0866;0,4619;0,8239;0,1789;0,1279;0,0349;0,6925;0,4054;0,2023;0,9608;0,7988;0,427;0,8938;0,3664;0,9562;0,3499;0,7328;0,9126;0,1365;0,1904
,217,217,220
Generacija 2, Fitness 0,00624691, Gen ;0,7149;0,7891;0,3896;0,0251;0,0378;0,689;0,0467;0,7741;0,9946;0,4967;0,0158;0,3468;0,2219;0,3234;0,3189;0,1103;0,4071;0,3961;0,7062;0,8085;0,2565

Generacija 2, Fitness 0,005306018, Gen ;0,4659;0,8268;0,0578;0,8925;0,8318;0,3569;0,0314;0,5855;0,4824;0,7835;0,9675;0,9813;0,2322;0,8465;0,7261;0,2094;0,2168;0,3745;0,8806;0,7027;0,4521

Generacija 2, Fitness 0,00573927, Gen ;0,6227;0,5752;0,0355;0,2527;0,0967;0,7513;0,5402;0,7351;0,9499;0,5448;0,7651;0,8287;0,0837;0,9241;0,6652;0,06;0,9655;0,693;0,3714;0,4281;0,0317

Generacija 2, Fitness 0,005553683, Gen ;0,9564;0,2349;0,4814;0,3225;0,1789;0,3952;0,1092;0,9184;0,4054;0,0684;0,5195;0,7988;0,0253;0,8938;0,8759;0,3352;0,138;0,9567;0,2664;0,1365;0,1904
,195
Generacija 2, Fitness 0,006553088, Gen ;0,3839;0,6148;0,8302;0,6073;0,6908;0,3989;0,345;0,0945;0,5058;0,1525;0,9929;0,7316;0,0922;0,6311;0,665;0,8614;0,8925;0,6152;0,6387;0,5917;0,4204

Generacija 2, Fitness 0,005628353, Gen ;0,8081;0,0978;0,6707;0,6974;0,2157;0,0925;0,9804;0,2164;0,2668;0,8328;0,8317;0,5176;0,9064;0,6768;0,3066;0,202;0,492;0,3509;0,067;0,4809;0,617

Generacija 2, Fitness 0,00529424, Gen ;0,782;0,5642;0,0085;0,4625;0,7928;0,5571;0,0467;0,6693;0,9946;0,4479;0,4809;0,3468;0,9743;0,3234;0,179;0,1103;0,3921;0,2499;0,3504;0,8085;0,7531
,194
Generacija 2, Fitness 0,005890682, Gen ;0,9998;0,0866;0,1348;0,8961;0,6845;0,6848;0,6747;0,6925;0,3712;0,5762;0,608;0,9444;0,427;0,946;0,2326;0,0803;0,0313;0,4144;0,883;0,7856;0,8335
,127
Generacija 2, Fitness 0,005632614, Gen ;0,5919;0,088;0,7109;0,8216;0,5008;0,8878;0,3225;0,6892;0,2959;0,6878;0,3472;0,6928;0,1791;0,02;0,5266;0,8079;0,9315;0,11;0,2068;0,1668;0,5178
,124
Generacija 2, Fitness 0,005493945, Gen ;0,4934;0,4398;0,8881;0,5723;0,6377;0,3629;0,7724;0,1847;0,9645;0,8745;0,5402;0,7421;0,3591;0,0691;0,2328;0,9069;0,3758;0,3149;0,2194;0,7162;0,8361

Generacija 2, Fitness 0,005508424, Gen ;0,9142;0,7558;0,4095;0,8497;0,5691;0,6269;0,5655;0,2687;0,3195;0,9817;0,2361;0,2042;0,8038;0,5227;0,141;0,9098;0,6015;0,2307;0,3967;0,7622;0,8753

Generacija 2, Fitness 0,00546265, Gen ;0,8075;0,2843;0,1393;0,6689;0,6467;0,7348;0,8606;0,1222;0,3253;0,4113;0,7367;0,8971;0,5331;0,2077;0,6143;0,5641;0,7139;0,916;0,9418;0,4094;0,6081

Generacija 2, Fitness 0,005823868, Gen ;0,9683;0,2314;0,4095;0,8497;0,5691;0,6269;0,6623;0,2687;0,6299;0,9817;0,0654;0,6928;0,8038;0,5227;0,5266;0,536;0,3378;0,2307;0,9695;0,2364;0,5178

Generacija 2, Fitness 0,006154687, Gen ;0,9994;0,915;0,1096;0,2433;0,5486;0,4759;0,2994;0,8948;0,2601;0,9492;0,591;0,8747;0,1204;0,9421;0,8504;0,03;0,2138;0,8482;0,5369;0,847;0,586

Generacija 2, Fitness 0,005446478, Gen ;0,0212;0,6411;0,073;0,0251;0,5248;0,5571;0,0467;0,6693;0,7146;0,1675;0,9452;0,3468;0,2219;0,3234;0,3189;0,0647;0,4504;0,2499;0,7062;0,8085;0,8256

Generacija 2, Fitness 0,005179857, Gen ;0,0941;0,6881;0,8881;0,5102;0,6377;0,2165;0,7915;0,9453;0,5255;0,7429;0,7753;0,7262;0,3591;0,3931;0,1077;0,6456;0,5666;0,6922;0,2384;0,2989;0,4201

Generacija 2, Fitness 0,005180488, Gen ;0,8765;0,219;0,0189;0,6704;0,3134;0,6796;0,5884;0,9171;0,9875;0,1525;0,9929;0,2061;0,3518;0,4157;0,6762;0,8614;0,8925;0,2295;0,6387;0,5018;0,4204

Generacija 2, Fitness 0,004589442, Gen ;0,6023;0,0866;0,1586;0,3166;0,549;0,6159;0,8536;0,9564;0,8257;0,2166;0,0662;0,4758;0,4218;0,946;0,9208;0,9562;0,3499;0,6237;0,0699;0,8222;0,8335

Generacija 2, Fitness 0,005517876, Gen ;0,4616;0,8683;0,0355;0,2527;0,6916;0,9673;0,4166;0,7351;0,9499;0,9137;0,6687;0,8287;0,3518;0,314;0,6652;0,0661;0,4244;0,5586;0,3714;0,015;0,486
,111
Generacija 2, Fitness 0,005621922, Gen ;0,3523;0,4043;0,3944;0,5268;0,2116;0,9402;0,4644;0,4857;0,1489;0,3409;0,8846;0,0069;0,3603;0,1112;0,7501;0,6405;0,0868;0,9494;0,032;0,0765;0,1827
,190,190,192
Generacija 2, Fitness 0,005207311, Gen ;0,025;0,2843;0,1393;0,0288;0,6775;0,5739;0,8606;0,0815;0,3253;0,4113;0,7367;0,8971;0,9773;0,4753;0,0317;0,5641;0,7139;0,916;0,0937;0,4094;0,6358

Generacija 2, Fitness 0,005467205, Gen ;0,5148;0,4635;0,2607;0,0385;0,2895;0,421;0,9562;0,9314;0,6545;0,223;0,7982;0,2723;0,1212;0,9649;0,3111;0,2276;0,8704;0,4193;0,7492;0,1987;0,909

Generacija 2, Fitness 0,005292134, Gen ;0,8027;0,7169;0,9605;0,0288;0,6775;0,5739;0,4719;0,5716;0,0882;0,8428;0,5263;0,7063;0,9773;0,5658;0,9292;0,7339;0,3206;0,5492;0,9302;0,1186;0,2098

Generacija 2, Fitness 0,005463668, Gen ;0,4934;0,6881;0,8881;0,5102;0,6916;0,2165;0,4166;0,1847;0,9875;0,9137;0,7753;0,2392;0,3518;0,0691;0,6762;0,6091;0,4567;0,7414;0,3216;0,7162;0,5653
,111
Generacija 2, Fitness 0,005631526, Gen ;0,8765;0,9902;0,8203;0,5177;0,3134;0,6796;0,5884;0,9171;0,5058;0,5533;0,9929;0,5098;0,2962;0,5251;0,602;0,7946;0,0922;0,6152;0,6387;0,9759;0,8241

Generacija 2, Fitness 0,006358977, Gen ;0,8765;0,219;0,5295;0,6073;0,6908;0,3989;0,5884;0,9171;0,5058;0,3428;0,9929;0,9922;0,0922;0,6311;0,8187;0,6519;0,8925;0,6152;0,6387;0,5018;0,4204
,165,167,167
Generacija 2, Fitness 0,005354592, Gen ;0,1093;0,9577;0,2095;0,3789;0,7261;0,0567;0,0644;0,0233;0,6277;0,0852;0,6494;0,896;0,5844;0,8861;0,744;0,1979;0,2504;0,0543;0,2574;0,7011;0,8736

Generacija 2, Fitness 0,005310995, Gen ;0,7149;0,2349;0,3896;0,8239;0,1789;0,1279;0,9242;0,9184;0,4054;0,2023;0,0158;0,8476;0,0053;0,8938;0,8171;0,3352;0,4071;0,3961;0,6064;0,3347;0,1904

Generacija 2, Fitness 0,006031354, Gen ;0,1093;0,7486;0,1901;0,141;0,7261;0,3989;0,345;0,0945;0,9647;0,0852;0,6627;0,896;0,1504;0,6311;0,8187;0,1979;0,8483;0,0543;0,2871;0,5917;0,5349

Generacija 2, Fitness 0,00590989, Gen ;0,9683;0,088;0,4095;0,3384;0,5691;0,6269;0,6623;0,2687;0,6299;0,9817;0,0654;0,2042;0,0188;0,1211;0,141;0,536;0,3378;0,9956;0,5865;0,1668;0,7955

Generacija 2, Fitness 0,005255144, Gen ;0,8027;0,7169;0,6476;0,4403;0,9969;0,3051;0,9798;0,7139;0,8547;0,517;0,6934;0,7063;0,1692;0,3812;0,26;0,8572;0,9174;0,5492;0,9302;0,5169;0,2098

Generacija 2, Fitness 0,005713524, Gen ;0,7529;0,9019;0,549;0,9544;0,3207;0,1854;0,5884;0,9466;0,5058;0,1525;0,9929;0,3573;0,0922;0,8401;0,0468;0,8614;0,8925;0,3515;0,0189;0,5018;0,4204

Generacija 2, Fitness 0,005248883, Gen ;0,3876;0,1011;0,3824;0,2652;0,3508;0,223;0,9501;0,7696;0,1489;0,1935;0,6897;0,5228;0,1969;0,7648;0,0033;0,6405;0,3073;0,2075;0,969;0,6103;0,9869
,115
Generacija 2, Fitness 0,005618327, Gen ;0,6293;0,0978;0,2481;0,5581;0,6908;0,0925;0,345;0,2164;0,2668;0,8328;0,8317;0,5176;0,006;0,6311;0,8187;0,6519;0,8483;0,0992;0,1559;0,4809;0,5349

Generacija 2, Fitness 0,00581927, Gen ;0,4438;0,2872;0,419;0,5561;0,742;0,7445;0,5402;0,6022;0,9663;0,7904;0,0312;0,8722;0,0837;0,9241;0,9813;0,6799;0,4355;0,693;0,3132;0,6833;0,3805

Generacija 2, Fitness 0,00538021, Gen ;0,9564;0,1265;0,121;0,5761;0,4404;0,3952;0,6268;0,1222;0,4513;0,0684;0,5195;0,4736;0,1048;0,2057;0,6143;0,0028;0,138;0,538;0,2664;0,6733;0,3156

Generacija 2, Fitness 0,005316675, Gen ;0,6293;0,0978;0,2481;0,5581;0,2157;0,0925;0,5835;0,6515;0,6086;0,8328;0,8317;0,5176;0,7604;0,3746;0,3066;0,2322;0,6725;0,9918;0,1559;0,4809;0,4472

Generacija 2, Fitness 0,005678789, Gen ;0,068;0,7486;0,1901;0,1343;0,1789;0,1279;0,0827;0,0233;0,1098;0,0852;0,6494;0,896;0,1504;0,8938;0,3664;0,1979;0,5098;0,0543;0,2871;0,1365;0,8736

Generacija 2, Fitness 0,005407318, Gen ;0,0992;0,2683;0,8679;0,7681;0,2954;0,4048;0,8775;0,7492;0,3713;0,7592;0,2198;0,85;0,3311;0,1702;0,8141;0,2632;0,424;0,927;0,2594;0,6523;0,2211

Generacija 2, Fitness 0,005075246, Gen ;0,0635;0,3081;0,6162;0,6047;0,549;0,6159;0,9278;0,9564;0,4438;0,8495;0,3532;0,2639;0,4796;0,1949;0,6553;0,8101;0,7654;0,5732;0,5516;0,8222;0,656

Generacija 2, Fitness 0,00530911, Gen ;0,4934;0,0226;0,8881;0,5102;0,6377;0,5359;0,9804;0,349;0,5507;0,7429;0,1258;0,2392;0,3591;0,0691;0,7857;0,202;0,3758;0,3521;0,067;0,7162;0,617

Generacija 2, Fitness 0,005567682, Gen ;0,1819;0,9348;0,4983;0,5504;0,5876;0,3176;0,878;0,0145;0,1953;0,249;0,6901;0,9552;0,3556;0,5075;0,5418;0,3059;0,6735;0,807;0,6308;0,0175;0,6504

Generacija 2, Fitness 0,005508554, Gen ;0,9142;0,2314;0,121;0,5761;0,5691;0,9016;0,6623;0,1222;0,4647;0,9817;0,2802;0,4736;0,8038;0,7005;0,6143;0,0028;0,3378;0,538;0,9695;0,2364;0,7955
,195,196
Generacija 2, Fitness 0,005406274, Gen ;0,4616;0,5752;0,3412;0,2527;0,7079;0,9673;0,9347;0,7351;0,9499;0,5448;0,7651;0,5814;0,7626;0,6943;0,6652;0,2632;0,4244;0,5536;0,3714;0,4281;0,486
,120
Generacija 2, Fitness 0,006186313, Gen ;0,6227;0,3405;0,4227;0,2717;0,4086;0,3569;0,5402;0,6022;0,7285;0,7904;0,9675;0,5838;0,6352;0,8465;0,265;0,2094;0,9913;0,693;0,0669;0,879;0,096

Generacija 2, Fitness 0,004988875, Gen ;0,8027;0,1656;0,5596;0,166;0,784;0,1333;0,4719;0,9453;0,0882;0,1221;0,5774;0,7063;0,0793;0,3931;0,26;0,6456;0,5666;0,6922;0,9302;0,5169;0,2098

Generacija 2, Fitness 0,005405305, Gen ;0,3839;0,9299;0,4303;0,4937;0,6908;0,3989;0,037;0,0945;0,5677;0,5363;0,6627;0,7316;0,006;0,6311;0,7157;0,6246;0,8483;0,5869;0,7845;0,5917;0,5349

Generacija 3, Fitness 0,004293897, Gen ;0,9142;0,0957;0,8302;0,5102;0,3134;0,6269;0,6623;0,6993;0,5058;0,6745;0,9929;0,9922;0,3591;0,5227;0,141;0,536;0,3378;0,7414;0,9695;0,2364;0,4201

Generacija 3, Fitness 0,005579004, Gen ;0,4934;0,6881;0,0578;0,193;0,8318;0,7946;0,0314;0,2687;0,8292;0,9817;0,2198;0,2392;0,3591;0,5227;0,1077;0,6091;0,9492;0,2307;0,9695;0,7162;0,7955

Generacija 3, Fitness 0,006066713, Gen ;0,9717;0,324;0,0355;0,491;0,4481;0,9673;0,4166;0,7351;0,9499;0,1359;0,6687;0,8287;0,3518;0,314;0,0154;0,0661;0,7286;0,3677;0,3714;0,015;0,486
,95
Generacija 3, Fitness 0,005297576, Gen ;0,6707;0,219;0,0189;0,8497;0,3134;0,6269;0,4166;0,9314;0,5058;0,223;0,6687;0,2061;0,0922;0,5227;0,6762;0,536;0,3378;0,2779;0,9695;0,1987;0,4204
,103
Generacija 3, Fitness 0,005376928, Gen ;0,3817;0,1275;0,0355;0,2527;0,6916;0,9673;0,4166;0,7351;0,4647;0,7816;0,6687;0,2042;0,3518;0,5911;0,141;0,0661;0,7286;0,2307;0,9695;0,5133;0,486
,122,236
Generacija 3, Fitness 0,006323552, Gen ;0,7149;0,3405;0,3896;0,0251;0,2157;0,689;0,0467;0,6022;0,9663;0,7904;0,8317;0,3468;0,2219;0,3746;0,9813;0,06;0,9655;0,693;0,3132;0,8085;0,2565

Generacija 3, Fitness 0,005772557, Gen ;0,8075;0,2843;0,1393;0,2433;0,0967;0,7513;0,8606;0,6189;0,8292;0,8999;0,591;0,5814;0,0837;0,2077;0,8504;0,03;0,2138;0,693;0,9418;0,847;0,1057
,179
Generacija 3, Fitness 0,006035332, Gen ;0,9142;0,088;0,4095;0,3384;0,3134;0,6269;0,6623;0,2687;0,6299;0,9817;0,9929;0,9922;0,0188;0,5227;0,141;0,536;0,3378;0,9956;0,5865;0,1668;0,7955

Generacija 3, Fitness 0,005565793, Gen ;0,9142;0,088;0,4537;0,5761;0,979;0,9016;0,6623;0,6892;0,4647;0,6878;0,2802;0,4736;0,8038;0,7005;0,5266;0,0028;0,3378;0,538;0,9695;0,7027;0,7955
,135
Generacija 3, Fitness 0,006014329, Gen ;0,3839;0,0749;0,8302;0,1343;0,8318;0,0567;0,0314;0,0945;0,4824;0,0852;0,9929;0,9813;0,1504;0,595;0,665;0,8614;0,5098;0,3745;0,8806;0,7027;0,4521
,106
Generacija 3, Fitness 0,005793879, Gen ;0,8075;0,2843;0,8302;0,8239;0,6908;0,7348;0,345;0,0815;0,5058;0,2023;0,9929;0,7316;0,0922;0,6311;0,665;0,3352;0,3701;0,6152;0,6387;0,5917;0,4204
,185
Generacija 3, Fitness 0,006391142, Gen ;0,8075;0,2843;0,0578;0,5102;0,8318;0,7348;0,0314;0,1847;0,9645;0,4113;0,2131;0,8971;0,3591;0,2077;0,1077;0,5641;0,2168;0,3745;0,9418;0,7162;0,4201
,110,158
Generacija 3, Fitness 0,005058073, Gen ;0,9998;0,0134;0,419;0,5723;0,0054;0,9063;0,7724;0,7974;0,3712;0,7904;0,8317;0,7421;0,4471;0,3746;0,2326;0,9069;0,9655;0,693;0,3132;0,4809;0,8361

Generacija 3, Fitness 0,005929279, Gen ;0,9998;0,0866;0,1348;0,8961;0,6908;0,6848;0,6747;0,6925;0,3712;0,5762;0,608;0,9922;0,0922;0,946;0,2326;0,0803;0,8925;0,4144;0,6387;0,7856;0,8335

Generacija 3, Fitness 0,006007776, Gen ;0,9683;0,2872;0,4095;0,3384;0,5691;0,7445;0,6623;0,6022;0,6299;0,7904;0,0654;0,2042;0,0188;0,9241;0,141;0,536;0,4355;0,693;0,5865;0,1668;0,3805

Generacija 3, Fitness 0,006566854, Gen ;0,8081;0,2683;0,6707;0,6974;0,2157;0,0925;0,9347;0,2164;0,2668;0,9817;0,2198;0,5176;0,1465;0,5227;0,3066;0,202;0,492;0,3509;0,067;0,4809;0,7955

Generacija 3, Fitness 0,0059256, Gen ;0,782;0,7486;0,4028;0,491;0,1021;0,0567;0,0467;0,0233;0,9946;0,0852;0,2361;0,896;0,2219;0,3234;0,141;0,1103;0,3378;0,0543;0,6881;0,2364;0,8736

Generacija 3, Fitness 0,005785853, Gen ;0,7113;0,4615;0,0085;0,1343;0,8318;0,0567;0,0349;0,6693;0,4824;0,1267;0,2131;0,3468;0,1504;0,946;0,3189;0,1103;0,5098;0,6237;0,8806;0,8085;0,133
,166,166,168
Generacija 3, Fitness 0,005480296, Gen ;0,6023;0,4615;0,4619;0,0251;0,0293;0,1279;0,0349;0,6693;0,8257;0,2023;0,9608;0,3468;0,427;0,946;0,3189;0,1103;0,3499;0,6237;0,7062;0,1365;0,133

Generacija 3, Fitness 0,005997323, Gen ;0,9142;0,2683;0,4095;0,5268;0,2954;0,7946;0,9347;0,2687;0,8292;0,9817;0,2198;0,5814;0,3603;0,1112;0,7501;0,2632;0,9492;0,2307;0,9695;0,2364;0,7955

Generacija 3, Fitness 0,005610747, Gen ;0,9564;0,5033;0,4814;0,193;0,4404;0,7946;0,9347;0,2687;0,4513;0,9817;0,5195;0,5814;0,2684;0,5227;0,6143;0,2632;0,9492;0,2307;0,2664;0,2364;0,6081
,182
Generacija 3, Fitness 0,005884085, Gen ;0,9142;0,2683;0,4095;0,193;0,2954;0,7946;0,6623;0,2687;0,4647;0,9817;0,2198;0,896;0,1465;0,5227;0,8141;0,1979;0,9492;0,0543;0,2871;0,2364;0,8736
,208,208,208,208,208,208,208,208,208,208,208,209,209,209,209,209,209,209,209,210,210,210,211
Generacija 3, Fitness 0,005808629, Gen ;0,6227;0,5752;0,0355;0,2527;0,5008;0,7513;0,5402;0,6892;0,9499;0,6878;0,3472;0,6928;0,1791;0,9241;0,6652;0,06;0,9655;0,11;0,2068;0,4281;0,5178

Generacija 3, Fitness 0,005700044, Gen ;0,9683;0,0978;0,4537;0,3384;0,979;0,0925;0,0314;0,2164;0,2668;0,6878;0,2131;0,9813;0,006;0,6311;0,8187;0,6519;0,2168;0,9956;0,1559;0,7027;0,5349
,90
Generacija 3, Fitness 0,005894682, Gen ;0,6023;0,7891;0,4028;0,8461;0,6845;0,773;0,0349;0,6925;0,8257;0,2166;0,6891;0,8476;0,0053;0,3234;0,0154;0,8853;0,7286;0,6237;0,6881;0,8085;0,2565
,175,219
Generacija 3, Fitness 0,005421303, Gen ;0,8763;0,5752;0,0355;0,2589;0,0967;0,7513;0,8239;0,349;0,5507;0,7954;0,1258;0,8287;0,9064;0,6768;0,9308;0,06;0,9655;0,3521;0,3714;0,8078;0,617

Generacija 3, Fitness 0,005445067, Gen ;0,5148;0,2314;0,4095;0,8497;0,2895;0,421;0,9562;0,9314;0,6545;0,9817;0,7982;0,6928;0,1212;0,9649;0,3111;0,536;0,3378;0,2307;0,7492;0,2364;0,5178

Generacija 3, Fitness 0,005289861, Gen ;0,9142;0,4398;0,121;0,5723;0,5691;0,3629;0,6623;0,1847;0,4647;0,8745;0,5402;0,7421;0,8038;0,7005;0,6143;0,9069;0,3758;0,3149;0,2194;0,7162;0,8361

Generacija 3, Fitness 0,005143786, Gen ;0,5919;0,088;0,7109;0,5581;0,6908;0,8878;0,3225;0,2164;0,2668;0,8328;0,8317;0,5176;0,1791;0,02;0,8187;0,8079;0,8483;0,11;0,1559;0,1668;0,5349
,152,164
Generacija 3, Fitness 0,005834374, Gen ;0,4438;0,4635;0,419;0,0385;0,742;0,4003;0,0542;0,6022;0,6171;0,7904;0,8661;0,6215;0,0837;0,9241;0,9813;0,6799;0,7176;0,693;0,3132;0,3067;0,3805

Generacija 3, Fitness 0,006512604, Gen ;0,1093;0,2843;0,5295;0,141;0,6908;0,0567;0,345;0,0945;0,9875;0,0852;0,7367;0,2061;0,006;0,314;0,6762;0,1979;0,5098;0,0543;0,9418;0,5917;0,5653
,169
Generacija 3, Fitness 0,006421208, Gen ;0,1819;0,4021;0,4814;0,5504;0,2157;0,3176;0,1092;0,2164;0,2668;0,249;0,8317;0,9552;0,1048;0,6768;0,8759;0,202;0,492;0,9286;0,6308;0,4809;0,3156

Generacija 3, Fitness 0,005513311, Gen ;0,8765;0,219;0,2481;0,5581;0,6908;0,3989;0,5884;0,2164;0,2668;0,3428;0,8317;0,5176;0,0922;0,6311;0,8187;0,6519;0,8483;0,0992;0,6387;0,5018;0,4204

Generacija 3, Fitness 0,005923586, Gen ;0,6227;0,4021;0,4814;0,2717;0,5876;0,3176;0,5402;0,2795;0,1953;0,7904;0,5195;0,5838;0,1048;0,2057;0,8759;0,2392;0,9913;0,9286;0,0669;0,6733;0,3156

Generacija 3, Fitness 0,005993782, Gen ;0,5798;0,6913;0,854;0,2433;0,5486;0,689;0,0467;0,7741;0,4116;0,4967;0,4997;0,3468;0,4652;0,3234;0,3189;0,1103;0,4071;0,3961;0,5094;0,847;0,2565

Generacija 3, Fitness 0,006233469, Gen ;0,0992;0,2683;0,8679;0,5581;0,2157;0,7513;0,8775;0,7492;0,9663;0,7904;0,2198;0,8722;0,0837;0,3746;0,9813;0,2632;0,9655;0,927;0,3132;0,4809;0,4472

Generacija 3, Fitness 0,006225496, Gen ;0,9998;0,0134;0,1348;0,5723;0,0054;0,9063;0,7724;0,7974;0,4647;0,5762;0,5971;0,7421;0,0934;0,8832;0,2326;0,536;0,7286;0,2307;0,2194;0,0957;0,8361

Generacija 3, Fitness 0,006732037, Gen ;0,9683;0,4635;0,4537;0,0385;0,979;0,421;0,0314;0,6892;0,4824;0,223;0,2131;0,3863;0,0188;0,595;0,3111;0,2276;0,8704;0,2779;0,8806;0,7027;0,0226

Generacija 3, Fitness 0,005373714, Gen ;0,1819;0,0411;0,4814;0,193;0,5876;0,3176;0,9347;0,2795;0,1953;0,249;0,5195;0,9552;0,1048;0,2057;0,8759;0,6649;0,138;0,9286;0,6308;0,4214;0,9926

Generacija 3, Fitness 0,005626593, Gen ;0,6023;0,0866;0,3412;0,8239;0,2954;0,7946;0,461;0,6189;0,4054;0,2023;0,591;0,7988;0,2581;0,9421;0,3664;0,9562;0,3499;0,8482;0,9126;0,1365;0,1904

Generacija 3, Fitness 0,005894714, Gen ;0,7529;0,9019;0,549;0,9544;0,6377;0,5359;0,5884;0,349;0,5507;0,7429;0,1258;0,2392;0,3591;0,0691;0,0468;0,202;0,3758;0,3515;0,067;0,7162;0,617

Generacija 3, Fitness 0,005689498, Gen ;0,4438;0,2683;0,419;0,193;0,2954;0,7946;0,9347;0,6022;0,9663;0,9817;0,2198;0,5814;0,0837;0,9241;0,9813;0,6799;0,9492;0,2307;0,3132;0,2364;0,3805

Generacija 3, Fitness 0,005992986, Gen ;0,9717;0,7596;0,8647;0,1343;0,3485;0,6253;0,269;0,9118;0,9701;0,4032;0,6494;0,6919;0,1784;0,8861;0,8512;0,6101;0,673;0,5295;0,1408;0,0588;0,305

Generacija 3, Fitness 0,005303649, Gen ;0,8081;0,0978;0,6707;0,6974;0,8318;0,0925;0,0314;0,2164;0,2668;0,8328;0,2131;0,5176;0,3591;0,6768;0,3066;0,202;0,492;0,3509;0,3216;0,7162;0,4201

Generacija 3, Fitness 0,005329513, Gen ;0,6023;0,219;0,0085;0,6073;0,0293;0,3989;0,0349;0,9171;0,8257;0,3428;0,9929;0,3468;0,0922;0,6311;0,8187;0,1103;0,8925;0,6152;0,6387;0,8085;0,133

Generacija 3, Fitness 0,005217756, Gen ;0,4231;0,1275;0,1328;0,8497;0,1021;0,4003;0,6623;0,9314;0,6171;0,223;0,8661;0,2042;0,0934;0,9649;0,141;0,536;0,7286;0,9087;0,7318;0,3067;0,0226

Generacija 3, Fitness 0,006230752, Gen ;0,9998;0,0134;0,1348;0,8896;0,4481;0,9063;0,5835;0,7974;0,3712;0,1359;0,5971;0,7421;0,1784;0,8832;0,2326;0,2322;0,8276;0,3149;0,2194;0,7199;0,8177
,222
Generacija 3, Fitness 0,005270836, Gen ;0,3839;0,0866;0,1348;0,8961;0,6908;0,6848;0,345;0,6925;0,3253;0,3428;0,608;0,8971;0,427;0,946;0,2326;0,5641;0,0313;0,916;0,9418;0,5917;0,8335
,105
Generacija 3, Fitness 0,00620359, Gen ;0,4438;0,4615;0,419;0,5561;0,1021;0,773;0,0467;0,6022;0,9946;0,7816;0,6891;0,8722;0,0837;0,9241;0,0154;0,1103;0,7286;0,693;0,3132;0,8085;0,2914
,215,232,234,239
Generacija 3, Fitness 0,006247326, Gen ;0,9683;0,088;0,4814;0,3225;0,979;0,379;0,1092;0,9184;0,4824;0,0684;0,2131;0,7988;0,0253;0,8938;0,5266;0,3352;0,138;0,9567;0,8806;0,7027;0,1904
,96
Generacija 3, Fitness 0,005325914, Gen ;0,9564;0,5033;0,3896;0,3225;0,0378;0,689;0,0467;0,7741;0,9946;0,0684;0,0158;0,1533;0,2219;0,3234;0,6143;0,1103;0,9824;0,3961;0,2664;0,8085;0,2565

Generacija 3, Fitness 0,006435435, Gen ;0,9994;0,324;0,1096;0,8896;0,5486;0,1517;0,5835;0,7782;0,6086;0,1359;0,9144;0,8747;0,1204;0,9421;0,5104;0,2322;0,8276;0,8482;0,2168;0,847;0,8177

Generacija 3, Fitness 0,005421847, Gen ;0,3839;0,2843;0,121;0,141;0,6908;0,7348;0,6268;0,1222;0,3253;0,3428;0,7367;0,8971;0,006;0,2057;0,0317;0,0028;0,138;0,538;0,2664;0,6733;0,6358

Generacija 3, Fitness 0,00535029, Gen ;0,9564;0,5033;0,4095;0,3225;0,1021;0,6361;0,6623;0,8158;0,4513;0,0684;0,2361;0,1533;0,3518;0,2057;0,8759;0,2392;0,138;0,2307;0,9483;0,5133;0,2914
,136,136,138
Generacija 3, Fitness 0,00525244, Gen ;0,9142;0,7486;0,8302;0,8497;0,3134;0,0567;0,6623;0,0233;0,5058;0,9817;0,2361;0,896;0,8038;0,5227;0,141;0,1979;0,3378;0,6152;0,2871;0,2364;0,8736

Generacija 3, Fitness 0,005171793, Gen ;0,8075;0,2843;0,1393;0,141;0,1789;0,3989;0,8606;0,0945;0,9647;0,0852;0,9608;0,896;0,5331;0,6311;0,8187;0,1979;0,8483;0,916;0,9126;0,4094;0,5349

Generacija 3, Fitness 0,006887313, Gen ;0,3839;0,3405;0,419;0,5581;0,6908;0,7513;0,345;0,6022;0,9663;0,1525;0,8317;0,7316;0,0837;0,6311;0,665;0,06;0,8925;0,6152;0,3132;0,5917;0,4472
,148,239
Generacija 3, Fitness 0,005568905, Gen ;0,9717;0,2314;0,8647;0,8896;0,5691;0,1517;0,5835;0,2687;0,6299;0,9817;0,9144;0,6928;0,8038;0,5227;0,5266;0,2322;0,8276;0,5295;0,9695;0,7199;0,8177

Generacija 3, Fitness 0,005603502, Gen ;0,9142;0,219;0,8302;0,8497;0,5486;0,4759;0,2994;0,8948;0,5058;0,9492;0,9929;0,8747;0,1204;0,5227;0,8504;0,03;0,2138;0,8482;0,9695;0,2364;0,4204

Generacija 3, Fitness 0,005319341, Gen ;0,8075;0,2843;0,1901;0,141;0,7261;0,3989;0,8606;0,0945;0,9647;0,0852;0,9608;0,896;0,1504;0,2077;0,0317;0,3352;0,3701;0,0543;0,9126;0,4094;0,6358
,111,133
Generacija 3, Fitness 0,006337744, Gen ;0,9998;0,2872;0,419;0,5723;0,742;0,7445;0,7724;0,7974;0,3712;0,7904;0,5971;0,7421;0,4471;0,9241;0,9813;0,6799;0,0313;0,3149;0,3132;0,0957;0,8361

Generacija 3, Fitness 0,006378569, Gen ;0,068;0,2843;0,5295;0,141;0,6908;0,1279;0,345;0,0945;0,3253;0,0852;0,6494;0,8971;0,006;0,8938;0,0317;0,1979;0,7139;0,0543;0,2871;0,5917;0,6358

Generacija 3, Fitness 0,006604636, Gen ;0,8075;0,2843;0,29;0,6689;0,8059;0,7513;0,345;0,0945;0,9647;0,4113;0,0312;0,7316;0,0837;0,6311;0,9813;0,06;0,9655;0,693;0,9418;0,7199;0,6358

Generacija 3, Fitness 0,006024733, Gen ;0,6227;0,5752;0,121;0,2527;0,0967;0,3952;0,5402;0,7351;0,4513;0,5448;0,5195;0,8287;0,1048;0,2057;0,6143;0,06;0,138;0,693;0,3714;0,6733;0,3156
,221
Generacija 3, Fitness 0,005632286, Gen ;0,9998;0,4021;0,4814;0,5723;0,0054;0,9063;0,7724;0,2795;0,3712;0,249;0,5971;0,7421;0,1048;0,2057;0,8759;0,9069;0,138;0,9286;0,6308;0,6733;0,8361

Generacija 3, Fitness 0,005662266, Gen ;0,6227;0,3405;0,1901;0,141;0,7261;0,3989;0,5402;0,6022;0,7285;0,0852;0,9675;0,5838;0,6352;0,8465;0,8187;0,1979;0,9913;0,0543;0,0669;0,879;0,5349

Generacija 3, Fitness 0,005668148, Gen ;0,9142;0,6881;0,8302;0,8497;0,3134;0,2165;0,4166;0,1847;0,5058;0,9137;0,7753;0,9922;0,3518;0,5227;0,6762;0,536;0,4567;0,6152;0,9695;0,7162;0,4204

Generacija 3, Fitness 0,006700187, Gen ;0,9142;0,2683;0,4095;0,8961;0,2954;0,9063;0,9347;0,2687;0,8078;0,9817;0,0492;0,9444;0,0934;0,5911;0,8141;0,6917;0,9492;0,2307;0,6881;0,2364;0,7955

Generacija 3, Fitness 0,005216325, Gen ;0,1093;0,219;0,8302;0,8497;0,3134;0,3989;0,345;0,0945;0,9647;0,0852;0,9929;0,896;0,0922;0,6311;0,141;0,536;0,3378;0,0543;0,2871;0,5917;0,5349

Generacija 3, Fitness 0,005987575, Gen ;0,7113;0,0226;0,6707;0,1343;0,8318;0,0567;0,8239;0,349;0,4824;0,0852;0,2131;0,9813;0,1504;0,595;0,9308;0,6699;0,492;0,3745;0,8806;0,8078;0,4521
,204
Generacija 3, Fitness 0,007002461, Gen ;0,7529;0,2843;0,549;0,9544;0,1789;0,1854;0,8606;0,0815;0,3253;0,1525;0,9608;0,8971;0,0922;0,8401;0,0468;0,3352;0,8925;0,3515;0,0189;0,5018;0,4204

Generacija 3, Fitness 0,0061621, Gen ;0,5483;0,2843;0,3404;0,0643;0,3485;0,6253;0,8606;0,3875;0,9701;0,1073;0,0312;0,8971;0,2065;0,1885;0,9813;0,06;0,9655;0,693;0,2166;0,6833;0,1447
,108
Generacija 3, Fitness 0,006243514, Gen ;0,6023;0,1275;0,4095;0,8239;0,1789;0,773;0,0349;0,6925;0,4054;0,7816;0,2361;0,7988;0,0934;0,5911;0,3664;0,9562;0,3499;0,2307;0,9695;0,1365;0,1904

Generacija 3, Fitness 0,006265129, Gen ;0,8075;0,2843;0,3412;0,6689;0,2954;0,7513;0,461;0,0815;0,8292;0,4113;0,0312;0,8971;0,0837;0,2077;0,9813;0,06;0,2138;0,8482;0,2981;0,6833;0,1057
,206
Generacija 3, Fitness 0,005615072, Gen ;0,1819;0,6913;0,3412;0,5504;0,5876;0,3176;0,461;0,6189;0,1953;0,249;0,591;0,5814;0,2581;0,5075;0,5418;0,3059;0,2138;0,807;0,2981;0,0175;0,1057

Generacija 3, Fitness 0,005368363, Gen ;0,8703;0,8683;0,0189;0,6704;0,8318;0,4048;0,0314;0,0233;0,4824;0,0852;0,2131;0,9813;0,3518;0,595;0,6762;0,0661;0,5098;0,3745;0,9483;0,6523;0,4521
,126,197
Generacija 3, Fitness 0,005526084, Gen ;0,8703;0,3005;0,0355;0,9934;0,4718;0,6361;0,4166;0,9839;0,9875;0,9137;0,6687;0,24;0,3518;0,314;0,302;0,0661;0,4567;0,5586;0,3714;0,9949;0,486

Generacija 3, Fitness 0,006506879, Gen ;0,1819;0,219;0,4814;0,8497;0,5876;0,3176;0,6623;0,2795;0,1953;0,9817;0,5195;0,9922;0,1048;0,5227;0,141;0,536;0,3378;0,9286;0,6308;0,2364;0,3156

Generacija 3, Fitness 0,005145082, Gen ;0,9994;0,0866;0,1096;0,2433;0,5486;0,1279;0,0349;0,8948;0,2601;0,2023;0,9608;0,8747;0,1204;0,8938;0,8504;0,9562;0,3499;0,7328;0,5369;0,847;0,586

Generacija 3, Fitness 0,005279614, Gen ;0,1819;0,4021;0,0189;0,5504;0,5876;0,6361;0,4166;0,2795;0,9875;0,9137;0,5195;0,24;0,1048;0,2057;0,302;0,2392;0,138;0,9286;0,6308;0,6733;0,3156

Generacija 3, Fitness 0,005547261, Gen ;0,1093;0,7486;0,4095;0,1343;0,7261;0,3989;0,345;0,0945;0,9647;0,0852;0,2361;0,896;0,8038;0,6311;0,141;0,1979;0,8483;0,0543;0,2871;0,2364;0,5349

Generacija 3, Fitness 0,006522445, Gen ;0,9564;0,219;0,5295;0,6073;0,1789;0,3952;0,5884;0,9171;0,4054;0,3428;0,9929;0,9922;0,0922;0,6311;0,8759;0,3352;0,138;0,6152;0,2664;0,1365;0,1904

Generacija 3, Fitness 0,005750201, Gen ;0,467;0,0411;0,1348;0,8961;0,1021;0,9063;0,6747;0,6469;0,8292;0,5762;0,0492;0,9444;0,1465;0,5911;0,4629;0,6649;0,0313;0,3677;0,2981;0,4214;0,6472
,138,140,141
Generacija 3, Fitness 0,005767898, Gen ;0,9142;0,0866;0,4095;0,193;0,2954;0,7946;0,6747;0,6925;0,3712;0,9817;0,608;0,9444;0,427;0,5227;0,8141;0,2632;0,0313;0,2307;0,883;0,7856;0,7955

