	75PopravljenStroembom ovc
	2 AI1 ovcarjev
Generacija 1, Fitness 0,0001297314, Gen ;0,7869;0,2021;0,2745;0,9253;0,1812;0,3981;0,4859;0,3033;0,6085;0,031;0,0703;0,8552;0,4347;0,0618;0,1702;0,8551;0,0212;0,0092;0,7946;0,8554;0,1772
,156,156,156,156,156,156,156,157,157,157,157,157,157,157,157,157,157,157,157,157,157,157,157,157,157,157,157,157,157,157,157,157,157,157,157,157,157,157,157,157,157,158,158,158,158,158,158,158,158,158,158,158,158,158,159,159,159,159,159,159,159,159,159,159,159,159,159,159,159,161,162,163,164
Generacija 1, Fitness 7,68758E-05, Gen ;0,8314;0,2231;0,1969;0,6929;0,3377;0,4545;0,5254;0,4323;0,5437;0,8611;0,1414;0,0679;0,5711;0,1895;0,9762;0,3117;0,6153;0,6521;0,5683;0,4447;0,4977

Generacija 1, Fitness 7,91875E-05, Gen ;0,0079;0,5455;0,2785;0,5091;0,0609;0,6729;0,9254;0,4721;0,5256;0,3252;0,5845;0,3627;0,0671;0,825;0,7637;0,4967;0,786;0,8137;0,6549;0,3697;0,9983

Generacija 1, Fitness 0,0004820666, Gen ;0,7025;0,4939;0,8452;0,5665;0,5072;0,554;0,5554;0,702;0,6082;0,1356;0,5098;0,6627;0,0458;0,2652;0,7081;0,7515;0,5474;0,2145;0,276;0,0469;0,1995
,161,161,161,161,161,162,162,162,162,162,162,162,162,162,162,163,163,163,163,163,163,163,163,163,163,163,163,163,164,164,164,166,166,166,168,174,175,176,176,176,176,176,176,176,176,176,176,176,176,176,177,177,177,177,177,177,177,177,177,177,178,178,178,178,178,179,179
Generacija 1, Fitness 0,0001160418, Gen ;0,1264;0,5209;0,5033;0,5288;0,0456;0,8586;0,5775;0,0851;0,73;0,809;0,2229;0,3742;0,6329;0,0041;0,9049;0,2884;0,9615;0,5409;0,9;0,3161;0,0911

Generacija 1, Fitness 0,0001014716, Gen ;0,7206;0,0926;0,717;0,8028;0,852;0,4693;0,0177;0,6539;0,8968;0,5132;0,8201;0,5438;0,1553;0,6912;0,0614;0,1524;0,4448;0,4204;0,9621;0,6928;0,4345

Generacija 1, Fitness 8,044845E-05, Gen ;0,5888;0,9723;0,1635;0,6422;0,4112;0,2644;0,6455;0,4285;0,7916;0,3411;0,8732;0,1865;0,9996;0,6218;0,6526;0,8312;0,1373;0,6108;0,0945;0,5176;0,4568

Generacija 1, Fitness 7,402656E-05, Gen ;0,3169;0,0438;0,1744;0,7734;0,8586;0,0761;0,813;0,735;0,4127;0,5711;0,338;0,1354;0,2097;0,3724;0,3286;0,1347;0,3042;0,537;0,1815;0,4029;0,9992

Generacija 1, Fitness 7,695937E-05, Gen ;0,9868;0,4743;0,9762;0,0088;0,3089;0,2929;0,2645;0,3774;0,9976;0,1791;0,2113;0,3942;0,2398;0,3641;0,2436;0,8801;0,6521;0,5334;0,0171;0,6817;0,3213

Generacija 1, Fitness 9,810714E-05, Gen ;0,1499;0,5754;0,2554;0,7313;0,1955;0,8123;0,7986;0,1287;0,6315;0,4376;0,8946;0,9012;0,1461;0,9518;0,1691;0,9958;0,0026;0,1919;0,316;0,5594;0,8946

Generacija 1, Fitness 7,718482E-05, Gen ;0,2696;0,3934;0,9876;0,8193;0,1538;0,2485;0,1709;0,0955;0,9226;0,0308;0,8744;0,899;0,4502;0,1467;0,0769;0,9117;0,9555;0,0459;0,2213;0,641;0,9054

Generacija 1, Fitness 0,0001272967, Gen ;0,3869;0,1714;0,2378;0,9637;0,6173;0,1855;0,0019;0,0244;0,0087;0,5411;0,706;0,7597;0,8796;0,676;0,1184;0,4181;0,2135;0,7144;0,9668;0,3609;0,8381
,115,116,116,116,117,117,118,118,118,119,119,120,121,122,125,126,127,128,129,129,129,130,130,131,131,131,134,136,136,137,140,140,140,141,141,141,141,141,141,141,141,141,142,142,142,142,142,142,142,142,143,143,143,143,143,144,144,144,145,146,147,148,148,148,149
Generacija 1, Fitness 7,178485E-05, Gen ;0,376;0,6053;0,8546;0,536;0,4389;0,9308;0,5854;0,4739;0,1575;0,0302;0,9897;0,8947;0,6842;0,7788;0,4064;0,5096;0,315;0,9108;0,57;0,9502;0,9441

Generacija 1, Fitness 0,0001221009, Gen ;0,9545;0,0307;0,2638;0,0553;0,3658;0,0488;0,6896;0,5453;0,1907;0,1363;0,4109;0,2254;0,8111;0,9633;0,4585;0,6275;0,8771;0,9116;0,5432;0,9182;0,5965

Generacija 1, Fitness 0,0001301064, Gen ;0,0725;0,6694;0,0913;0,7072;0,4971;0,1614;0,4555;0,0635;0,5248;0,6525;0,7373;0,7204;0,1644;0,529;0,8566;0,1853;0,5459;0,171;0,2538;0,0216;0,4775

Generacija 1, Fitness 0,0002401269, Gen ;0,2459;0,3525;0,6411;0,2296;0,5668;0,5026;0,042;0,3018;0,4938;0,9021;0,3817;0,7659;0,5033;0,6786;0,2946;0,0166;0,5016;0,8929;0,7627;0,0418;0,788

Generacija 1, Fitness 7,234445E-05, Gen ;0,4762;0,184;0,4033;0,6008;0,8468;0,9346;0,0036;0,8595;0,0374;0,302;0,4887;0,238;0,6931;0,8059;0,6946;0,8052;0,4887;0,1646;0,342;0,0284;0,208

Generacija 1, Fitness 4,429363E-05, Gen ;0,9824;0,4686;0,1466;0,4504;0,9227;0,0432;0,8483;0,7917;0,6163;0,8232;0,2704;0,242;0,7832;0,5911;0,5938;0,9196;0,8305;0,98;0,173;0,8564;0,1528

Generacija 1, Fitness 7,58828E-05, Gen ;0,2591;0,8837;0,9672;0,0278;0,535;0,0343;0,077;0,0351;0,1054;0,0205;0,2299;0,3912;0,3492;0,6335;0,2967;0,0174;0,3345;0,4258;0,3306;0,4492;0,0158

Generacija 1, Fitness 7,970659E-05, Gen ;0,6767;0,8983;0,8115;0,5367;0,5754;0,2251;0,8353;0,6024;0,0093;0,2371;0,0498;0,0948;0,5155;0,3366;0,2209;0,8137;0,4891;0,4785;0,4606;0,2091;0,7713

Generacija 1, Fitness 0,000147008, Gen ;0,1865;0,145;0,5151;0,7745;0,1065;0,2184;0,9024;0,708;0,9966;0,9818;0,801;0,7329;0,6148;0,8364;0,9242;0,7243;0,1262;0,2503;0,2106;0,2376;0,2151

Generacija 1, Fitness 9,594101E-05, Gen ;0,7903;0,2084;0,7582;0,2281;0,0726;0,062;0,4833;0,8402;0,1285;0,4063;0,3114;0,091;0,8844;0,3891;0,6414;0,2414;0,4872;0,887;0,577;0,587;0,5851

Generacija 1, Fitness 7,870786E-05, Gen ;0,3079;0,839;0,6869;0,156;0,4493;0,3178;0,7174;0,2783;0,6457;0,3391;0,4203;0,4211;0,8745;0,2312;0,2336;0,1385;0,6764;0,5202;0,0082;0,7193;0,886

Generacija 1, Fitness 5,750308E-05, Gen ;0,5388;0,4769;0,1489;0,4315;0,9513;0,9967;0,7629;0,3451;0,56;0,7977;0,078;0,4441;0,7727;0,2516;0,5652;0,0313;0,1445;0,0939;0,4012;0,6542;0,3108

Generacija 1, Fitness 7,410219E-05, Gen ;0,5823;0,2744;0,3774;0,0372;0,9699;0,0773;0,5779;0,9959;0,9542;0,366;0,1522;0,0608;0,794;0,2756;0,1424;0,2623;0,4249;0,6873;0,1943;0,2985;0,4488

Generacija 1, Fitness 7,916002E-05, Gen ;0,0418;0,6579;0,1749;0,2564;0,6774;0,2953;0,81;0,3502;0,0204;0,3875;0,4443;0,1797;0,6411;0,3176;0,9342;0,7629;0,2147;0,8893;0,2434;0,3828;0,4963

Generacija 1, Fitness 0,0001078234, Gen ;0,4291;0,1771;0,8281;0,9713;0,3887;0,7747;0,4226;0,0419;0,6617;0,2947;0,7317;0,009;0,9745;0,8656;0,4136;0,8277;0,7767;0,7691;0,004;0,6829;0,2835

Generacija 1, Fitness 7,12185E-05, Gen ;0,424;0,6914;0,0051;0,1593;0,2065;0,0918;0,9058;0,0659;0,9754;0,5688;0,8308;0,229;0,8516;0,8726;0,275;0,7692;0,8384;0,552;0,3759;0,468;0,0909

Generacija 1, Fitness 0,0001129372, Gen ;0,2268;0,582;0,8875;0,7506;0,2063;0,52;0,0074;0,7661;0,3498;0,4837;0,0127;0,055;0,8173;0,0857;0,4076;0,683;0,924;0,2633;0,7433;0,6867;0,4261

Generacija 1, Fitness 9,725757E-05, Gen ;0,5928;0,1928;0,016;0,5349;0,173;0,193;0,1679;0,8922;0,1561;0,7668;0,8;0,5156;0,3708;0,19;0,9463;0,4247;0,1086;0,7209;0,3027;0,2381;0,0109

Generacija 1, Fitness 2,809881, Gen ;0,4237;0,1347;0,3872;0,4501;0,4432;0,975;0,8955;0,4767;0,0825;0,8937;0,1509;0,3693;0,0214;0,4397;0,0186;0,7872;0,5653;0,1586;0,4012;0,3507;0,7876
,132,132,132,133,133,133,133,133,133,133,133,134,134,134,134,134,134,134,134,134,134,134,134,134,134,134,134,134,135,135,135,135,135,135,135,135,135,135,135,135,135,135,135,135,135,135,135,135,135,135,135,135,135,135,135,135,135,136,136,136,136,136,136,136,136,136,136,136,136,136,137,137,138,138,138
Generacija 1, Fitness 9,69183E-05, Gen ;0,8598;0,9866;0,4529;0,6423;0,4223;0,507;0,4986;0,0874;0,9219;0,1311;0,1699;0,5944;0,6579;0,1268;0,7977;0,191;0,0689;0,3148;0,3282;0,1663;0,9787

Generacija 1, Fitness 7,895152E-05, Gen ;0,0113;0,8001;0,4718;0,7907;0,4448;0,601;0,0963;0,9086;0,047;0,1442;0,8574;0,6488;0,7994;0,8627;0,5187;0,4015;0,3393;0,1804;0,4538;0,1609;0,8166

Generacija 1, Fitness 8,278359E-05, Gen ;0,0089;0,7198;0,5333;0,8626;0,3785;0,4871;0,5667;0,0534;0,6305;0,775;0,4517;0,6904;0,9049;0,3322;0,6957;0,1207;0,4616;0,9184;0,2295;0,4486;0,8357

Generacija 1, Fitness 9,806054E-05, Gen ;0,0567;0,6127;0,9135;0,3593;0,4201;0,3554;0,0137;0,4744;0,4135;0,3419;0,0402;0,2494;0,4684;0,7884;0,8551;0,558;0,9681;0,4014;0,6566;0,0241;0,2267

Generacija 1, Fitness 8,961006E-05, Gen ;0,6805;0,8653;0,0992;0,2528;0,062;0,6321;0,7321;0,9712;0,8696;0,0269;0,2447;0,4098;0,5127;0,6549;0,5377;0,4195;0,0696;0,6551;0,4846;0,7998;0,5198

Generacija 1, Fitness 8,377053E-05, Gen ;0,892;0,9242;0,5854;0,4247;0,6995;0,154;0,0676;0,3328;0,4766;0,5667;0,6202;0,5479;0,3388;0,9668;0,8506;0,3326;0,6878;0,4384;0,4777;0,6016;0,6057

Generacija 1, Fitness 6,7644E-05, Gen ;0,1791;0,3593;0,8826;0,1787;0,1237;0,8354;0,1521;0,8643;0,9753;0,5997;0,9823;0,8692;0,1057;0,5068;0,1911;0,9949;0,3572;0,199;0,0554;0,4391;0,7063

Generacija 1, Fitness 9,782755E-05, Gen ;0,4442;0,9907;0,4514;0,4631;0,1387;0,2852;0,9822;0,6751;0,762;0,6702;0,0241;0,9074;0,6359;0,91;0,4438;0,9021;0,52;0,0437;0,8165;0,75;0,9608

Generacija 1, Fitness 7,450346E-05, Gen ;0,0605;0,5664;0,9736;0,8093;0,8263;0,0049;0,6649;0,0849;0,9204;0,7938;0,4306;0,8358;0,4933;0,4696;0,8296;0,0268;0,1974;0,0808;0,6115;0,9152;0,5397

Generacija 2, Fitness 0,000139897, Gen ;0,2268;0,6694;0,8875;0,7506;0,2063;0,52;0,0074;0,0635;0,3498;0,4837;0,0127;0,055;0,8173;0,0857;0,8566;0,1853;0,5459;0,171;0,7433;0,0216;0,4261
,144
Generacija 2, Fitness 8,326354E-05, Gen ;0,1865;0,145;0,5151;0,7745;0,4432;0,975;0,8955;0,4767;0,0825;0,8937;0,801;0,3693;0,6148;0,4397;0,0186;0,7243;0,5653;0,1586;0,4012;0,2376;0,7876

Generacija 2, Fitness 0,0002420327, Gen ;0,0089;0,6694;0,0913;0,8626;0,4971;0,1614;0,4555;0,0534;0,5248;0,6525;0,4517;0,7204;0,1644;0,529;0,8566;0,1853;0,5459;0,9184;0,2295;0,4486;0,4775
,60,60,60,60,60,60,60,61,62,65
Generacija 2, Fitness 7,389917E-05, Gen ;0,1264;0,9866;0,4529;0,6423;0,0456;0,507;0,4986;0,0851;0,9219;0,809;0,1699;0,3742;0,6579;0,1268;0,9049;0,2884;0,0689;0,3148;0,9;0,1663;0,9787

Generacija 2, Fitness 8,533434E-05, Gen ;0,1865;0,582;0,8875;0,7745;0,1065;0,52;0,0074;0,7661;0,3498;0,9818;0,801;0,055;0,8173;0,8364;0,9242;0,683;0,924;0,2633;0,7433;0,6867;0,4261

Generacija 2, Fitness 7,327252E-05, Gen ;0,4291;0,1771;0,2554;0,7313;0,1955;0,7747;0,7986;0,1287;0,6617;0,4376;0,8946;0,009;0,1461;0,9518;0,4136;0,9958;0,0026;0,1919;0,004;0,5594;0,2835

Generacija 2, Fitness 8,135413E-05, Gen ;0,7869;0,2021;0,0992;0,9253;0,1812;0,6321;0,4859;0,3033;0,6085;0,031;0,0703;0,4098;0,5127;0,0618;0,5377;0,8551;0,0696;0,6551;0,4846;0,7998;0,5198

Generacija 2, Fitness 0,0001069224, Gen ;0,0567;0,6127;0,5151;0,7745;0,1065;0,3554;0,0137;0,708;0,4135;0,9818;0,801;0,2494;0,6148;0,8364;0,8551;0,558;0,1262;0,4014;0,2106;0,0241;0,2151

Generacija 2, Fitness 8,356789E-05, Gen ;0,6805;0,8653;0,2378;0,9637;0,6173;0,6321;0,0019;0,9712;0,0087;0,5411;0,706;0,4098;0,8796;0,6549;0,5377;0,4195;0,0696;0,7144;0,4846;0,3609;0,5198

Generacija 2, Fitness 0,0002721862, Gen ;0,6805;0,8653;0,0992;0,9713;0,062;0,6321;0,4226;0,0419;0,6617;0,2947;0,7317;0,4098;0,9745;0,8656;0,5377;0,4195;0,0696;0,6551;0,004;0,6829;0,2835
,138,138,138,138,139,139,139,139,139,139,140,140,140,140,140,140,140,140,140,140,140,140,140,140,140,141,141,141,141,141,141,141,141,142,143,144,144
Generacija 2, Fitness 8,923563E-05, Gen ;0,4291;0,9723;0,1635;0,6422;0,3887;0,2644;0,6455;0,0419;0,7916;0,3411;0,8732;0,009;0,9745;0,8656;0,6526;0,8277;0,7767;0,6108;0,004;0,5176;0,2835

Generacija 2, Fitness 0,0001861568, Gen ;0,0605;0,1347;0,3872;0,4501;0,4432;0,0049;0,6649;0,0849;0,9204;0,7938;0,4306;0,8358;0,0214;0,4397;0,8296;0,7872;0,1974;0,1586;0,4012;0,9152;0,7876

Generacija 2, Fitness 0,0001796335, Gen ;0,4291;0,3593;0,8281;0,1787;0,1237;0,8354;0,1521;0,0419;0,9753;0,2947;0,9823;0,8692;0,9745;0,8656;0,1911;0,8277;0,3572;0,199;0,0554;0,4391;0,2835
,89,89,89,89,89,89,89,89,89,89,89,89,89,89,89,89,89,89,89,89,89,89,89,89,89,89,89,90,90,90,90,90,90,90,90,90,90,90,90,90,90,90,90,90,90,90,90,90,90,90,90,90,90,91,91,91,92,158
Generacija 2, Fitness 9,132665E-05, Gen ;0,0725;0,6694;0,6411;0,7072;0,4971;0,5026;0,042;0,3018;0,4938;0,9021;0,7373;0,7204;0,1644;0,529;0,2946;0,0166;0,5459;0,8929;0,7627;0,0418;0,788

Generacija 2, Fitness 0,0001049675, Gen ;0,892;0,6694;0,0913;0,7072;0,4971;0,154;0,4555;0,0635;0,4766;0,5667;0,7373;0,5479;0,1644;0,9668;0,8506;0,1853;0,5459;0,4384;0,4777;0,6016;0,6057

Generacija 2, Fitness 8,990245E-05, Gen ;0,0089;0,7198;0,5333;0,7745;0,1065;0,2184;0,9024;0,708;0,9966;0,775;0,801;0,6904;0,9049;0,8364;0,9242;0,1207;0,1262;0,9184;0,2106;0,4486;0,2151

Generacija 2, Fitness 0,0002530104, Gen ;0,1264;0,5209;0,5033;0,5288;0,0456;0,2184;0,5775;0,708;0,9966;0,9818;0,801;0,3742;0,6329;0,0041;0,9049;0,7243;0,1262;0,5409;0,9;0,2376;0,2151

Generacija 2, Fitness 0,0003105066, Gen ;0,7025;0,4939;0,9135;0,3593;0,4201;0,3554;0,5554;0,4744;0,6082;0,3419;0,5098;0,2494;0,0458;0,2652;0,7081;0,7515;0,9681;0,2145;0,276;0,0469;0,1995

Generacija 2, Fitness 4,392423E-05, Gen ;0,8598;0,3525;0,4529;0,6423;0,5668;0,5026;0,042;0,0874;0,9219;0,1311;0,1699;0,5944;0,5033;0,1268;0,2946;0,191;0,0689;0,8929;0,7627;0,0418;0,788

Generacija 2, Fitness 8,210865E-05, Gen ;0,4442;0,9907;0,4514;0,4631;0,1387;0,2852;0,9822;0,8922;0,762;0,6702;0,0241;0,9074;0,6359;0,91;0,9463;0,9021;0,52;0,0437;0,3027;0,2381;0,9608

Generacija 2, Fitness 8,173984E-05, Gen ;0,0567;0,9866;0,4529;0,3593;0,4201;0,3554;0,0137;0,4744;0,4135;0,1311;0,1699;0,5944;0,6579;0,1268;0,7977;0,558;0,9681;0,4014;0,6566;0,0241;0,2267

Generacija 2, Fitness 8,85752E-05, Gen ;0,2268;0,0307;0,8875;0,7506;0,2063;0,0488;0,6896;0,7661;0,3498;0,4837;0,0127;0,2254;0,8111;0,9633;0,4076;0,6275;0,924;0,9116;0,5432;0,6867;0,5965

Generacija 2, Fitness 0,0001330113, Gen ;0,0567;0,2021;0,2745;0,9253;0,4201;0,3554;0,0137;0,3033;0,6085;0,3419;0,0402;0,8552;0,4347;0,0618;0,1702;0,8551;0,0212;0,4014;0,7946;0,0241;0,2267

Generacija 2, Fitness 0,0001859927, Gen ;0,0725;0,6694;0,0913;0,2296;0,4971;0,5026;0,042;0,3018;0,5248;0,9021;0,3817;0,7659;0,1644;0,6786;0,8566;0,1853;0,5459;0,8929;0,7627;0,0418;0,4775

Generacija 2, Fitness 8,291691E-05, Gen ;0,7025;0,6694;0,8452;0,7072;0,4971;0,554;0,5554;0,0635;0,6082;0,1356;0,7373;0,6627;0,0458;0,529;0,7081;0,1853;0,5474;0,171;0,2538;0,0216;0,1995

Generacija 2, Fitness 7,603843E-05, Gen ;0,2459;0,4743;0,9762;0,2296;0,3089;0,2929;0,042;0,3774;0,4938;0,1791;0,2113;0,3942;0,5033;0,3641;0,2436;0,0166;0,6521;0,5334;0,7627;0,6817;0,788

Generacija 2, Fitness 8,84777E-05, Gen ;0,4237;0,1347;0,8281;0,4501;0,4432;0,7747;0,4226;0,4767;0,0825;0,2947;0,7317;0,3693;0,0214;0,4397;0,4136;0,7872;0,7767;0,7691;0,4012;0,6829;0,7876

Generacija 2, Fitness 0,000150875, Gen ;0,0725;0,9866;0,0913;0,6423;0,4971;0,1614;0,4986;0,0635;0,5248;0,1311;0,7373;0,7204;0,1644;0,1268;0,7977;0,1853;0,5459;0,171;0,2538;0,1663;0,9787

Generacija 2, Fitness 0,000122604, Gen ;0,7025;0,4939;0,6411;0,2296;0,5072;0,554;0,5554;0,3018;0,4938;0,9021;0,3817;0,7659;0,0458;0,2652;0,2946;0,0166;0,5474;0,8929;0,7627;0,0418;0,1995
,107,107,107,107,107,107,107,107,107,107,107,107,107,107,107,107,107,107,107,107,107,107,107,107,107,107,107,108,108,108,108,108,108,108,108,108,108,108,108,108,108,108,108,108,108,108,108,108,108,108,108,108,108,109,109,109,109,109,109,109,109,109,109,109,109,110,110,110,110,110,110,110,113
Generacija 2, Fitness 0,0001065743, Gen ;0,8598;0,9866;0,5333;0,6423;0,4223;0,507;0,4986;0,0874;0,9219;0,775;0,1699;0,6904;0,6579;0,3322;0,7977;0,1207;0,4616;0,3148;0,2295;0,1663;0,8357

Generacija 2, Fitness 0,0001002463, Gen ;0,7206;0,0926;0,717;0,8028;0,5668;0,5026;0,0177;0,3018;0,4938;0,9021;0,3817;0,7659;0,1553;0,6912;0,0614;0,1524;0,4448;0,4204;0,7627;0,6928;0,788

Generacija 2, Fitness 9,352375E-05, Gen ;0,0605;0,1928;0,016;0,5349;0,8263;0,193;0,6649;0,0849;0,9204;0,7668;0,4306;0,5156;0,4933;0,19;0,9463;0,0268;0,1086;0,0808;0,3027;0,2381;0,0109

Generacija 2, Fitness 0,0001924968, Gen ;0,7025;0,0307;0,2638;0,0553;0,5072;0,554;0,6896;0,702;0,6082;0,1356;0,4109;0,6627;0,0458;0,9633;0,4585;0,6275;0,8771;0,2145;0,5432;0,9182;0,5965

Generacija 2, Fitness 0,0001042426, Gen ;0,2268;0,582;0,8875;0,7506;0,2063;0,3554;0,0074;0,7661;0,4135;0,4837;0,0127;0,2494;0,4684;0,7884;0,8551;0,558;0,924;0,4014;0,7433;0,0241;0,4261

Generacija 2, Fitness 0,000391991, Gen ;0,0079;0,5455;0,2745;0,5091;0,0609;0,3981;0,4859;0,3033;0,5256;0,031;0,5845;0,3627;0,0671;0,825;0,7637;0,8551;0,786;0,8137;0,7946;0,8554;0,9983

Generacija 2, Fitness 8,156049E-05, Gen ;0,7025;0,8001;0,8452;0,7907;0,4448;0,601;0,0963;0,702;0,6082;0,1356;0,5098;0,6627;0,7994;0,2652;0,7081;0,4015;0,3393;0,1804;0,276;0,1609;0,8166

Generacija 2, Fitness 0,0002334298, Gen ;0,0725;0,6694;0,3872;0,7072;0,4971;0,975;0,4555;0,4767;0,5248;0,8937;0,7373;0,3693;0,0214;0,4397;0,8566;0,7872;0,5653;0,1586;0,2538;0,3507;0,7876

Generacija 2, Fitness 0,0001495219, Gen ;0,4237;0,1347;0,5333;0,4501;0,3785;0,975;0,8955;0,4767;0,6305;0,8937;0,1509;0,6904;0,9049;0,3322;0,0186;0,7872;0,5653;0,1586;0,2295;0,3507;0,8357

Generacija 2, Fitness 6,558491E-05, Gen ;0,4237;0,145;0,5151;0,7745;0,4432;0,2184;0,8955;0,708;0,9966;0,8937;0,1509;0,3693;0,6148;0,4397;0,9242;0,7243;0,1262;0,2503;0,4012;0,2376;0,2151

Generacija 2, Fitness 7,684283E-05, Gen ;0,0113;0,8001;0,4718;0,9253;0,1812;0,3981;0,0963;0,3033;0,047;0,031;0,0703;0,6488;0,4347;0,0618;0,1702;0,8551;0,0212;0,1804;0,4538;0,8554;0,1772

Generacija 3, Fitness 9,088835E-05, Gen ;0,4237;0,5455;0,5333;0,4501;0,3785;0,3981;0,4859;0,3033;0,6305;0,031;0,1509;0,6904;0,9049;0,3322;0,0186;0,7872;0,786;0,1586;0,7946;0,8554;0,9983

Generacija 3, Fitness 0,0001036069, Gen ;0,4291;0,6694;0,8281;0,1787;0,4971;0,8354;0,1521;0,4767;0,5248;0,2947;0,7373;0,3693;0,0214;0,4397;0,1911;0,8277;0,5653;0,1586;0,0554;0,3507;0,2835

Generacija 3, Fitness 8,629359E-05, Gen ;0,6805;0,8653;0,5333;0,9713;0,4223;0,6321;0,4986;0,0419;0,9219;0,775;0,1699;0,4098;0,9745;0,3322;0,7977;0,1207;0,4616;0,3148;0,004;0,6829;0,2835

Generacija 3, Fitness 0,0001411369, Gen ;0,0567;0,582;0,8875;0,7745;0,1065;0,3554;0,0074;0,708;0,4135;0,9818;0,801;0,2494;0,6148;0,8364;0,8551;0,558;0,1262;0,2633;0,2106;0,6867;0,2151

Generacija 3, Fitness 0,0001153541, Gen ;0,0725;0,6694;0,5033;0,7072;0,0456;0,2184;0,5775;0,708;0,9966;0,9021;0,801;0,3742;0,1644;0,529;0,2946;0,0166;0,5459;0,8929;0,9;0,0418;0,2151

Generacija 3, Fitness 8,516581E-05, Gen ;0,0089;0,9866;0,0913;0,8626;0,4971;0,1614;0,4986;0,0534;0,5248;0,1311;0,4517;0,7204;0,1644;0,529;0,7977;0,1853;0,5459;0,171;0,2538;0,1663;0,4775

Generacija 3, Fitness 0,0001254462, Gen ;0,0725;0,6694;0,0913;0,2296;0,4971;0,975;0,042;0,4767;0,5248;0,9021;0,1509;0,6904;0,9049;0,6786;0,8566;0,7872;0,5653;0,1586;0,7627;0,0418;0,8357

Generacija 3, Fitness 0,0001442388, Gen ;0,0725;0,6694;0,3872;0,2296;0,4971;0,975;0,4555;0,4767;0,5248;0,9021;0,3817;0,3693;0,1644;0,6786;0,8566;0,1853;0,5653;0,1586;0,2538;0,3507;0,4775

Generacija 3, Fitness 0,1472721, Gen ;0,7025;0,4939;0,9135;0,5288;0,0456;0,3554;0,5775;0,708;0,6082;0,3419;0,801;0,3742;0,0458;0,0041;0,7081;0,7515;0,1262;0,2145;0,276;0,2376;0,2151
,157,157,157,157,157,157,157,157,157,157,157,157,158,158,158,158,158,158,158,158,158,158,158,158,158,158,158,158,158,158,158,158,158,158,158,159,159,159,159,159,159,159,159,159,159,159,159,159,159,159,159,159,160,160,160,160,160,160,160,161,161,161,161,161,161,162,162,163,163,163,163,166,166,166,166
Generacija 3, Fitness 0,0001905905, Gen ;0,4237;0,8653;0,5333;0,9713;0,062;0,975;0,8955;0,0419;0,6305;0,8937;0,1509;0,4098;0,9049;0,8656;0,5377;0,4195;0,5653;0,6551;0,004;0,6829;0,2835

Generacija 3, Fitness 9,212882E-05, Gen ;0,0567;0,9907;0,2745;0,4631;0,4201;0,3554;0,0137;0,3033;0,762;0,3419;0,0402;0,8552;0,4347;0,0618;0,1702;0,8551;0,0212;0,0437;0,7946;0,2381;0,9608

Generacija 3, Fitness 8,974373E-05, Gen ;0,2268;0,6694;0,8875;0,3593;0,2063;0,52;0,0137;0,0635;0,3498;0,4837;0,0127;0,5944;0,8173;0,1268;0,7977;0,558;0,5459;0,171;0,6566;0,0216;0,4261

Generacija 3, Fitness 0,0001322592, Gen ;0,0089;0,0307;0,0913;0,0553;0,4971;0,554;0,6896;0,702;0,6082;0,1356;0,4517;0,7204;0,1644;0,529;0,4585;0,6275;0,5459;0,2145;0,2295;0,9182;0,4775

Generacija 3, Fitness 7,458466E-05, Gen ;0,0725;0,9866;0,5333;0,2296;0,4223;0,507;0,4986;0,0874;0,9219;0,9021;0,1699;0,7659;0,6579;0,3322;0,8566;0,1853;0,4616;0,3148;0,7627;0,0418;0,8357

Generacija 3, Fitness 0,0001044826, Gen ;0,6805;0,1347;0,5333;0,9713;0,062;0,6321;0,4226;0,4767;0,6617;0,8937;0,1509;0,6904;0,9049;0,8656;0,0186;0,7872;0,5653;0,6551;0,2295;0,3507;0,2835

Generacija 3, Fitness 9,779152E-05, Gen ;0,0567;0,2021;0,2745;0,0553;0,5072;0,3554;0,6896;0,702;0,6085;0,1356;0,0402;0,8552;0,4347;0,0618;0,1702;0,8551;0,0212;0,2145;0,5432;0,0241;0,5965

Generacija 3, Fitness 5,66128E-05, Gen ;0,0605;0,3593;0,8281;0,1787;0,4432;0,8354;0,1521;0,0849;0,9753;0,2947;0,4306;0,8358;0,9745;0,8656;0,1911;0,8277;0,3572;0,199;0,4012;0,9152;0,7876

Generacija 3, Fitness 0,7998016, Gen ;0,0079;0,5455;0,0913;0,5091;0,0609;0,1614;0,4859;0,3033;0,5248;0,031;0,7373;0,7204;0,0671;0,1268;0,7977;0,8551;0,786;0,8137;0,2538;0,1663;0,9983
,137,137,137,137,137,137,137,137,138,138,138,138,138,138,138,138,138,138,138,139,139,139,139,139,139,139,139,139,140,140,140,140,140,140,140,140,140,140,140,141,141,141,141,141,141,141,141,142,142,142,142,143,146,146,147,147,147,148,148,148,151,151,152,152,152,153,153,153,153,154,154,154,154,155,155
Generacija 3, Fitness 0,0001027965, Gen ;0,0725;0,6694;0,2745;0,2296;0,4971;0,5026;0,0137;0,3033;0,6085;0,3419;0,0402;0,8552;0,1644;0,6786;0,1702;0,8551;0,5459;0,4014;0,7946;0,0418;0,4775

Generacija 3, Fitness 0,0001318428, Gen ;0,1865;0,145;0,3872;0,4501;0,4432;0,975;0,8955;0,4767;0,0825;0,7938;0,801;0,3693;0,0214;0,4397;0,8296;0,7243;0,1974;0,1586;0,4012;0,9152;0,7876

Generacija 3, Fitness 8,185048E-05, Gen ;0,0089;0,9866;0,0913;0,6423;0,4971;0,1614;0,4555;0,0635;0,5248;0,6525;0,4517;0,7204;0,1644;0,1268;0,8566;0,1853;0,5459;0,9184;0,2295;0,1663;0,4775

Generacija 3, Fitness 8,018692E-05, Gen ;0,2268;0,6694;0,6411;0,7072;0,2063;0,52;0,042;0,3018;0,3498;0,9021;0,0127;0,055;0,1644;0,529;0,2946;0,0166;0,5459;0,8929;0,7627;0,0216;0,788

Generacija 3, Fitness 0,0002328729, Gen ;0,0089;0,1347;0,0913;0,8626;0,4971;0,975;0,4555;0,0534;0,6305;0,8937;0,4517;0,7204;0,1644;0,529;0,0186;0,7872;0,5459;0,1586;0,2295;0,3507;0,8357

Generacija 3, Fitness 0,000184572, Gen ;0,7025;0,6694;0,3872;0,7072;0,4971;0,975;0,5554;0,4767;0,6082;0,3419;0,7373;0,3693;0,0458;0,2652;0,8566;0,7872;0,9681;0,2145;0,2538;0,0469;0,1995

Generacija 3, Fitness 7,854803E-05, Gen ;0,7206;0,9907;0,717;0,8028;0,5668;0,5026;0,9822;0,8922;0,762;0,9021;0,3817;0,9074;0,1553;0,6912;0,9463;0,9021;0,52;0,4204;0,7627;0,6928;0,9608

Generacija 3, Fitness 0,0001297187, Gen ;0,0079;0,6694;0,2745;0,5091;0,0609;0,3981;0,4859;0,3033;0,5248;0,031;0,7373;0,3693;0,0671;0,825;0,8566;0,8551;0,5653;0,1586;0,2538;0,3507;0,9983

Generacija 3, Fitness 0,0001519679, Gen ;0,892;0,6694;0,0913;0,7072;0,062;0,6321;0,4226;0,0419;0,4766;0,5667;0,7317;0,5479;0,9745;0,9668;0,5377;0,4195;0,0696;0,4384;0,4777;0,6016;0,2835

Generacija 3, Fitness 0,0003061373, Gen ;0,7025;0,4939;0,6411;0,2296;0,4201;0,3554;0,5554;0,4744;0,4938;0,3419;0,5098;0,7659;0,0458;0,2652;0,2946;0,0166;0,5474;0,8929;0,276;0,0418;0,1995
,166,166,167,167,168,168,169,170,173,173,173,173,173,173,173,173,173,173,173,173,173,173,173,173,173,173,174,174,174,174,174,174,174,174,174,174,175,175,175,176,176,176,176,177
Generacija 3, Fitness 0,0001536544, Gen ;0,4237;0,6694;0,5333;0,4501;0,4971;0,975;0,8955;0,4767;0,6305;0,8937;0,1509;0,3693;0,9049;0,3322;0,0186;0,7872;0,5653;0,1586;0,2295;0,3507;0,8357

Generacija 3, Fitness 9,360698E-05, Gen ;0,2268;0,0307;0,8875;0,7506;0,5072;0,52;0,0074;0,702;0,3498;0,1356;0,4109;0,055;0,0458;0,0857;0,4585;0,1853;0,5459;0,2145;0,7433;0,9182;0,4261

Generacija 3, Fitness 8,056359E-05, Gen ;0,7025;0,3593;0,8281;0,1787;0,1237;0,8354;0,1521;0,0419;0,9753;0,3419;0,9823;0,8692;0,0458;0,8656;0,1911;0,8277;0,3572;0,199;0,0554;0,0469;0,2835

Generacija 3, Fitness 0,0001192808, Gen ;0,892;0,7198;0,5333;0,7072;0,1065;0,2184;0,9024;0,0635;0,4766;0,775;0,801;0,5479;0,9049;0,9668;0,9242;0,1853;0,5459;0,4384;0,4777;0,4486;0,2151

Generacija 3, Fitness 7,199965E-05, Gen ;0,1264;0,3593;0,8281;0,1787;0,1237;0,8354;0,1521;0,708;0,9966;0,9818;0,9823;0,3742;0,6329;0,0041;0,9049;0,8277;0,1262;0,199;0,9;0,2376;0,2151

Generacija 3, Fitness 8,764768E-05, Gen ;0,8598;0,9866;0,5333;0,6423;0,4223;0,507;0,6649;0,0874;0,9204;0,775;0,1699;0,8358;0,6579;0,3322;0,8296;0,1207;0,4616;0,3148;0,2295;0,1663;0,7876

Generacija 3, Fitness 4,797216E-05, Gen ;0,7025;0,0307;0,2745;0,5091;0,0609;0,3981;0,6896;0,3033;0,5256;0,031;0,4109;0,3627;0,0458;0,9633;0,4585;0,6275;0,786;0,8137;0,7946;0,8554;0,5965
,104,105,105,105,105,105,105,105,105,105,105,105,105,106,106,106,106,106,106,106,106,106,107,107,107,107,107,107,107,107,107,107,108,108,108,108,108,109,109,109,109,109,109,110,110,110,110,110,110,110,111,111,111,111,111,111,111,112,112,112,112,113,114,115,118,119,125,126,126,127,127,127,128
Generacija 3, Fitness 0,0001109632, Gen ;0,7025;0,0926;0,717;0,8028;0,5668;0,3554;0,5554;0,4744;0,4938;0,9021;0,5098;0,7659;0,0458;0,6912;0,7081;0,1524;0,4448;0,2145;0,276;0,6928;0,788

Generacija 3, Fitness 0,0001220153, Gen ;0,0567;0,145;0,5151;0,7745;0,1065;0,975;0,8955;0,4767;0,4135;0,8937;0,801;0,3693;0,6148;0,8364;0,8551;0,7243;0,5653;0,1586;0,4012;0,0241;0,7876

Generacija 3, Fitness 0,0001505466, Gen ;0,7025;0,4939;0,0913;0,2296;0,4971;0,154;0,5554;0,0635;0,4766;0,5667;0,3817;0,7659;0,0458;0,9668;0,2946;0,1853;0,5474;0,4384;0,7627;0,6016;0,6057

Generacija 3, Fitness 7,665801E-05, Gen ;0,0079;0,7198;0,2745;0,7745;0,0609;0,3981;0,4859;0,708;0,5256;0,031;0,801;0,3627;0,9049;0,8364;0,7637;0,1207;0,786;0,9184;0,7946;0,8554;0,9983

Generacija 3, Fitness 9,890395E-05, Gen ;0,0725;0,8653;0,0913;0,9713;0,062;0,1614;0,4226;0,0419;0,6617;0,1311;0,7317;0,4098;0,1644;0,1268;0,7977;0,4195;0,5459;0,6551;0,004;0,6829;0,9787

Generacija 4, Fitness 8,215018E-05, Gen ;0,7025;0,4939;0,5333;0,5288;0,0456;0,3554;0,5775;0,4767;0,6305;0,3419;0,1509;0,3742;0,9049;0,3322;0,7081;0,7515;0,1262;0,2145;0,276;0,2376;0,2151

Generacija 4, Fitness 7,666478E-05, Gen ;0,0089;0,9866;0,8875;0,3593;0,4971;0,1614;0,0137;0,0635;0,5248;0,4837;0,4517;0,7204;0,1644;0,529;0,7977;0,1853;0,5459;0,171;0,2538;0,1663;0,4261

Generacija 4, Fitness 0,0001098712, Gen ;0,7025;0,6694;0,3872;0,5288;0,0456;0,975;0,5554;0,708;0,6082;0,3419;0,801;0,3693;0,0458;0,2652;0,7081;0,7515;0,1262;0,2145;0,276;0,0469;0,1995

Generacija 4, Fitness 0,0001902395, Gen ;0,7025;0,0926;0,0913;0,8028;0,4971;0,975;0,5554;0,0534;0,4938;0,8937;0,4517;0,7659;0,0458;0,529;0,7081;0,1524;0,5459;0,2145;0,2295;0,3507;0,788

Generacija 4, Fitness 8,200193E-05, Gen ;0,0567;0,6694;0,5151;0,7072;0,1065;0,975;0,8955;0,4767;0,9966;0,8937;0,801;0,3693;0,6148;0,529;0,8551;0,0166;0,5653;0,1586;0,9;0,0418;0,7876

Generacija 4, Fitness 0,0001075523, Gen ;0,2268;0,0307;0,5333;0,7506;0,1065;0,52;0,9024;0,702;0,3498;0,775;0,4109;0,055;0,0458;0,9668;0,4585;0,1853;0,5459;0,2145;0,4777;0,4486;0,2151

Generacija 4, Fitness 8,350223E-05, Gen ;0,892;0,6694;0,0913;0,2296;0,4971;0,2184;0,042;0,0635;0,5248;0,9021;0,801;0,5479;0,9049;0,6786;0,9242;0,1853;0,5459;0,1586;0,7627;0,4486;0,2151

Generacija 4, Fitness 9,816899E-05, Gen ;0,6805;0,8653;0,0913;0,9713;0,4971;0,6321;0,4986;0,702;0,6082;0,775;0,1699;0,4098;0,1644;0,3322;0,7977;0,1207;0,5459;0,2145;0,2295;0,6829;0,4775

Generacija 4, Fitness 0,0001060975, Gen ;0,892;0,6694;0,0913;0,9713;0,062;0,6321;0,4226;0,0419;0,6617;0,5667;0,7317;0,4098;0,9745;0,9668;0,5377;0,4195;0,0696;0,6551;0,004;0,6016;0,9787

Generacija 4, Fitness 0,000148934, Gen ;0,7025;0,582;0,9135;0,5288;0,1065;0,3554;0,0074;0,708;0,6082;0,9818;0,801;0,3742;0,0458;0,8364;0,7081;0,7515;0,1262;0,2145;0,2106;0,2376;0,2151

Generacija 4, Fitness 0,0001055888, Gen ;0,0725;0,1347;0,0913;0,2296;0,4971;0,975;0,4555;0,4767;0,5248;0,8937;0,4517;0,6904;0,1644;0,529;0,8566;0,7872;0,5459;0,1586;0,7627;0,0418;0,8357

Generacija 4, Fitness 8,466377E-05, Gen ;0,892;0,6694;0,5333;0,4501;0,4971;0,975;0,8955;0,0419;0,4766;0,8937;0,7317;0,3693;0,9049;0,3322;0,0186;0,4195;0,0696;0,4384;0,4777;0,3507;0,2835

Generacija 4, Fitness 9,010933E-05, Gen ;0,0567;0,6694;0,5151;0,7745;0,0456;0,975;0,8955;0,708;0,4135;0,9021;0,801;0,3742;0,6148;0,8364;0,8551;0,0166;0,5459;0,1586;0,4012;0,0241;0,2151

Generacija 4, Fitness 0,0001521647, Gen ;0,0089;0,8653;0,0913;0,9713;0,4971;0,1614;0,4555;0,0534;0,6617;0,8937;0,4517;0,7204;0,1644;0,529;0,7977;0,7872;0,5459;0,1586;0,2295;0,3507;0,8357

Generacija 4, Fitness 0,0001577035, Gen ;0,7025;0,4939;0,9135;0,2296;0,4971;0,154;0,5554;0,0635;0,4766;0,3419;0,3817;0,7659;0,0458;0,9668;0,2946;0,7515;0,5474;0,2145;0,7627;0,2376;0,2151

Generacija 4, Fitness 0,0001040874, Gen ;0,7025;0,4939;0,8281;0,2296;0,4201;0,8354;0,1521;0,4767;0,4938;0,3419;0,7373;0,3693;0,0458;0,4397;0,2946;0,8277;0,5474;0,1586;0,0554;0,0418;0,2835

Generacija 4, Fitness 0,0001564135, Gen ;0,0089;0,0307;0,0913;0,0553;0,4971;0,975;0,6896;0,0534;0,6305;0,8937;0,4517;0,7204;0,1644;0,529;0,4585;0,6275;0,5459;0,1586;0,2295;0,9182;0,8357

Generacija 4, Fitness 0,000104665, Gen ;0,892;0,6694;0,5033;0,7072;0,062;0,6321;0,4226;0,708;0,9966;0,9021;0,801;0,5479;0,1644;0,9668;0,5377;0,0166;0,0696;0,4384;0,4777;0,6016;0,2835

Generacija 4, Fitness 8,052274E-05, Gen ;0,4237;0,6694;0,0913;0,2296;0,4971;0,975;0,8955;0,4767;0,6305;0,5667;0,3817;0,3693;0,9049;0,3322;0,0186;0,1853;0,5653;0,1586;0,2295;0,3507;0,8357

Generacija 4, Fitness 7,939963E-05, Gen ;0,0567;0,6694;0,8875;0,4501;0,1065;0,975;0,8955;0,708;0,6305;0,9818;0,801;0,3693;0,6148;0,8364;0,0186;0,7872;0,5653;0,2633;0,2106;0,6867;0,8357

Generacija 4, Fitness 0,0001024158, Gen ;0,7025;0,0926;0,0913;0,5091;0,5668;0,3554;0,4859;0,3033;0,4938;0,031;0,7373;0,7204;0,0458;0,1268;0,7081;0,1524;0,786;0,8137;0,2538;0,6928;0,9983

Generacija 4, Fitness 0,0002375535, Gen ;0,7025;0,4939;0,0913;0,5288;0,0456;0,154;0,5554;0,708;0,4766;0,3419;0,801;0,3742;0,0458;0,9668;0,7081;0,7515;0,5474;0,4384;0,276;0,2376;0,6057

Generacija 4, Fitness 0,0001718228, Gen ;0,892;0,6694;0,0913;0,5091;0,062;0,3981;0,4226;0,3033;0,5248;0,031;0,7317;0,3693;0,0671;0,825;0,8566;0,4195;0,5653;0,4384;0,4777;0,3507;0,2835

Generacija 4, Fitness 0,432622, Gen ;0,0567;0,4939;0,9135;0,5288;0,1065;0,3554;0,5775;0,708;0,6082;0,3419;0,801;0,2494;0,0458;0,0041;0,8551;0,7515;0,1262;0,2145;0,276;0,2376;0,2151
,148,148,148,148,148,148,148,148,148,148,148,148,148,148,148,148,148,148,148,148,149,149,149,149,149,149,149,149,149,149,149,149,149,149,149,149,149,149,149,149,149,149,150,150,150,150,150,150,150,150,150,150,150,150,150,150,150,150,151,151,151,151,151,151,151,151,151,151,152,152,152,153,154,157,160
Generacija 4, Fitness 7,862147E-05, Gen ;0,0725;0,6694;0,0913;0,2296;0,4971;0,975;0,8955;0,4767;0,5248;0,9021;0,1509;0,6904;0,9049;0,3322;0,8566;0,7872;0,5653;0,1586;0,7627;0,3507;0,8357

Generacija 4, Fitness 0,0001675206, Gen ;0,4237;0,6694;0,5333;0,4501;0,4971;0,975;0,4555;0,4767;0,6305;0,9021;0,1509;0,3693;0,1644;0,3322;0,8566;0,1853;0,5653;0,1586;0,2295;0,3507;0,8357

Generacija 4, Fitness 7,627592E-05, Gen ;0,0725;0,9907;0,5033;0,7072;0,0456;0,5026;0,5775;0,708;0,762;0,9021;0,801;0,3742;0,1644;0,529;0,9463;0,0166;0,52;0,8929;0,9;0,0418;0,9608

Generacija 4, Fitness 9,415685E-05, Gen ;0,0567;0,582;0,0913;0,7745;0,0609;0,1614;0,4859;0,708;0,4135;0,9818;0,801;0,2494;0,6148;0,1268;0,7977;0,8551;0,786;0,2633;0,2538;0,6867;0,9983

Generacija 4, Fitness 0,0001011054, Gen ;0,7025;0,4939;0,0913;0,5091;0,0609;0,154;0,5554;0,0635;0,5248;0,5667;0,7373;0,7204;0,0458;0,9668;0,7977;0,1853;0,786;0,4384;0,2538;0,6016;0,6057
,107,107,108,108,108,108,108,108,109,109,109,109,109,110,110,110,110,110,111,111,111,111,112,113,143,143,143,143,143,143,143,144,144,144,144,144,144,144,144,144,144,144,144,144,144,144,144,144,144,145,145,145,145,145,145,145,145,145,145,145,145,146,146,146,146,146,146,147,147,165,165,167,167,167
Generacija 4, Fitness 0,0001296722, Gen ;0,7025;0,4939;0,9135;0,5288;0,4971;0,3554;0,5775;0,4767;0,6082;0,3419;0,1509;0,3742;0,0458;0,3322;0,7081;0,7872;0,1262;0,2145;0,276;0,2376;0,2151
,146,146,146,146,146,146,146,146,146,146,146,146,146,147,147,147,147,147,147,147,147,147,147,147,147,147,147,147,147,147,147,147,147,147,148,148,148,148,148,148,148,148,148,148,148,148,148,148,149,149,149,149,149,150,150,150,151,151,151,152,153,153,153,154,154,154,154,154,155,155,156,156
Generacija 4, Fitness 0,0001390437, Gen ;0,0725;0,6694;0,3872;0,2296;0,0456;0,2184;0,5775;0,708;0,5248;0,9021;0,3817;0,3693;0,1644;0,529;0,8566;0,0166;0,5653;0,1586;0,9;0,0418;0,4775

Generacija 4, Fitness 0,0001820721, Gen ;0,0079;0,6694;0,2745;0,0553;0,0609;0,554;0,6896;0,3033;0,5248;0,1356;0,7373;0,3693;0,1644;0,529;0,4585;0,6275;0,5459;0,2145;0,2538;0,3507;0,4775

Generacija 4, Fitness 0,0002220006, Gen ;0,7025;0,4939;0,0913;0,2296;0,4971;0,154;0,4226;0,0419;0,4766;0,5667;0,3817;0,7659;0,0458;0,1268;0,7977;0,4195;0,5459;0,4384;0,004;0,6016;0,9787

Generacija 4, Fitness 0,0001256537, Gen ;0,7025;0,1347;0,0913;0,5288;0,0456;0,3554;0,4555;0,708;0,6082;0,3419;0,801;0,3742;0,0458;0,529;0,0186;0,7515;0,5459;0,2145;0,276;0,2376;0,2151

Generacija 4, Fitness 0,0001372002, Gen ;0,0567;0,6694;0,3872;0,7745;0,4971;0,975;0,8955;0,4767;0,6082;0,3419;0,7373;0,3693;0,0458;0,2652;0,8566;0,7872;0,5653;0,2145;0,2538;0,0469;0,7876

Generacija 4, Fitness 9,886757E-05, Gen ;0,0725;0,6694;0,3872;0,2296;0,4971;0,975;0,4555;0,0635;0,4766;0,9021;0,3817;0,7659;0,0458;0,6786;0,2946;0,1853;0,5474;0,4384;0,2538;0,6016;0,4775

Generacija 4, Fitness 0,0001352177, Gen ;0,4291;0,582;0,8875;0,1787;0,1065;0,8354;0,1521;0,4767;0,4135;0,9818;0,801;0,2494;0,0214;0,4397;0,8551;0,8277;0,1262;0,1586;0,0554;0,6867;0,2151

Generacija 4, Fitness 8,283354E-05, Gen ;0,892;0,7198;0,5333;0,7072;0,4971;0,2184;0,5554;0,0635;0,4766;0,775;0,3817;0,5479;0,0458;0,9668;0,9242;0,1853;0,5474;0,4384;0,7627;0,4486;0,2151

Generacija 4, Fitness 8,35282E-05, Gen ;0,892;0,7198;0,0913;0,9713;0,1065;0,1614;0,9024;0,0419;0,4766;0,1311;0,7317;0,5479;0,1644;0,1268;0,9242;0,1853;0,5459;0,6551;0,004;0,6829;0,9787

Generacija 4, Fitness 0,0001015667, Gen ;0,0089;0,0307;0,0913;0,0553;0,4971;0,554;0,6896;0,702;0,6082;0,3419;0,7373;0,7204;0,1644;0,2652;0,8566;0,6275;0,5459;0,2145;0,2295;0,0469;0,1995

Generacija 5, Fitness 0,0001206767, Gen ;0,7025;0,0926;0,0913;0,0553;0,4971;0,554;0,5554;0,0534;0,6082;0,3419;0,4517;0,7659;0,1644;0,2652;0,8566;0,6275;0,5459;0,2145;0,2295;0,3507;0,1995

Generacija 5, Fitness 9,572193E-05, Gen ;0,0567;0,582;0,9135;0,5288;0,4971;0,975;0,8955;0,708;0,6082;0,3419;0,7373;0,3693;0,0458;0,8364;0,8566;0,7515;0,1262;0,2145;0,2106;0,2376;0,7876

Generacija 5, Fitness 0,000169838, Gen ;0,7025;0,6694;0,3872;0,2296;0,0456;0,154;0,5775;0,708;0,4766;0,3419;0,801;0,3742;0,1644;0,529;0,7081;0,7515;0,5474;0,1586;0,9;0,0418;0,6057

Generacija 5, Fitness 7,325332E-05, Gen ;0,0567;0,4939;0,9135;0,5288;0,1065;0,3554;0,8955;0,4767;0,6082;0,3419;0,7373;0,3693;0,0458;0,2652;0,8566;0,7515;0,5653;0,2145;0,276;0,2376;0,7876

Generacija 5, Fitness 0,0001491353, Gen ;0,0567;0,0926;0,0913;0,5288;0,4971;0,975;0,5775;0,708;0,6082;0,3419;0,4517;0,7659;0,0458;0,529;0,8551;0,7515;0,1262;0,2145;0,276;0,2376;0,788

Generacija 5, Fitness 9,433846E-05, Gen ;0,4237;0,6694;0,5333;0,0553;0,4971;0,975;0,4555;0,0534;0,6305;0,8937;0,1509;0,3693;0,1644;0,3322;0,8566;0,1853;0,5653;0,1586;0,2295;0,9182;0,8357

Generacija 5, Fitness 0,0001704293, Gen ;0,7025;0,4939;0,0913;0,5091;0,4971;0,3554;0,4226;0,4767;0,5248;0,031;0,7317;0,3693;0,0458;0,3322;0,8566;0,7872;0,1262;0,2145;0,276;0,2376;0,2151

Generacija 5, Fitness 8,304743E-05, Gen ;0,0567;0,4939;0,0913;0,7745;0,4971;0,154;0,5554;0,708;0,4766;0,3419;0,7373;0,3693;0,0458;0,9668;0,8566;0,7872;0,5474;0,2145;0,276;0,2376;0,6057

Generacija 5, Fitness 0,0001166438, Gen ;0,0089;0,8653;0,0913;0,9713;0,4971;0,3554;0,4555;0,0534;0,6082;0,8937;0,1509;0,7204;0,0458;0,3322;0,7081;0,7872;0,1262;0,2145;0,2295;0,3507;0,2151

Generacija 5, Fitness 0,0001256895, Gen ;0,0725;0,6694;0,0913;0,5091;0,062;0,975;0,4555;0,4767;0,5248;0,031;0,4517;0,6904;0,1644;0,529;0,8566;0,7872;0,5459;0,1586;0,7627;0,3507;0,2835

Generacija 5, Fitness 0,0001720778, Gen ;0,7025;0,6694;0,5333;0,8028;0,4971;0,975;0,4555;0,4767;0,4938;0,8937;0,1509;0,7659;0,0458;0,3322;0,7081;0,1853;0,5653;0,1586;0,2295;0,3507;0,788

Generacija 5, Fitness 8,091674E-05, Gen ;0,2268;0,8653;0,0913;0,7506;0,4971;0,52;0,9024;0,702;0,6617;0,8937;0,4109;0,055;0,1644;0,9668;0,7977;0,7872;0,5459;0,1586;0,4777;0,3507;0,2151

Generacija 5, Fitness 6,165112E-05, Gen ;0,0089;0,4939;0,5333;0,5288;0,4971;0,554;0,6896;0,4767;0,6082;0,3419;0,1509;0,7204;0,9049;0,2652;0,7081;0,7515;0,5459;0,2145;0,276;0,2376;0,2151

Generacija 5, Fitness 8,995926E-05, Gen ;0,0725;0,6694;0,5333;0,4501;0,4971;0,975;0,4555;0,4767;0,4766;0,9021;0,3817;0,3693;0,0458;0,3322;0,2946;0,1853;0,5474;0,4384;0,2538;0,6016;0,4775

Generacija 5, Fitness 8,30374E-05, Gen ;0,7025;0,4939;0,9135;0,5288;0,4971;0,154;0,4226;0,708;0,4766;0,5667;0,801;0,7659;0,0458;0,0041;0,8551;0,4195;0,5459;0,2145;0,004;0,2376;0,9787

Generacija 5, Fitness 0,0001630068, Gen ;0,4237;0,6694;0,5333;0,2296;0,4971;0,154;0,5554;0,4767;0,6305;0,3419;0,1509;0,3693;0,0458;0,9668;0,8566;0,7515;0,5653;0,2145;0,7627;0,2376;0,2151

Generacija 5, Fitness 0,0001891594, Gen ;0,7025;0,4939;0,0913;0,8028;0,4971;0,975;0,5554;0,0534;0,4938;0,3419;0,4517;0,7659;0,0458;0,9668;0,7081;0,1524;0,5459;0,2145;0,276;0,3507;0,6057

Generacija 5, Fitness 0,0001708182, Gen ;0,7025;0,6694;0,3872;0,5288;0,0456;0,975;0,5554;0,708;0,5248;0,3419;0,7373;0,3693;0,0458;0,2652;0,7081;0,7515;0,5459;0,2145;0,2538;0,0469;0,1995

Generacija 5, Fitness 0,0001243397, Gen ;0,0089;0,8653;0,0913;0,9713;0,4971;0,1614;0,4226;0,0534;0,6617;0,5667;0,4517;0,4098;0,9745;0,529;0,5377;0,4195;0,5459;0,6551;0,004;0,6016;0,8357

Generacija 5, Fitness 0,0002575968, Gen ;0,7025;0,582;0,0913;0,5288;0,0609;0,154;0,0074;0,708;0,5248;0,9818;0,7373;0,3742;0,0458;0,8364;0,7081;0,1853;0,786;0,4384;0,2106;0,2376;0,2151

Generacija 5, Fitness 0,0001136682, Gen ;0,0089;0,6694;0,0913;0,9713;0,4971;0,6321;0,4226;0,0419;0,6617;0,5667;0,4517;0,4098;0,1644;0,529;0,5377;0,4195;0,5459;0,1586;0,2295;0,3507;0,8357

Generacija 5, Fitness 0,0001645943, Gen ;0,4237;0,6694;0,0913;0,4501;0,062;0,975;0,4226;0,4767;0,6305;0,031;0,1509;0,3693;0,0671;0,3322;0,8566;0,1853;0,5653;0,4384;0,4777;0,3507;0,8357

Generacija 5, Fitness 0,0001459059, Gen ;0,4291;0,582;0,8875;0,4501;0,4971;0,975;0,4555;0,4767;0,6305;0,9021;0,801;0,2494;0,0214;0,4397;0,8566;0,8277;0,5653;0,1586;0,2295;0,3507;0,2151

Generacija 5, Fitness 0,2987292, Gen ;0,7025;0,4939;0,0913;0,2296;0,4971;0,154;0,4226;0,0534;0,4938;0,5667;0,4517;0,7659;0,0458;0,1268;0,7081;0,1524;0,5459;0,4384;0,004;0,6016;0,9787
,107,109,109,117,117,117,117,117,117,117,117,117,117,117,117,117,117,117,117,117,118,118,118,118,118,118,118,118,118,118,118,118,118,118,118,118,119,119,119,119,119,119,119,120,120,120,120,121,121,122,125,125,125,126,126,126,127,129,130,130,132,132,132,133,133,134,135,135,135,136,136,137,138,138,168
Generacija 5, Fitness 0,0001056787, Gen ;0,0567;0,4939;0,9135;0,5288;0,1065;0,154;0,4226;0,708;0,4766;0,3419;0,801;0,2494;0,0458;0,1268;0,7977;0,7515;0,5459;0,4384;0,276;0,6016;0,9787

Generacija 5, Fitness 7,546837E-05, Gen ;0,0567;0,4939;0,9135;0,5288;0,4971;0,3554;0,6896;0,0534;0,6082;0,3419;0,4517;0,7204;0,1644;0,0041;0,8551;0,6275;0,1262;0,2145;0,2295;0,2376;0,2151

Generacija 5, Fitness 0,0001450879, Gen ;0,0567;0,6694;0,5151;0,0553;0,0456;0,975;0,6896;0,708;0,5248;0,9021;0,801;0,3742;0,1644;0,529;0,4585;0,6275;0,5459;0,1586;0,2538;0,3507;0,2151

Generacija 5, Fitness 8,777808E-05, Gen ;0,892;0,8653;0,0913;0,2296;0,4971;0,6321;0,4986;0,702;0,6082;0,9021;0,1699;0,4098;0,9049;0,6786;0,7977;0,1853;0,5459;0,1586;0,7627;0,4486;0,4775
,121
Generacija 5, Fitness 0,0001080531, Gen ;0,892;0,6694;0,0913;0,4501;0,4971;0,3981;0,4226;0,3033;0,5248;0,9021;0,7317;0,3693;0,0671;0,825;0,8566;0,1853;0,5653;0,1586;0,2295;0,3507;0,8357

Generacija 5, Fitness 0,000110328, Gen ;0,7025;0,582;0,9135;0,8028;0,1065;0,975;0,0074;0,708;0,6082;0,8937;0,801;0,7659;0,0458;0,8364;0,7081;0,1524;0,1262;0,2145;0,2106;0,3507;0,2151

Generacija 5, Fitness 0,000275929, Gen ;0,7025;0,4939;0,0913;0,8028;0,4971;0,154;0,5554;0,0635;0,4938;0,3419;0,3817;0,7659;0,0458;0,9668;0,2946;0,7515;0,5474;0,2145;0,2295;0,2376;0,788
,76,76,76,76,76,76,76,76,76,76,76,76,76,76,76,76,76,76,76,76,76,76,76,76,76,76,76,76,76,76,76,77,77,77,77,77,77,77,77,77,77,77,77,77,77,77,77,77,77,77,77,77,77,77,77,77,77,78,78,78,78,78,78,78,78,78,79,79,84,111,114
Generacija 5, Fitness 0,0003951654, Gen ;0,7025;0,4939;0,0913;0,5288;0,1065;0,3554;0,4226;0,708;0,6082;0,5667;0,801;0,2494;0,0458;0,1268;0,7977;0,4195;0,1262;0,2145;0,276;0,6016;0,2151

Generacija 5, Fitness 0,0002852017, Gen ;0,0725;0,0926;0,3872;0,8028;0,0456;0,2184;0,5775;0,708;0,4938;0,9021;0,3817;0,7659;0,0458;0,529;0,7081;0,0166;0,5459;0,2145;0,9;0,3507;0,788
,99,103,106,109,110,110,110,114,115,146,147,147,148
Generacija 5, Fitness 7,690243E-05, Gen ;0,0089;0,0307;0,0913;0,8028;0,4971;0,975;0,6896;0,0534;0,4938;0,8937;0,4517;0,7204;0,0458;0,529;0,7081;0,6275;0,5459;0,1586;0,2295;0,9182;0,788

Generacija 5, Fitness 0,0001093226, Gen ;0,0089;0,0307;0,5333;0,7506;0,1065;0,52;0,4555;0,0534;0,6617;0,8937;0,4109;0,7204;0,1644;0,9668;0,7977;0,1853;0,5459;0,1586;0,2295;0,4486;0,8357

Generacija 5, Fitness 0,000133624, Gen ;0,7025;0,4939;0,2745;0,0553;0,4971;0,154;0,4226;0,3033;0,5248;0,1356;0,3817;0,7659;0,1644;0,529;0,7977;0,6275;0,5459;0,4384;0,004;0,3507;0,9787
,114,114,114,114,114,114,114,114,115,115,115,115,115,115,115,115,115,115,115,115,115,115,115,115,115,116,116,116,116,116,116,116,116,116,116,116,116,116,117,117,117,117,117,118,118,120
Generacija 5, Fitness 0,0001520412, Gen ;0,7025;0,4939;0,0913;0,5288;0,4971;0,154;0,5554;0,0635;0,4766;0,3419;0,3817;0,7659;0,0458;0,9668;0,2946;0,7515;0,5474;0,2145;0,7627;0,2376;0,2151

