	100PopravljenStroembom ovc
	4 AI1 ovcarjev
Generacija 1, Fitness 0,0002193851, Gen ;0,7107;0,1488;0,951;0,0005;0,3333;0,7418;0,4261;0,2397;0,593;0,9277;0,9578;0,1634;0,9485;0,2208;0,4575;0,8527;0,6701;0,7578;0,696;0,8007;0,6459
,197,197,197,197,197,197,197,197,197,198,198,198,198,198,198,198,198,198,198,198,199,199,199,199,199,199,199,199,199,200,200,200,200,201,201,201,201,201,201,202,202,203,217,219
Generacija 1, Fitness 0,000209542, Gen ;0,4281;0,0069;0,7358;0,8797;0,9059;0,9253;0,7381;0,5806;0,0112;0,0528;0,3708;0,4282;0,8709;0,0265;0,9349;0,378;0,7879;0,5004;0,2711;0,9239;0,0467
,105,106,108
Generacija 1, Fitness 0,0001498013, Gen ;0,9373;0,8963;0,0672;0,9396;0,8938;0,0996;0,313;0,0732;0,1167;0,1676;0,2039;0,0528;0,2482;0,407;0,2247;0,8157;0,6546;0,1437;0,9775;0,1603;0,6333

Generacija 1, Fitness 0,0001553515, Gen ;0,8959;0,9521;0,297;0,0676;0,4009;0,6001;0,3231;0,387;0,1707;0,9241;0,4715;0,0349;0,5048;0,5394;0,8668;0,8969;0,8555;0,1293;0,9208;0,238;0,4178

Generacija 1, Fitness 0,0001645889, Gen ;0,8522;0,7405;0,8474;0,9664;0,1774;0,8771;0,0169;0,3948;0,019;0,7706;0,3874;0,7969;0,8368;0,2078;0,7614;0,7823;0,5972;0,1079;0,3179;0,2585;0,376

Generacija 1, Fitness 0,000159056, Gen ;0,9927;0,8634;0,8938;0,0851;0,226;0,6135;0,6516;0,9348;0,036;0,5565;0,1177;0,5816;0,3167;0,2023;0,1612;0,8253;0,7462;0,3771;0,6716;0,2251;0,9911

Generacija 1, Fitness 0,0001514563, Gen ;0,5611;0,8885;0,9955;0,886;0,2235;0,5049;0,1826;0,1846;0,721;0,8207;0,5091;0,3262;0,1368;0,5982;0,4251;0,6425;0,7616;0,7877;0,0721;0,0408;0,2181

Generacija 1, Fitness 0,0002175173, Gen ;0,732;0,6161;0,5471;0,7934;0,7252;0,8271;0,7497;0,7943;0,3087;0,4847;0,3962;0,1102;0,2667;0,21;0,6655;0,3429;0,6038;0,1072;0,6514;0,5084;0,9227

Generacija 1, Fitness 0,0001715391, Gen ;0,277;0,1673;0,7766;0,0011;0,6959;0,512;0,8557;0,6774;0,4282;0,8753;0,4928;0,4369;0,1459;0,7074;0,9049;0,3037;0,3806;0,5709;0,235;0,5033;0,3318

Generacija 1, Fitness 0,0001612606, Gen ;0,4798;0,8217;0,5976;0,5202;0,647;0,8916;0,5447;0,65;0,8915;0,7765;0,356;0,7506;0,3859;0,2771;0,3193;0,7601;0,1655;0,3965;0,3973;0,5515;0,0276

Generacija 1, Fitness 0,00018025, Gen ;0,1909;0,8486;0,0901;0,741;0,3459;0,9107;0,5066;0,0689;0,6676;0,0759;0,9378;0,0541;0,1993;0,5315;0,9714;0,9915;0,4881;0,0806;0,4669;0,9898;0,3557
,227
Generacija 1, Fitness 0,0002587565, Gen ;0,7686;0,0591;0,888;0,6135;0,3749;0,5102;0,6055;0,4887;0,4258;0,4077;0,3085;0,57;0,0875;0,628;0,4854;0,4314;0,7307;0,3186;0,1966;0,5546;0,6817
,195
Generacija 1, Fitness 0,0001534943, Gen ;0,4186;0,9065;0,5383;0,4378;0,2749;0,6016;0,4115;0,2492;0,2344;0,6394;0,8158;0,557;0,3897;0,7013;0,7668;0,4828;0,9404;0,9854;0,0536;0,7059;0,5652

Generacija 1, Fitness 0,0001406983, Gen ;0,2799;0,8339;0,1287;0,8449;0,2535;0,2548;0,8478;0,145;0,2025;0,7524;0,76;0,1003;0,2816;0,3546;0,2781;0,4007;0,7151;0,1619;0,6571;0,6294;0,0936

Generacija 1, Fitness 0,0001399231, Gen ;0,9874;0,1693;0,1426;0,0311;0,7257;0,9942;0,9473;0,1293;0,6166;0,3193;0,077;0,4697;0,1284;0,4434;0,4522;0,6182;0,5655;0,7103;0,8638;0,6489;0,6065

Generacija 1, Fitness 0,0001687684, Gen ;0,6652;0,9182;0,2138;0,3436;0,6156;0,0148;0,5662;0,9565;0,3586;0,4872;0,112;0,3744;0,7246;0,9915;0,6435;0,4579;0,8676;0,0406;0,6357;0,4782;0,7763

Generacija 1, Fitness 0,0002011587, Gen ;0,7028;0,0618;0,2573;0,4012;0,1471;0,1734;0,1087;0,4487;0,2125;0,5859;0,6431;0,425;0,4677;0,5284;0,4513;0,895;0,0663;0,2331;0,0765;0,3274;0,0242

Generacija 1, Fitness 0,0001496629, Gen ;0,928;0,9747;0,2423;0,4012;0,9172;0,7761;0,2063;0,1533;0,0409;0,3834;0,618;0,6041;0,0767;0,7553;0,2314;0,6937;0,8993;0,8138;0,4677;0,2832;0,1729
,203
Generacija 1, Fitness 0,0001479723, Gen ;0,4346;0,9095;0,8457;0,6272;0,3929;0,2391;0,0303;0,3425;0,466;0,7965;0,0966;0,9047;0,9019;0,9409;0,6631;0,2943;0,1647;0,7803;0,2031;0,8018;0,1734

Generacija 1, Fitness 0,0001503232, Gen ;0,2385;0,8694;0,2002;0,2814;0,9825;0,527;0,158;0,6964;0,1979;0,2429;0,8208;0,8822;0,5003;0,1873;0,1442;0,2887;0,3089;0,3714;0,7535;0,3129;0,0006

Generacija 1, Fitness 0,0001371254, Gen ;0,4136;0,8719;0,8257;0,3253;0,6737;0,2675;0,8849;0,6082;0,0599;0,3806;0,5561;0,6541;0,936;0,915;0,7705;0,978;0,8856;0,7964;0,7001;0,5014;0,0738

Generacija 1, Fitness 0,0001673814, Gen ;0,8804;0,6021;0,3086;0,511;0,1934;0,6497;0,1978;0,4313;0,7935;0,146;0,7092;0,2236;0,2909;0,4661;0,6328;0,9946;0,4179;0,9851;0,7034;0,811;0,8913

Generacija 1, Fitness 0,0001587288, Gen ;0,5677;0,6007;0,8833;0,5102;0,1662;0,709;0,1473;0,4624;0,8406;0,6853;0,0308;0,0529;0,978;0,5591;0,3117;0,1195;0,7834;0,4962;0,255;0,2005;0,2248

Generacija 1, Fitness 0,0001424287, Gen ;0,9666;0,9708;0,0201;0,6346;0,0077;0,9925;0,2573;0,0488;0,9982;0,8901;0,6898;0,7278;0,4717;0,3877;0,3294;0,0859;0,061;0,5695;0,9857;0,1857;0,2625

Generacija 1, Fitness 0,0003595315, Gen ;0,2932;0,566;0,0962;0,1375;0,8391;0,9037;0,0834;0,6429;0,5814;0,3753;0,6715;0,7671;0,3748;0,0362;0,4682;0,2507;0,0732;0,3787;0,6896;0,486;0,5194

Generacija 1, Fitness 0,0002767244, Gen ;0,5309;0,3879;0,8031;0,7478;0,5859;0,2097;0,8907;0,7249;0,6931;0,1639;0,1353;0,619;0,2188;0,8782;0,9894;0,4733;0,6131;0,4122;0,2306;0,4764;0,6892
,179,205
Generacija 1, Fitness 0,0001532934, Gen ;0,9196;0,8424;0,9764;0,6591;0,1891;0,2507;0,1076;0,9082;0,5346;0,9956;0,7659;0,9375;0,8113;0,2527;0,8799;0,5396;0,0975;0,1543;0,9527;0,5636;0,4893

Generacija 1, Fitness 0,0001500141, Gen ;0,9887;0,969;0,5282;0,2358;0,9818;0,8928;0,28;0,1607;0,6769;0,2636;0,615;0,5806;0,1898;0,5743;0,2914;0,4624;0,6442;0,4497;0,3217;0,8364;0,746

Generacija 1, Fitness 0,0001557232, Gen ;0,2435;0,0712;0,9416;0,7718;0,3184;0,405;0,7756;0,3984;0,287;0,3545;0,5281;0,6914;0,8755;0,2732;0,9571;0,2023;0,5874;0,9135;0,4637;0,4201;0,7108

Generacija 1, Fitness 8,476525E-05, Gen ;0,4635;0,0884;0,2993;0,3417;0,9576;0,7161;0,9814;0,4949;0,3324;0,124;0,2282;0,0397;0,4629;0,7962;0,9759;0,2423;0,0093;0,4628;0,1093;0,1152;0,3811

Generacija 1, Fitness 0,0002116194, Gen ;0,3731;0,8798;0,293;0,6596;0,909;0,7845;0,8273;0,0628;0,8704;0,6956;0,9987;0,3794;0,8831;0,3101;0,2102;0,8049;0,2301;0,0527;0,2803;0,1445;0,4696

Generacija 1, Fitness 0,0001599659, Gen ;0,0624;0,4642;0,9292;0,9977;0,5215;0,7345;0,9075;0,1278;0,3207;0,8427;0,505;0,7412;0,3694;0,1252;0,8176;0,5593;0,453;0,9761;0,1968;0,2339;0,7732

Generacija 1, Fitness 0,0002554773, Gen ;0,2856;0,3735;0,8887;0,9052;0,0956;0,7286;0,0823;0,3443;0,4362;0,7413;0,2802;0,1058;0,3842;0,9304;0,9987;0,103;0,176;0,2396;0,0459;0,4896;0,5179

Generacija 1, Fitness 0,0001771606, Gen ;0,8791;0,4847;0,1559;0,9194;0,1683;0,6215;0,5155;0,3852;0,3942;0,1844;0,7435;0,3324;0,7875;0,9868;0,2529;0,2812;0,6837;0,0609;0,3144;0,8805;0,6451

Generacija 1, Fitness 0,0001523227, Gen ;0,273;0,5829;0,5751;0,1073;0,209;0,5724;0,8183;0,0237;0,1208;0,3127;0,9245;0,0688;0,9324;0,5846;0,1325;0,0224;0,0961;0,6562;0,2398;0,782;0,3063

Generacija 1, Fitness 0,0001719775, Gen ;0,5584;0,7571;0,3064;0,3794;0,6204;0,083;0,4239;0,5359;0,1133;0,795;0,0525;0,0453;0,2427;0,7279;0,9264;0,658;0,0547;0,781;0,2655;0,7664;0,2353

Generacija 1, Fitness 0,0001330349, Gen ;0,9908;0,1154;0,17;0,4447;0,5003;0,161;0,8022;0,8301;0,1196;0,6109;0,0452;0,8334;0,402;0,0358;0,718;0,8365;0,3274;0,5449;0,0686;0,4957;0,8754

Generacija 1, Fitness 0,0001157155, Gen ;0,3933;0,4865;0,4826;0,2307;0,7529;0,8648;0,8666;0,5215;0,5966;0,0418;0,87;0,7568;0,4584;0,4843;0,701;0,8173;0,2129;0,3806;0,5682;0,7828;0,1621

Generacija 1, Fitness 0,0001550986, Gen ;0,2889;0,4058;0,537;0,3732;0,9225;0,7369;0,0556;0,2092;0,0387;0,1481;0,2505;0,4327;0,4146;0,6766;0,0809;0,4093;0,567;0,4594;0,8115;0,2548;0,6918

Generacija 1, Fitness 0,0001622487, Gen ;0,8369;0,5328;0,9689;0,9992;0,4521;0,7997;0,353;0,9826;0,6964;0,5833;0,5687;0,5587;0,8705;0,2696;0,5209;0,9577;0,996;0,3764;0,4612;0,5732;0,5955

Generacija 1, Fitness 0,0001709087, Gen ;0,4046;0,5548;0,3107;0,7877;0,9549;0,9081;0,9517;0,44;0,4384;0,1121;0,8734;0,7545;0,4232;0,6682;0,2696;0,2936;0,7647;0,006;0,7328;0,1336;0,5647

Generacija 1, Fitness 0,0001365561, Gen ;0,1817;0,5396;0,95;0,9308;0,4084;0,1191;0,6837;0,4677;0,9082;0,0366;0,0938;0,8485;0,8881;0,8178;0,9893;0,9612;0,0924;0,4057;0,2241;0,8381;0,4123
,112
Generacija 1, Fitness 0,0001710101, Gen ;0,7432;0,5392;0,5979;0,1349;0,3504;0,7179;0,269;0,3505;0,4486;0,0615;0,9092;0,547;0,2534;0,3008;0,004;0,2689;0,2537;0,8572;0,1184;0,8418;0,7341

Generacija 1, Fitness 0,0001765082, Gen ;0,5916;0,416;0,4694;0,3055;0,6477;0,6148;0,6482;0,0307;0,9337;0,0381;0,3842;0,3235;0,039;0,9273;0,2333;0,2867;0,69;0,2978;0,9024;0,1963;0,9704

Generacija 1, Fitness 0,0002805076, Gen ;0,1784;0,3389;0,2098;0,6093;0,3222;0,0666;0,7885;0,6442;0,719;0,4678;0,2568;0,8569;0,2524;0,3587;0,8854;0,1629;0,8076;0,9469;0,9891;0,1901;0,1004
,124,124,124,125,125,125,125,125,126,126,127,128,129,129,130,131,131,133,133,134,134,134,134,135,144,151,153
Generacija 1, Fitness 0,0001450443, Gen ;0,2159;0,8147;0,9502;0,3255;0,8532;0,601;0,2024;0,3716;0,9951;0,0054;0,188;0,1988;0,6403;0,8364;0,5902;0,2507;0,4752;0,6562;0,4973;0,8437;0,3748

Generacija 1, Fitness 0,1325021, Gen ;0,54;0,031;0,2484;0,9059;0,362;0,0592;0,2193;0,2682;0,8962;0,6371;0,6342;0,7746;0,7558;0,0763;0,8912;0,6517;0,6155;0,9601;0,5761;0,4527;0,9647
,209,209,209,210,210,210,210,210,210,210,210,210,211,211,211,211,211,211,211,211,211,211,211,211,211,211,211,211,211,211,211,211,211,211,211,211,211,211,211,212,212,212,212,212,212,212,212,212,212,212,212,212,212,212,212,212,212,213,213,213,213,213,213,213,213,213,213,213,213,213,213,213,213,213,213,213,214,214,214,214,214,214,214,214,214,215,215,215,215,215,216,216,216,216,216,217,218,218,218,219
Generacija 1, Fitness 0,0001700139, Gen ;0,03;0,1801;0,7584;0,6225;0,5403;0,0248;0,6657;0,319;0,8425;0,367;0,0977;0,6269;0,7116;0,9921;0,9696;0,5613;0,1462;0,6393;0,9673;0,4808;0,1364
,160,169,170,170,170,171,171,171,171,171,171,171,171,171,171,171,172,172,172,172,172,172,173,173,173,173,174,174,175,175,185
Generacija 1, Fitness 0,0001699993, Gen ;0,3658;0,8241;0,5404;0,5322;0,5713;0,3508;0,542;0,2564;0,0804;0,7913;0,122;0,2003;0,4561;0,1667;0,1393;0,8477;0,7368;0,9555;0,1419;0,6228;0,4612

Generacija 1, Fitness 0,0001572574, Gen ;0,8053;0,7341;0,9365;0,5599;0,0238;0,7543;0,8887;0,3873;0,818;0,7932;0,5684;0,9903;0,9998;0,239;0,6294;0,8662;0,0996;0,4222;0,0034;0,1858;0,851

Generacija 2, Fitness 0,0001628291, Gen ;0,732;0,6161;0,3064;0,7934;0,7252;0,8271;0,4239;0,7943;0,1133;0,4847;0,0525;0,0453;0,2427;0,21;0,6655;0,658;0,0547;0,1072;0,6514;0,7664;0,2353

Generacija 2, Fitness 0,0002980158, Gen ;0,54;0,031;0,2484;0,9059;0,8391;0,0592;0,0834;0,2682;0,8962;0,6371;0,6342;0,7746;0,3748;0,0763;0,8912;0,6517;0,6155;0,3787;0,5761;0,486;0,5194

Generacija 2, Fitness 0,0001866376, Gen ;0,2932;0,031;0,2484;0,9059;0,8391;0,0592;0,2193;0,2682;0,5814;0,6371;0,6342;0,7671;0,3748;0,0763;0,8912;0,2507;0,0732;0,3787;0,6896;0,486;0,9647

Generacija 2, Fitness 0,0001484012, Gen ;0,4046;0,5548;0,3107;0,7877;0,9549;0,9081;0,9517;0,7249;0,4384;0,1639;0,1353;0,619;0,2188;0,6682;0,2696;0,4733;0,6131;0,006;0,2306;0,1336;0,5647

Generacija 2, Fitness 0,0001851461, Gen ;0,1909;0,8486;0,0901;0,3794;0,6204;0,083;0,4239;0,5359;0,6676;0,795;0,9378;0,0541;0,1993;0,7279;0,9714;0,658;0,0547;0,0806;0,4669;0,9898;0,3557

Generacija 2, Fitness 0,0001215515, Gen ;0,7107;0,1488;0,7358;0,0005;0,3333;0,9253;0,7381;0,5806;0,0112;0,9277;0,9578;0,4282;0,8709;0,2208;0,9349;0,378;0,6701;0,5004;0,2711;0,8007;0,0467

Generacija 2, Fitness 0,0001437865, Gen ;0,8053;0,0069;0,7358;0,8797;0,0238;0,7543;0,7381;0,5806;0,818;0,0528;0,3708;0,9903;0,9998;0,239;0,9349;0,378;0,7879;0,4222;0,0034;0,9239;0,851

Generacija 2, Fitness 0,0002687127, Gen ;0,6652;0,0591;0,888;0,3436;0,6156;0,0148;0,5662;0,4887;0,4258;0,4077;0,3085;0,3744;0,0875;0,9915;0,6435;0,4579;0,8676;0,3186;0,6357;0,4782;0,7763

Generacija 2, Fitness 0,0002315734, Gen ;0,7107;0,1488;0,537;0,0005;0,9225;0,7418;0,0556;0,2092;0,0387;0,9277;0,9578;0,4327;0,4146;0,6766;0,4575;0,4093;0,6701;0,4594;0,696;0,2548;0,6459
,138,176
Generacija 2, Fitness 0,0001684305, Gen ;0,2932;0,566;0,0962;0,9194;0,8391;0,9037;0,5155;0,3852;0,3942;0,1844;0,7435;0,7671;0,3748;0,9868;0,2529;0,2812;0,0732;0,0609;0,6896;0,486;0,6451

Generacija 2, Fitness 0,0001545031, Gen ;0,3731;0,8798;0,293;0,6596;0,909;0,7845;0,2193;0,0628;0,8704;0,6956;0,9987;0,3794;0,8831;0,3101;0,8912;0,6517;0,2301;0,0527;0,2803;0,4527;0,4696

Generacija 2, Fitness 0,0002804626, Gen ;0,5309;0,3879;0,8031;0,7478;0,0956;0,2097;0,0823;0,3443;0,6931;0,7413;0,1353;0,619;0,2188;0,9304;0,9894;0,4733;0,6131;0,2396;0,2306;0,4764;0,6892

Generacija 2, Fitness 0,0001878229, Gen ;0,5677;0,6007;0,5471;0,5102;0,1662;0,8271;0,1473;0,7943;0,3087;0,6853;0,0308;0,0529;0,978;0,5591;0,3117;0,3429;0,7834;0,4962;0,255;0,2005;0,2248

Generacija 2, Fitness 0,0001556791, Gen ;0,03;0,969;0,7584;0,2358;0,5403;0,8928;0,6657;0,319;0,8425;0,2636;0,0977;0,5806;0,7116;0,9921;0,2914;0,5613;0,1462;0,4497;0,9673;0,4808;0,746

Generacija 2, Fitness 0,0002073731, Gen ;0,1784;0,3389;0,888;0,6093;0,3222;0,5102;0,6055;0,6442;0,719;0,4678;0,2568;0,8569;0,0875;0,3587;0,8854;0,1629;0,8076;0,3186;0,9891;0,5546;0,6817

Generacija 2, Fitness 0,0002455344, Gen ;0,7686;0,566;0,0962;0,1375;0,8391;0,5102;0,6055;0,4887;0,4258;0,4077;0,6715;0,7671;0,3748;0,0362;0,4854;0,2507;0,0732;0,3186;0,6896;0,5546;0,6817

Generacija 2, Fitness 0,0002932068, Gen ;0,9927;0,566;0,0962;0,0851;0,226;0,6135;0,0834;0,6429;0,036;0,5565;0,6715;0,5816;0,3748;0,2023;0,1612;0,2507;0,7462;0,3771;0,6896;0,486;0,5194
,159
Generacija 2, Fitness 0,0001673611, Gen ;0,1909;0,8798;0,0901;0,6596;0,3459;0,7845;0,8273;0,0689;0,8704;0,0759;0,9378;0,3794;0,8831;0,3101;0,2102;0,9915;0,2301;0,0527;0,2803;0,9898;0,3557

Generacija 2, Fitness 0,0001285732, Gen ;0,1784;0,3389;0,0962;0,6093;0,3222;0,0666;0,7885;0,6442;0,719;0,3753;0,6715;0,8569;0,3748;0,3587;0,4682;0,2507;0,0732;0,3787;0,9891;0,1901;0,1004

Generacija 2, Fitness 0,0001524837, Gen ;0,2932;0,9747;0,0962;0,4012;0,9172;0,7761;0,2063;0,1533;0,0409;0,3753;0,618;0,7671;0,3748;0,0362;0,2314;0,2507;0,0732;0,3787;0,6896;0,2832;0,1729

Generacija 2, Fitness 0,0001874648, Gen ;0,9927;0,8634;0,3064;0,3794;0,226;0,6135;0,6516;0,9348;0,1133;0,5565;0,1177;0,0453;0,2427;0,2023;0,1612;0,658;0,0547;0,3771;0,6716;0,2251;0,2353

Generacija 2, Fitness 0,0002552551, Gen ;0,7107;0,6161;0,951;0,7934;0,3333;0,8271;0,4261;0,7943;0,3087;0,9277;0,9578;0,1634;0,9485;0,21;0,6655;0,8527;0,6701;0,1072;0,6514;0,5084;0,9227

Generacija 2, Fitness 0,0002231301, Gen ;0,732;0,6161;0,5471;0,1375;0,8391;0,8271;0,7497;0,6429;0,5814;0,4847;0,6715;0,7671;0,2667;0,0362;0,6655;0,2507;0,6038;0,1072;0,6896;0,486;0,9227

Generacija 2, Fitness 0,0001942137, Gen ;0,4281;0,0069;0,7358;0,3732;0,9059;0,9253;0,7381;0,2092;0,0112;0,0528;0,2505;0,4327;0,8709;0,0265;0,0809;0,378;0,567;0,4594;0,2711;0,9239;0,6918

Generacija 2, Fitness 0,000167787, Gen ;0,2932;0,566;0,0962;0,6225;0,5403;0,9037;0,0834;0,319;0,5814;0,367;0,0977;0,7671;0,7116;0,0362;0,4682;0,5613;0,1462;0,6393;0,6896;0,486;0,1364

Generacija 2, Fitness 0,0001744669, Gen ;0,277;0,1488;0,951;0,0005;0,3333;0,7418;0,4261;0,2397;0,593;0,8753;0,9578;0,4369;0,1459;0,2208;0,9049;0,3037;0,3806;0,7578;0,235;0,5033;0,6459

Generacija 2, Fitness 0,0001712319, Gen ;0,5677;0,6007;0,951;0,0005;0,1662;0,7418;0,1473;0,4624;0,8406;0,6853;0,9578;0,0529;0,9485;0,2208;0,4575;0,1195;0,6701;0,4962;0,255;0,8007;0,2248

Generacija 2, Fitness 0,0002344084, Gen ;0,7107;0,1488;0,951;0,4378;0,2749;0,6016;0,4115;0,2397;0,2344;0,6394;0,8158;0,1634;0,9485;0,2208;0,7668;0,4828;0,9404;0,7578;0,696;0,7059;0,5652

Generacija 2, Fitness 0,0001714127, Gen ;0,8522;0,7405;0,9689;0,9664;0,1774;0,8771;0,353;0,9826;0,6964;0,7706;0,5687;0,5587;0,8368;0,2078;0,7614;0,7823;0,996;0,3764;0,3179;0,2585;0,376

Generacija 2, Fitness 0,0001566282, Gen ;0,5677;0,6161;0,5471;0,5102;0,1662;0,709;0,1473;0,4624;0,8406;0,6853;0,0308;0,1102;0,978;0,5591;0,6655;0,1195;0,7834;0,4962;0,6514;0,2005;0,9227

Generacija 2, Fitness 0,0001792103, Gen ;0,7686;0,5328;0,9689;0,9992;0,3749;0,5102;0,353;0,4887;0,4258;0,5833;0,5687;0,5587;0,8705;0,2696;0,4854;0,9577;0,996;0,3186;0,4612;0,5732;0,6817

Generacija 2, Fitness 0,0001595602, Gen ;0,1909;0,566;0,0901;0,741;0,8391;0,9037;0,0834;0,0689;0,5814;0,3753;0,6715;0,7671;0,1993;0,5315;0,9714;0,9915;0,4881;0,0806;0,6896;0,9898;0,5194
,103
Generacija 2, Fitness 0,0003159086, Gen ;0,732;0,6161;0,0962;0,1375;0,7252;0,9037;0,0834;0,7943;0,3087;0,3753;0,6715;0,1102;0,2667;0,0362;0,6655;0,3429;0,0732;0,3787;0,6896;0,486;0,9227
,161,161,162,162,162,163,164,164,164,239
Generacija 2, Fitness 0,0001533579, Gen ;0,7028;0,9521;0,2573;0,4012;0,1471;0,1734;0,3231;0,4487;0,2125;0,5859;0,6431;0,0349;0,4677;0,5284;0,8668;0,8969;0,8555;0,2331;0,9208;0,3274;0,0242

Generacija 2, Fitness 0,0001578082, Gen ;0,8959;0,9521;0,5471;0,7934;0,4009;0,6001;0,7497;0,7943;0,3087;0,4847;0,4715;0,1102;0,5048;0,5394;0,6655;0,8969;0,8555;0,1293;0,6514;0,5084;0,9227

Generacija 2, Fitness 0,0002260692, Gen ;0,732;0,6161;0,5471;0,7934;0,7252;0,8271;0,6055;0,7943;0,3087;0,4847;0,3962;0,1102;0,0875;0,21;0,6655;0,3429;0,6038;0,3186;0,6514;0,5084;0,9227

Generacija 2, Fitness 0,000155788, Gen ;0,54;0,7405;0,2484;0,9664;0,1774;0,0592;0,0169;0,2682;0,019;0,6371;0,6342;0,7969;0,7558;0,2078;0,8912;0,6517;0,6155;0,1079;0,3179;0,2585;0,376

Generacija 2, Fitness 0,0002298179, Gen ;0,2856;0,3735;0,7584;0,6225;0,5403;0,7286;0,0823;0,3443;0,4362;0,7413;0,2802;0,6269;0,7116;0,9304;0,9987;0,5613;0,1462;0,6393;0,0459;0,4808;0,5179
,202,204,204
Generacija 2, Fitness 8,654411E-05, Gen ;0,54;0,031;0,293;0,9059;0,362;0,0592;0,8273;0,0628;0,8704;0,6956;0,9987;0,7746;0,7558;0,3101;0,8912;0,8049;0,2301;0,9601;0,2803;0,4527;0,4696
,153,153,153,153,153,153,153,154,154,154,154,154,154,154,154,154,154,154,154,154,155,155,155,155,155,155,155,155,155,155,156,156,156,156,156,156,156,157,157,157,158,159,159,160,173,175,176,176,176,176,176,176,176,176,176,177,177,177,177,177,177,177,177,177,177,177,177,177,178,178,178,178,178,178,178,178,178,178,178,179,179,179,179,179,179,179,179,179,179,179,179,180,180,180,180,180,181,182,182
Generacija 2, Fitness 0,0003021309, Gen ;0,54;0,031;0,2484;0,9059;0,8391;0,0592;0,2193;0,2682;0,8962;0,6371;0,6342;0,7746;0,3748;0,0763;0,8912;0,2507;0,6155;0,3787;0,5761;0,486;0,9647

Generacija 2, Fitness 0,0001508516, Gen ;0,4186;0,9065;0,5383;0,0011;0,2749;0,512;0,8557;0,6774;0,2344;0,8753;0,8158;0,4369;0,1459;0,7013;0,9049;0,3037;0,9404;0,5709;0,0536;0,7059;0,5652

Generacija 2, Fitness 0,0003215701, Gen ;0,1784;0,3389;0,2098;0,6093;0,5859;0,2097;0,7885;0,6442;0,719;0,1639;0,2568;0,8569;0,2188;0,8782;0,8854;0,4733;0,6131;0,4122;0,9891;0,1901;0,6892

Generacija 2, Fitness 0,0001644534, Gen ;0,7107;0,5548;0,3107;0,0005;0,9549;0,7418;0,9517;0,44;0,593;0,9277;0,9578;0,1634;0,4232;0,6682;0,4575;0,8527;0,7647;0,006;0,7328;0,1336;0,5647

Generacija 2, Fitness 0,000240886, Gen ;0,4281;0,4847;0,1559;0,9194;0,1683;0,6215;0,5155;0,3852;0,0112;0,1844;0,7435;0,4282;0,7875;0,9868;0,2529;0,378;0,7879;0,0609;0,2711;0,9239;0,0467

Generacija 2, Fitness 0,0001918701, Gen ;0,7686;0,6007;0,8833;0,5102;0,3749;0,5102;0,6055;0,4887;0,8406;0,6853;0,3085;0,0529;0,978;0,628;0,4854;0,1195;0,7307;0,3186;0,1966;0,5546;0,6817

Generacija 2, Fitness 0,0001668384, Gen ;0,2932;0,6021;0,0962;0,511;0,1934;0,9037;0,0834;0,4313;0,5814;0,146;0,7092;0,2236;0,2909;0,4661;0,4682;0,9946;0,4179;0,9851;0,6896;0,811;0,8913

Generacija 2, Fitness 0,0002293156, Gen ;0,5916;0,416;0,4694;0,3055;0,6477;0,6148;0,6657;0,319;0,9337;0,0381;0,0977;0,3235;0,039;0,9921;0,9696;0,2867;0,1462;0,2978;0,9673;0,1963;0,9704
,177
Generacija 2, Fitness 0,0001538926, Gen ;0,8053;0,9182;0,9365;0,3436;0,6156;0,0148;0,8887;0,3873;0,3586;0,7932;0,112;0,9903;0,7246;0,9915;0,6435;0,4579;0,8676;0,4222;0,6357;0,1858;0,851

Generacija 2, Fitness 0,0003886355, Gen ;0,1784;0,3389;0,5404;0,5322;0,3222;0,0666;0,7885;0,2564;0,719;0,4678;0,2568;0,2003;0,2524;0,3587;0,8854;0,8477;0,8076;0,9555;0,1419;0,1901;0,4612

Generacija 2, Fitness 0,0001230379, Gen ;0,277;0,031;0,2484;0,9059;0,362;0,512;0,2193;0,6774;0,8962;0,8753;0,4928;0,7746;0,7558;0,7074;0,9049;0,6517;0,3806;0,5709;0,235;0,4527;0,9647

Generacija 3, Fitness 0,0002774615, Gen ;0,1784;0,3389;0,2098;0,6093;0,5859;0,2097;0,6657;0,319;0,719;0,1639;0,0977;0,8569;0,039;0,9921;0,9696;0,4733;0,6131;0,2978;0,9891;0,1901;0,6892
,174,174,174,174,174,174,174,174,174,174,174,174,174,174,174,174,174,175,175,175,175,175,175,175,175,175,175,175,175,175,175,175,175,175,175,175,175,175,176,176,176,176,176,176,176,176,176,176,176,177,177,177,177,177,177,178,178,178,179
Generacija 3, Fitness 0,0001630473, Gen ;0,1784;0,3389;0,0962;0,6093;0,8391;0,5102;0,7885;0,4887;0,719;0,1639;0,6715;0,8569;0,3748;0,8782;0,8854;0,2507;0,6131;0,3186;0,6896;0,1901;0,6817
,164
Generacija 3, Fitness 0,0001587622, Gen ;0,03;0,5328;0,7584;0,9992;0,5403;0,5102;0,353;0,319;0,4258;0,2636;0,5687;0,5806;0,8705;0,2696;0,2914;0,5613;0,1462;0,3186;0,9673;0,4808;0,6817

Generacija 3, Fitness 0,0001861254, Gen ;0,5309;0,6007;0,8031;0,5102;0,0956;0,2097;0,0823;0,4887;0,8406;0,6853;0,1353;0,619;0,978;0,628;0,9894;0,4733;0,7307;0,2396;0,1966;0,4764;0,6817

Generacija 3, Fitness 0,0002323389, Gen ;0,6652;0,3879;0,888;0,3436;0,6156;0,2097;0,0823;0,3443;0,4258;0,4077;0,3085;0,619;0,2188;0,9304;0,9894;0,4733;0,6131;0,2396;0,2306;0,4782;0,6892

Generacija 3, Fitness 0,0002196716, Gen ;0,7107;0,416;0,537;0,0005;0,9225;0,7418;0,6657;0,2092;0,9337;0,0381;0,9578;0,3235;0,039;0,6766;0,9696;0,4093;0,1462;0,4594;0,9673;0,1963;0,9704

Generacija 3, Fitness 0,0002965681, Gen ;0,1784;0,3389;0,888;0,6093;0,3222;0,7286;0,6055;0,3443;0,719;0,7413;0,2568;0,8569;0,7116;0,9304;0,8854;0,1629;0,1462;0,6393;0,0459;0,4808;0,5179

Generacija 3, Fitness 6,085596, Gen ;0,54;0,031;0,2484;0,9992;0,8391;0,5102;0,2193;0,2682;0,4258;0,5833;0,6342;0,7746;0,3748;0,0763;0,4854;0,2507;0,6155;0,3787;0,5761;0,486;0,9647
,152,152,152,152,152,152,152,152,152,152,152,152,152,152,152,153,153,153,153,153,153,153,153,153,153,153,153,153,153,153,153,153,153,153,153,153,153,153,153,153,153,153,153,153,153,153,153,153,153,153,154,154,154,154,154,154,154,154,154,154,154,154,154,154,154,154,154,154,154,154,154,154,154,154,154,154,154,154,154,154,155,155,155,155,155,155,155,155,155,155,155,155,155,155,155,156,156,156,156,157
Generacija 3, Fitness 0,000167778, Gen ;0,5677;0,6161;0,888;0,6093;0,1662;0,709;0,6055;0,4624;0,719;0,6853;0,0308;0,1102;0,0875;0,3587;0,6655;0,1195;0,7834;0,3186;0,6514;0,5546;0,9227

Generacija 3, Fitness 0,0001557621, Gen ;0,54;0,1488;0,951;0,9059;0,8391;0,7418;0,4261;0,2397;0,593;0,8753;0,9578;0,4369;0,1459;0,0763;0,9049;0,3037;0,6155;0,3787;0,235;0,486;0,5194

Generacija 3, Fitness 0,0002624285, Gen ;0,5677;0,6007;0,0962;0,5102;0,1662;0,9037;0,1473;0,7943;0,3087;0,3753;0,0308;0,1102;0,2667;0,5591;0,6655;0,3429;0,0732;0,3787;0,6896;0,486;0,2248

Generacija 3, Fitness 0,000138812, Gen ;0,4281;0,4847;0,1559;0,3732;0,9059;0,9253;0,5155;0,2092;0,0112;0,0528;0,7435;0,4327;0,8709;0,9868;0,0809;0,378;0,7879;0,4594;0,2711;0,9239;0,6918

Generacija 3, Fitness 0,0001371513, Gen ;0,5677;0,3389;0,5471;0,5102;0,3222;0,8271;0,7885;0,7943;0,719;0,4678;0,0308;0,0529;0,2524;0,3587;0,3117;0,3429;0,7834;0,4962;0,1419;0,2005;0,2248

Generacija 3, Fitness 0,0002363651, Gen ;0,1784;0,3389;0,888;0,6093;0,5859;0,2097;0,6055;0,6442;0,719;0,1639;0,2568;0,8569;0,2188;0,8782;0,8854;0,1629;0,8076;0,4122;0,9891;0,1901;0,6892

Generacija 3, Fitness 0,000226169, Gen ;0,1784;0,3389;0,2098;0,6093;0,5859;0,2097;0,2193;0,2682;0,5814;0,6371;0,6342;0,7671;0,3748;0,8782;0,8854;0,2507;0,6131;0,4122;0,9891;0,1901;0,9647

Generacija 3, Fitness 0,0001858419, Gen ;0,1784;0,3389;0,5404;0,5322;0,2749;0,6016;0,7885;0,2397;0,719;0,4678;0,2568;0,1634;0,2524;0,3587;0,7668;0,4828;0,8076;0,7578;0,696;0,1901;0,5652
,165,198,200,201,202,202,202,202,202,202,202,202,202,203,203,203,203,203,203,203,203,203,203,203,203,203,203,203,203,203,203,203,203,203,203,203,203,203,203,204,204,204,204,204,204,204,204,204,204,204,204,204,204,204,204,204,204,204,205,205,205,205,205,205,205,205,205,205,205,205,205,205,205,205,205,205,205,205,205,205,206,206,206,206,206,206,206,207,207,207,207,208,208,209,209,210,216
Generacija 3, Fitness 0,0002619016, Gen ;0,4281;0,4847;0,1559;0,9194;0,226;0,6135;0,0834;0,3852;0,036;0,5565;0,7435;0,5816;0,7875;0,2023;0,2529;0,2507;0,7879;0,0609;0,2711;0,9239;0,5194

Generacija 3, Fitness 0,0001639475, Gen ;0,7028;0,031;0,2484;0,9059;0,8391;0,0592;0,3231;0,4487;0,2125;0,6371;0,6431;0,0349;0,3748;0,0763;0,8668;0,8969;0,6155;0,2331;0,9208;0,3274;0,9647
,228
Generacija 3, Fitness 0,0001616644, Gen ;0,1784;0,4847;0,5404;0,5322;0,1683;0,0666;0,5155;0,3852;0,0112;0,1844;0,2568;0,2003;0,2524;0,3587;0,8854;0,378;0,8076;0,9555;0,2711;0,1901;0,0467

Generacija 3, Fitness 0,0003490552, Gen ;0,2932;0,3879;0,8031;0,9194;0,0956;0,2097;0,0823;0,3852;0,6931;0,1844;0,1353;0,619;0,3748;0,9868;0,9894;0,4733;0,0732;0,2396;0,2306;0,4764;0,6892

Generacija 3, Fitness 0,0001590577, Gen ;0,4281;0,7405;0,1559;0,9194;0,1683;0,8771;0,5155;0,3852;0,6964;0,1844;0,7435;0,4282;0,7875;0,2078;0,7614;0,7823;0,996;0,0609;0,3179;0,2585;0,0467

Generacija 3, Fitness 0,0003012153, Gen ;0,732;0,6161;0,1559;0,9194;0,7252;0,8271;0,4239;0,7943;0,1133;0,4847;0,0525;0,0453;0,2427;0,9868;0,6655;0,378;0,0547;0,1072;0,2711;0,7664;0,0467

Generacija 3, Fitness 0,0001534133, Gen ;0,1784;0,1488;0,2098;0,6093;0,9225;0,7418;0,0556;0,6442;0,719;0,1639;0,9578;0,8569;0,4146;0,6766;0,4575;0,4093;0,6701;0,4594;0,696;0,1901;0,6459

Generacija 3, Fitness 0,0001393733, Gen ;0,4281;0,0069;0,0962;0,6225;0,5403;0,9253;0,7381;0,319;0,0112;0,367;0,2505;0,4327;0,8709;0,0265;0,0809;0,5613;0,1462;0,6393;0,6896;0,486;0,1364

Generacija 3, Fitness 0,0002139626, Gen ;0,54;0,3879;0,2484;0,9059;0,0956;0,0592;0,0823;0,3443;0,6931;0,6371;0,6342;0,619;0,2188;0,9304;0,8912;0,4733;0,6131;0,2396;0,5761;0,486;0,6892
,208
Generacija 3, Fitness 0,0004389547, Gen ;0,5309;0,3735;0,8031;0,6225;0,0956;0,2097;0,0823;0,3443;0,4362;0,7413;0,2802;0,619;0,2188;0,9304;0,9894;0,5613;0,6131;0,6393;0,0459;0,4764;0,5179
,187,190,220,221,221,221,221,221,221,222,222,222,223,223,223,223,223,223,223,224,228,228,229,236,236,236,239,239
Generacija 3, Fitness 0,0002800333, Gen ;0,732;0,6161;0,5471;0,1375;0,7252;0,9037;0,6055;0,7943;0,3087;0,4847;0,3962;0,1102;0,0875;0,21;0,6655;0,3429;0,0732;0,3787;0,6514;0,5084;0,9227

Generacija 3, Fitness 0,0001145264, Gen ;0,54;0,031;0,2484;0,3055;0,6477;0,6148;0,2193;0,319;0,8962;0,6371;0,6342;0,7746;0,039;0,9921;0,8912;0,2867;0,1462;0,3787;0,5761;0,486;0,9647
,88,88,89,89,89,89,89,89,89,89,89,89,89,89,89,90,90,90,90,90,90,90,90,90,90,90,90,90,91,91,91,91,91,92,92
Generacija 3, Fitness 0,0002989546, Gen ;0,5916;0,1488;0,4694;0,3055;0,9225;0,7418;0,6657;0,319;0,9337;0,9277;0,9578;0,4327;0,4146;0,9921;0,9696;0,2867;0,6701;0,4594;0,696;0,2548;0,9704
,192,192,193,193,193,193,194,194,194,194,194,194,195,195,195,195,196,197,197,199,204,204,204,204,205,205,205,205,205,205,205,205,205,205,206,206,206,206,206,206,208
Generacija 3, Fitness 0,0001660678, Gen ;0,7107;0,566;0,951;0,1375;0,8391;0,5102;0,4261;0,4887;0,4258;0,9277;0,9578;0,7671;0,3748;0,21;0,4854;0,8527;0,0732;0,1072;0,6896;0,5084;0,6817

Generacija 3, Fitness 0,0001657103, Gen ;0,2856;0,566;0,0962;0,9194;0,5403;0,7286;0,5155;0,3443;0,4362;0,7413;0,2802;0,7671;0,3748;0,9304;0,9987;0,5613;0,1462;0,0609;0,0459;0,4808;0,5179

Generacija 3, Fitness 0,0001709292, Gen ;0,54;0,566;0,0962;0,0851;0,8391;0,0592;0,0834;0,2682;0,036;0,6371;0,6342;0,5816;0,3748;0,2023;0,1612;0,2507;0,6155;0,3787;0,6896;0,486;0,5194
,99
Generacija 3, Fitness 0,0001540552, Gen ;0,732;0,6161;0,5471;0,7934;0,7252;0,8271;0,4115;0,2397;0,3087;0,6394;0,8158;0,1102;0,0875;0,21;0,7668;0,4828;0,6038;0,7578;0,696;0,5084;0,5652

Generacija 3, Fitness 0,0002037143, Gen ;0,732;0,6161;0,0962;0,1375;0,8391;0,0592;0,0834;0,2682;0,3087;0,3753;0,6715;0,7746;0,3748;0,0362;0,6655;0,2507;0,0732;0,3787;0,6896;0,486;0,9227

Generacija 3, Fitness 0,0003256558, Gen ;0,5916;0,031;0,4694;0,3055;0,6477;0,0592;0,2193;0,2682;0,5814;0,6371;0,6342;0,3235;0,039;0,9921;0,8912;0,2507;0,1462;0,2978;0,6896;0,1963;0,9704
,148,160,163,171,210,221,224,226,227
Generacija 3, Fitness 0,000207652, Gen ;0,54;0,566;0,0962;0,9059;0,8391;0,0592;0,0834;0,2682;0,4258;0,6371;0,6715;0,7671;0,3748;0,0362;0,4854;0,2507;0,0732;0,3186;0,5761;0,5546;0,6817

Generacija 3, Fitness 0,0001825347, Gen ;0,2932;0,031;0,2484;0,9059;0,8391;0,0592;0,0834;0,2682;0,5814;0,6371;0,6342;0,7746;0,3748;0,0763;0,8912;0,6517;0,0732;0,3787;0,5761;0,486;0,5194

Generacija 3, Fitness 0,0002331939, Gen ;0,7107;0,1488;0,951;0,4378;0,2749;0,6016;0,4115;0,6442;0,2344;0,4678;0,8158;0,8569;0,0875;0,3587;0,8854;0,1629;0,8076;0,7578;0,9891;0,7059;0,5652

Generacija 3, Fitness 0,0001471735, Gen ;0,6652;0,0591;0,888;0,1375;0,6156;0,5102;0,6055;0,4887;0,4258;0,4077;0,6715;0,3744;0,3748;0,9915;0,6435;0,2507;0,0732;0,3186;0,6896;0,5546;0,6817

Generacija 3, Fitness 0,0001440983, Gen ;0,1909;0,8486;0,8031;0,7478;0,0956;0,083;0,0823;0,3443;0,6676;0,7413;0,1353;0,619;0,2188;0,7279;0,9894;0,658;0,0547;0,0806;0,4669;0,9898;0,3557

Generacija 3, Fitness 0,0001350331, Gen ;0,7107;0,6161;0,951;0,1375;0,8391;0,8271;0,7497;0,6429;0,3087;0,9277;0,9578;0,7671;0,9485;0,0362;0,6655;0,8527;0,6038;0,1072;0,6514;0,5084;0,9227
,108,208
Generacija 3, Fitness 0,0003919943, Gen ;0,5916;0,416;0,4694;0,3055;0,226;0,6135;0,6657;0,6429;0,9337;0,5565;0,6715;0,5816;0,3748;0,9921;0,1612;0,2867;0,7462;0,3771;0,9673;0,486;0,9704

Generacija 3, Fitness 0,0001593622, Gen ;0,9927;0,8634;0,3064;0,3794;0,8391;0,6135;0,0834;0,9348;0,8962;0,5565;0,6342;0,7746;0,2427;0,2023;0,1612;0,6517;0,0547;0,3771;0,6716;0,486;0,2353

Generacija 3, Fitness 0,0001729564, Gen ;0,732;0,6161;0,2484;0,9059;0,7252;0,0592;0,2193;0,7943;0,8962;0,6371;0,3962;0,7746;0,0875;0,21;0,6655;0,3429;0,6155;0,3787;0,5761;0,486;0,9647

Generacija 3, Fitness 0,0002772298, Gen ;0,7107;0,3389;0,951;0,7934;0,3222;0,8271;0,4261;0,2564;0,3087;0,4678;0,2568;0,1634;0,9485;0,21;0,8854;0,8477;0,8076;0,9555;0,1419;0,1901;0,4612

Generacija 3, Fitness 0,0002725968, Gen ;0,5916;0,031;0,4694;0,3055;0,8391;0,6148;0,6657;0,2682;0,8962;0,0381;0,6342;0,7746;0,039;0,9921;0,8912;0,2867;0,6155;0,3787;0,5761;0,486;0,9647
,188,189,196
Generacija 3, Fitness 0,0001823048, Gen ;0,2856;0,3735;0,0962;0,9194;0,8391;0,9037;0,5155;0,3852;0,4362;0,1844;0,2802;0,7671;0,3748;0,9868;0,9987;0,2812;0,1462;0,0609;0,6896;0,4808;0,6451

Generacija 3, Fitness 0,000183703, Gen ;0,7686;0,6161;0,0962;0,1375;0,7252;0,5102;0,6055;0,4887;0,3087;0,4077;0,6715;0,1102;0,2667;0,0362;0,4854;0,2507;0,0732;0,3787;0,6896;0,5546;0,9227

Generacija 3, Fitness 0,0001805362, Gen ;0,54;0,566;0,2484;0,9059;0,8391;0,9037;0,0834;0,0689;0,8962;0,6371;0,6342;0,7671;0,3748;0,5315;0,9714;0,6517;0,6155;0,0806;0,5761;0,9898;0,5194

Generacija 3, Fitness 0,0003416436, Gen ;0,1784;0,031;0,2484;0,6093;0,5859;0,2097;0,2193;0,2682;0,5814;0,6371;0,6342;0,8569;0,2188;0,0763;0,8854;0,2507;0,0732;0,4122;0,9891;0,486;0,6892
,99,101,110,112,114,114,115,116,117,117,117,118,118,118,118,120,120,122,122,123,236
Generacija 4, Fitness 0,0001359488, Gen ;0,54;0,031;0,8031;0,9194;0,8391;0,5102;0,0823;0,3852;0,4258;0,1844;0,1353;0,619;0,3748;0,0763;0,4854;0,4733;0,6155;0,3787;0,2306;0,486;0,9647

Generacija 4, Fitness 0,000177005, Gen ;0,1784;0,3389;0,2098;0,6093;0,5859;0,2097;0,6657;0,6442;0,719;0,1639;0,0977;0,8569;0,039;0,9921;0,9696;0,4733;0,8076;0,4122;0,9891;0,1901;0,6892

Generacija 4, Fitness 0,0003132659, Gen ;0,1784;0,3389;0,4694;0,6093;0,5859;0,2097;0,2193;0,2682;0,5814;0,9277;0,9578;0,7671;0,3748;0,8782;0,8854;0,2507;0,6131;0,4122;0,9891;0,2548;0,9704

Generacija 4, Fitness 0,0003293703, Gen ;0,5309;0,3389;0,888;0,6093;0,5859;0,2097;0,0823;0,6442;0,719;0,1639;0,2802;0,8569;0,2188;0,9304;0,8854;0,5613;0,8076;0,4122;0,0459;0,1901;0,5179
,235
Generacija 4, Fitness 0,0003707716, Gen ;0,7107;0,3389;0,951;0,7934;0,3222;0,2097;0,4261;0,2564;0,3087;0,4678;0,2568;0,8569;0,2188;0,0763;0,8854;0,8477;0,8076;0,4122;0,9891;0,1901;0,4612

Generacija 4, Fitness 0,0003192887, Gen ;0,732;0,031;0,2484;0,9194;0,5859;0,8271;0,2193;0,2682;0,1133;0,4847;0,0525;0,8569;0,2188;0,9868;0,6655;0,2507;0,0547;0,4122;0,2711;0,7664;0,6892
,93,139,140,142
Generacija 4, Fitness 0,0001871352, Gen ;0,5916;0,416;0,4694;0,3055;0,9225;0,6135;0,6657;0,319;0,9337;0,9277;0,9578;0,4327;0,4146;0,9921;0,9696;0,2867;0,7462;0,3771;0,696;0,2548;0,9704

Generacija 4, Fitness 0,0001701647, Gen ;0,2932;0,6161;0,5471;0,9194;0,7252;0,9037;0,6055;0,3852;0,3087;0,4847;0,3962;0,1102;0,3748;0,21;0,9894;0,3429;0,0732;0,2396;0,6514;0,5084;0,6892

Generacija 4, Fitness 0,0001879113, Gen ;0,5309;0,3735;0,2098;0,6093;0,0956;0,2097;0,2193;0,2682;0,5814;0,6371;0,2802;0,7671;0,3748;0,8782;0,9894;0,5613;0,6131;0,6393;0,9891;0,4764;0,9647

Generacija 4, Fitness 0,0003354114, Gen ;0,1784;0,031;0,2484;0,6093;0,9225;0,2097;0,2193;0,2682;0,5814;0,6371;0,9578;0,8569;0,4146;0,0763;0,8854;0,2507;0,0732;0,4122;0,9891;0,486;0,9704

Generacija 4, Fitness 0,0005576418, Gen ;0,7107;0,3389;0,951;0,4378;0,3222;0,6016;0,4261;0,2564;0,3087;0,4678;0,2568;0,1634;0,0875;0,21;0,8854;0,1629;0,8076;0,9555;0,9891;0,1901;0,5652
,181,227,230,232,232,232,234,235,236,239,239
Generacija 4, Fitness 0,0002361242, Gen ;0,5916;0,031;0,4694;0,6093;0,3222;0,0592;0,2193;0,3443;0,5814;0,6371;0,6342;0,3235;0,039;0,9921;0,8912;0,2507;0,1462;0,2978;0,6896;0,1963;0,9704

Generacija 4, Fitness 0,0001671167, Gen ;0,732;0,6161;0,2098;0,6093;0,7252;0,9037;0,2193;0,2682;0,3087;0,4847;0,3962;0,7671;0,3748;0,21;0,6655;0,3429;0,0732;0,3787;0,6514;0,1901;0,9227

Generacija 4, Fitness 0,000244206, Gen ;0,5677;0,3879;0,888;0,9194;0,1662;0,2097;0,0823;0,4624;0,6931;0,1844;0,1353;0,619;0,3748;0,3587;0,9894;0,4733;0,0732;0,2396;0,2306;0,5546;0,6892

Generacija 4, Fitness 0,0001723417, Gen ;0,4281;0,4847;0,1559;0,3436;0,226;0,6135;0,0834;0,3852;0,4258;0,5565;0,3085;0,5816;0,7875;0,2023;0,9894;0,4733;0,6131;0,2396;0,2711;0,9239;0,5194

Generacija 4, Fitness 0,0001642198, Gen ;0,5677;0,6007;0,2484;0,9059;0,1662;0,0592;0,2193;0,7943;0,8962;0,3753;0,3962;0,1102;0,0875;0,21;0,6655;0,3429;0,0732;0,3787;0,5761;0,486;0,2248

Generacija 4, Fitness 0,0001041972, Gen ;0,5916;0,031;0,4694;0,3055;0,8391;0,6148;0,6657;0,2682;0,8962;0,0381;0,6342;0,7746;0,3748;0,0763;0,4854;0,2507;0,6155;0,3787;0,5761;0,486;0,9647

Generacija 4, Fitness 0,0001563765, Gen ;0,5916;0,6161;0,4694;0,9059;0,7252;0,0592;0,2193;0,2682;0,8962;0,6371;0,3962;0,7746;0,039;0,9921;0,6655;0,3429;0,6155;0,2978;0,6896;0,1963;0,9704

Generacija 4, Fitness 0,0001888573, Gen ;0,1784;0,031;0,8031;0,9194;0,0956;0,2097;0,2193;0,2682;0,5814;0,6371;0,1353;0,8569;0,3748;0,9868;0,9894;0,4733;0,0732;0,2396;0,9891;0,486;0,6892

Generacija 4, Fitness 0,0001680131, Gen ;0,5916;0,031;0,951;0,9059;0,8391;0,7418;0,4261;0,2397;0,593;0,6371;0,9578;0,3235;0,039;0,0763;0,8912;0,3037;0,6155;0,3787;0,235;0,486;0,9704

Generacija 4, Fitness 0,0002219876, Gen ;0,5916;0,3389;0,4694;0,6093;0,3222;0,6135;0,6657;0,6429;0,719;0,7413;0,6715;0,8569;0,7116;0,9304;0,8854;0,1629;0,1462;0,6393;0,9673;0,4808;0,9704

Generacija 4, Fitness 0,0005066704, Gen ;0,1784;0,3389;0,951;0,6093;0,3222;0,2097;0,4261;0,2682;0,5814;0,4678;0,6342;0,1634;0,2188;0,21;0,8854;0,2507;0,0732;0,9555;0,1419;0,486;0,6892

Generacija 4, Fitness 0,000204933, Gen ;0,54;0,031;0,2484;0,9992;0,5859;0,5102;0,2193;0,2682;0,5814;0,5833;0,6342;0,8569;0,3748;0,0763;0,4854;0,2507;0,6155;0,4122;0,5761;0,486;0,6892
,107,112,112,113,113,113,113,114,115,115,115,115,115,115,115,116,116,116,116,117,117,117,117,118,118,121,167
Generacija 4, Fitness 0,0001472461, Gen ;0,7107;0,3389;0,951;0,3055;0,8391;0,6148;0,4261;0,2682;0,3087;0,4678;0,2568;0,7746;0,039;0,9921;0,8854;0,2867;0,6155;0,3787;0,1419;0,1901;0,9647

Generacija 4, Fitness 0,0002174751, Gen ;0,6652;0,3879;0,8031;0,9194;0,0956;0,2097;0,0823;0,3443;0,4258;0,4077;0,1353;0,619;0,3748;0,9868;0,9894;0,4733;0,6131;0,2396;0,2306;0,4782;0,6892

Generacija 4, Fitness 0,000168049, Gen ;0,1784;0,6161;0,888;0,6093;0,7252;0,8271;0,6055;0,3443;0,719;0,4847;0,2568;0,0453;0,2427;0,9868;0,6655;0,1629;0,1462;0,1072;0,2711;0,7664;0,5179

Generacija 4, Fitness 0,6286955, Gen ;0,7028;0,3389;0,2098;0,9059;0,8391;0,0592;0,2193;0,2682;0,5814;0,6371;0,6431;0,0349;0,3748;0,0763;0,8668;0,2507;0,6131;0,4122;0,9891;0,3274;0,9647
,133,165,183,184,186,187,189,190,191,191,191,191,192,192,193,193,194,194,194,194,194,195,195,195,195,195,195,196,196,197,197,197,197,197,197,197,197,197,197,197,197,197,198,198,198,198,198,198,198,198,198,198,198,198,198,198,198,198,198,198,198,198,198,198,198,198,198,199,199,199,199,199,199,199,199,199,199,199,199,199,199,199,199,199,199,200,200,200,200,200,200,200,201,201,201,201,202,202,202,202
Generacija 4, Fitness 0,0002404189, Gen ;0,54;0,031;0,2484;0,9992;0,8391;0,0592;0,2193;0,2682;0,5814;0,5833;0,6342;0,7746;0,3748;0,0763;0,8912;0,2507;0,0732;0,3787;0,5761;0,486;0,5194
,107,108,108,110,113,113
Generacija 4, Fitness 0,0001698616, Gen ;0,5677;0,3389;0,0962;0,5322;0,1662;0,6016;0,7885;0,2397;0,3087;0,3753;0,0308;0,1102;0,2524;0,5591;0,7668;0,4828;0,0732;0,7578;0,6896;0,1901;0,2248

Generacija 4, Fitness 0,0004128467, Gen ;0,54;0,031;0,2484;0,0851;0,8391;0,5102;0,2193;0,2682;0,4258;0,5833;0,6342;0,7746;0,3748;0,2023;0,4854;0,2507;0,6155;0,3787;0,6896;0,486;0,9647

Generacija 4, Fitness 0,0002858128, Gen ;0,1784;0,3389;0,888;0,6093;0,5859;0,2097;0,6657;0,3443;0,719;0,7413;0,2568;0,8569;0,039;0,9921;0,9696;0,1629;0,1462;0,6393;0,9891;0,4808;0,6892

Generacija 4, Fitness 0,0002711574, Gen ;0,5309;0,3735;0,8031;0,6225;0,0956;0,2097;0,6657;0,319;0,4362;0,1639;0,2802;0,619;0,039;0,9921;0,9894;0,4733;0,6131;0,2978;0,9891;0,1901;0,6892

Generacija 4, Fitness 0,000131144, Gen ;0,1784;0,031;0,888;0,6093;0,5859;0,7286;0,2193;0,3443;0,719;0,7413;0,6342;0,8569;0,7116;0,0763;0,8854;0,1629;0,0732;0,4122;0,9891;0,4808;0,5179

Generacija 4, Fitness 0,0001841088, Gen ;0,4281;0,4847;0,4694;0,3055;0,226;0,7418;0,6657;0,3852;0,9337;0,9277;0,9578;0,4327;0,7875;0,2023;0,9696;0,2507;0,6701;0,0609;0,696;0,2548;0,5194

Generacija 4, Fitness 0,0002767026, Gen ;0,54;0,031;0,2484;0,3436;0,6156;0,5102;0,0823;0,2682;0,4258;0,5833;0,3085;0,7746;0,3748;0,9304;0,9894;0,2507;0,6155;0,2396;0,5761;0,4782;0,6892
,198,198,198,198,198,198,198,199,199,199,199,199,199,199,199,199,199,199,199,199,200,200,200,200,200,200,200,200,200,200,200,200,201,201,201,201,201,201,201,201,201,201,201,202,202,202,202,202,202,202,203,203,203,203,203,203,203,203,203,203,203,203,204,204,204,204,204,204,204,204,204,204,204,204,205,205,206,206,206,206,206,207,207,215,216,218,218,220
Generacija 4, Fitness 0,0002351744, Gen ;0,732;0,6161;0,1559;0,6093;0,7252;0,8271;0,4239;0,7943;0,5814;0,6371;0,0525;0,0453;0,2427;0,8782;0,6655;0,378;0,0547;0,4122;0,2711;0,7664;0,0467

Generacija 4, Fitness 0,0001537274, Gen ;0,4281;0,7405;0,1559;0,9194;0,0956;0,8771;0,0823;0,3852;0,8406;0,6853;0,7435;0,4282;0,978;0,2078;0,7614;0,7823;0,996;0,2396;0,3179;0,2585;0,0467

Generacija 4, Fitness 0,0001797254, Gen ;0,5916;0,031;0,2484;0,6093;0,5859;0,6135;0,6657;0,6429;0,9337;0,6371;0,6715;0,8569;0,3748;0,9921;0,8854;0,2507;0,7462;0,3771;0,9891;0,486;0,9704
,171
Generacija 4, Fitness 0,0001564089, Gen ;0,4281;0,4847;0,5471;0,9194;0,7252;0,6135;0,6055;0,7943;0,036;0,5565;0,7435;0,1102;0,7875;0,2023;0,2529;0,2507;0,0732;0,3787;0,6514;0,5084;0,9227

Generacija 4, Fitness 0,0002363196, Gen ;0,5309;0,3735;0,2484;0,6093;0,0956;0,2097;0,2193;0,2682;0,5814;0,6371;0,2802;0,8569;0,2188;0,0763;0,9894;0,5613;0,6131;0,4122;0,0459;0,486;0,6892
,166
Generacija 4, Fitness 0,0001630103, Gen ;0,732;0,566;0,1559;0,9194;0,8391;0,0592;0,0834;0,2682;0,1133;0,4847;0,6715;0,7671;0,2427;0,9868;0,4854;0,378;0,0732;0,1072;0,2711;0,5546;0,6817

Generacija 4, Fitness 0,0002104463, Gen ;0,6652;0,6161;0,888;0,3436;0,6156;0,8271;0,0823;0,7943;0,1133;0,4847;0,3085;0,0453;0,2427;0,9304;0,9894;0,378;0,0547;0,1072;0,2306;0,4782;0,0467

Generacija 4, Fitness 0,0002372194, Gen ;0,732;0,3389;0,2098;0,6093;0,7252;0,2097;0,6657;0,7943;0,719;0,1639;0,3962;0,7746;0,039;0,21;0,9696;0,3429;0,6131;0,2978;0,5761;0,486;0,6892
,174,175,175,175,175,176,176,176,176,176,176,176,177,178,178,178,179,179,179,179,180,180,180,181,182,184,185
Generacija 4, Fitness 0,0001836025, Gen ;0,5677;0,6161;0,1559;0,6093;0,1662;0,709;0,6055;0,7943;0,1133;0,6853;0,0308;0,1102;0,0875;0,3587;0,6655;0,378;0,7834;0,1072;0,6514;0,5546;0,9227

Generacija 4, Fitness 0,0004304872, Gen ;0,7107;0,3389;0,951;0,5102;0,1662;0,8271;0,4261;0,2564;0,3087;0,3753;0,2568;0,1102;0,2667;0,5591;0,6655;0,3429;0,8076;0,3787;0,1419;0,486;0,4612
,154,154,155,177,181,182,183,183,184,184,185,185,185,185,186,186,186,186,186,187,187,187,187,187,187,188,188,188,188,188,188,189,189,189,189,189,189,189,189,190,190,190,190,190,190,190,190,190,190,190,190,191,191,191,191,191,191,191,191,191,191,191,191,191,191,191,191,191,191,191,191,191,191,191,192,192,192,192,192,192,192,192,192,192,193,193,193,193,193,193,193,194,194,194,194,194,194,195,195
Generacija 4, Fitness 0,0001234708, Gen ;0,5916;0,3389;0,888;0,6093;0,6477;0,7286;0,6055;0,2682;0,719;0,6371;0,6342;0,3235;0,7116;0,9304;0,8854;0,2507;0,1462;0,2978;0,0459;0,1963;0,9704
,215,216
Generacija 4, Fitness 0,1787481, Gen ;0,5916;0,031;0,2484;0,3055;0,226;0,6135;0,6657;0,2682;0,9337;0,5565;0,6342;0,8569;0,3748;0,9921;0,1612;0,2867;0,7462;0,3771;0,9673;0,486;0,6892
,207,208,208,208,208,209,209,209,209,209,209,209,209,209,209,209,209,209,209,209,209,209,209,209,209,209,209,209,209,209,209,209,209,209,209,210,210,210,210,210,210,210,210,210,210,210,210,210,210,210,210,210,210,210,210,210,210,211,211,211,211,211,211,211,211,211,211,211,211,211,211,211,211,211,211,211,212,212,212,212,212,212,212,212,213,213,213,214,214,214,214,214,214,215,215,215,215,215,216,216
Generacija 4, Fitness 0,0002173135, Gen ;0,1784;0,031;0,2484;0,6093;0,8391;0,0592;0,0834;0,2682;0,5814;0,6371;0,6715;0,7671;0,3748;0,0362;0,4854;0,2507;0,0732;0,4122;0,9891;0,5546;0,6817
,194,208,209,211,212,213,214,220,221,227
Generacija 4, Fitness 0,0002587474, Gen ;0,7107;0,3389;0,951;0,7934;0,1662;0,709;0,4261;0,4624;0,3087;0,6853;0,2568;0,1634;0,9485;0,3587;0,6655;0,1195;0,8076;0,9555;0,6514;0,1901;0,4612

Generacija 4, Fitness 0,0001813283, Gen ;0,1784;0,1488;0,888;0,6093;0,5859;0,2097;0,6055;0,6442;0,719;0,1639;0,2568;0,8569;0,2188;0,8782;0,8854;0,1629;0,8076;0,7578;0,9891;0,1901;0,5652

Generacija 5, Fitness 0,0003452632, Gen ;0,5916;0,031;0,2484;0,3055;0,226;0,6135;0,6657;0,6429;0,9337;0,5565;0,6715;0,8569;0,3748;0,9921;0,8854;0,2507;0,7462;0,3771;0,9891;0,486;0,6892
,206
Generacija 5, Fitness 0,0002104333, Gen ;0,5309;0,3389;0,888;0,5102;0,1662;0,2097;0,0823;0,6442;0,3087;0,3753;0,2802;0,8569;0,2188;0,9304;0,6655;0,3429;0,8076;0,3787;0,0459;0,1901;0,4612
,202,203,204,204,206,206,207,208,208,209,209,209,209,210,210,211,211,211,211,211,211,212,212,213,213,213,214,214,214,214,214,215,215,215,215,215,215,216,216,216,216,216,216,216,216,216,216,216,216,216,216,217,217,217,217,217,217,217,217,217,217,217,217,217,218,218,218,218,218,218,218,218,218,218,218,218,218,218,218,219,219,219,219,219,219,219,220,220,220,224,225,227,228,228,228,228,229,229,229
Generacija 5, Fitness 0,0002258548, Gen ;0,1784;0,6161;0,1559;0,6093;0,7252;0,8271;0,0834;0,7943;0,5814;0,6371;0,6715;0,0453;0,3748;0,8782;0,4854;0,2507;0,0732;0,4122;0,2711;0,7664;0,0467
,236
Generacija 5, Fitness 0,0003300943, Gen ;0,5916;0,031;0,4694;0,7934;0,3222;0,709;0,2193;0,4624;0,5814;0,6371;0,6342;0,3235;0,039;0,9921;0,6655;0,1195;0,8076;0,2978;0,6896;0,1963;0,4612
,93,94,94,94,94,94,94,94,95,95,95,95,95,95,95,95,95,95,95,95,95,95,95,95,95,96,96,96,96,96,96,96,96,96,96,96,96,96,96,96,96,96,96,96,96,96,96,96,96,96,96,96,96,96,96,97,97,97,97,97,97,97,97,97,97,97,97,97,97,97,97,98,98,98,98,98,99,100,100,100,100,100,100,101,101,101,101,101,102,102,102,102,102,102,102,102,106,180,181
Generacija 5, Fitness 0,0001849955, Gen ;0,5916;0,416;0,4694;0,9992;0,9225;0,6135;0,2193;0,319;0,9337;0,9277;0,9578;0,7746;0,3748;0,9921;0,8912;0,2867;0,7462;0,3787;0,5761;0,486;0,9704

Generacija 5, Fitness 0,000531429, Gen ;0,7107;0,3389;0,2484;0,7934;0,3222;0,2097;0,2193;0,2564;0,5814;0,6371;0,2568;0,8569;0,2188;0,0763;0,8854;0,5613;0,8076;0,4122;0,9891;0,486;0,4612
,224,238
Generacija 5, Fitness 0,0002104459, Gen ;0,54;0,031;0,2484;0,7934;0,8391;0,709;0,2193;0,2682;0,5814;0,5833;0,2568;0,1634;0,9485;0,3587;0,8912;0,1195;0,8076;0,3787;0,6514;0,486;0,4612

Generacija 5, Fitness 0,0002469911, Gen ;0,7107;0,3389;0,951;0,7934;0,1662;0,709;0,4261;0,4624;0,3087;0,4847;0,0525;0,1634;0,9485;0,9868;0,6655;0,1195;0,8076;0,9555;0,6514;0,1901;0,6892

Generacija 5, Fitness 0,0002021535, Gen ;0,7028;0,3389;0,2098;0,5102;0,8391;0,8271;0,4261;0,2682;0,3087;0,3753;0,2568;0,0349;0,2667;0,0763;0,8668;0,3429;0,6131;0,4122;0,1419;0,3274;0,9647
,163
Generacija 5, Fitness 0,0003625037, Gen ;0,1784;0,3735;0,8031;0,6093;0,3222;0,2097;0,4261;0,2682;0,4362;0,1639;0,2802;0,619;0,039;0,21;0,8854;0,4733;0,0732;0,9555;0,9891;0,486;0,6892
,174
Generacija 5, Fitness 0,00019827, Gen ;0,1784;0,031;0,2098;0,6093;0,9225;0,2097;0,2193;0,7943;0,5814;0,1639;0,9578;0,8569;0,039;0,21;0,9696;0,3429;0,0732;0,2978;0,9891;0,486;0,9704

Generacija 5, Fitness 0,0002010463, Gen ;0,54;0,031;0,2484;0,3436;0,6156;0,2097;0,4261;0,2682;0,3087;0,5833;0,3085;0,7746;0,3748;0,0763;0,9894;0,8477;0,6155;0,4122;0,5761;0,4782;0,4612

Generacija 5, Fitness 0,000242165, Gen ;0,54;0,031;0,2484;0,0851;0,6156;0,5102;0,2193;0,2682;0,4258;0,5833;0,3085;0,7746;0,3748;0,9304;0,9894;0,2507;0,6155;0,3787;0,6896;0,486;0,6892
,89,89,90,90,90,90,90,91,91,93,94,94,95,95,95,96,96,96,96,97,97,97,98,104,105,106,106,106,106,106,106,106,106,106,106,107,107,107,107,107,107,107,107,107,107,107,107,107,107,107,107,107,107,108,108,108,108,108,108,108,108,109,109,113,148,148,148,148,149,149,149,149,149,149,150,150,152,187,188,189,189,189,190,190,190,191,191,192,192
Generacija 5, Fitness 0,0002408109, Gen ;0,1784;0,3735;0,8031;0,6225;0,0956;0,2097;0,6657;0,319;0,5814;0,9277;0,9578;0,7671;0,3748;0,9921;0,8854;0,4733;0,6131;0,2978;0,9891;0,2548;0,6892

Generacija 5, Fitness 0,0001638004, Gen ;0,7107;0,3879;0,951;0,9194;0,1662;0,2097;0,0823;0,4624;0,3087;0,1844;0,1353;0,619;0,9485;0,3587;0,9894;0,4733;0,8076;0,9555;0,6514;0,5546;0,4612

Generacija 5, Fitness 0,0002129526, Gen ;0,5916;0,031;0,0962;0,3055;0,1662;0,6135;0,6657;0,2682;0,9337;0,3753;0,6342;0,1102;0,2524;0,5591;0,7668;0,2867;0,7462;0,7578;0,6896;0,486;0,6892

Generacija 5, Fitness 0,000203188, Gen ;0,5677;0,3879;0,888;0,9194;0,1662;0,5102;0,0823;0,2682;0,6931;0,1844;0,3085;0,619;0,3748;0,3587;0,9894;0,4733;0,0732;0,2396;0,5761;0,5546;0,6892

Generacija 5, Fitness 0,0003497431, Gen ;0,7107;0,3389;0,951;0,3055;0,9225;0,709;0,4261;0,319;0,9337;0,6853;0,2568;0,1634;0,4146;0,9921;0,9696;0,1195;0,8076;0,9555;0,6514;0,2548;0,4612

Generacija 5, Fitness 0,0001728723, Gen ;0,732;0,031;0,8031;0,9194;0,5859;0,2097;0,2193;0,2682;0,5814;0,4847;0,1353;0,8569;0,2188;0,9868;0,9894;0,2507;0,0732;0,4122;0,2711;0,7664;0,6892

Generacija 5, Fitness 0,0003276956, Gen ;0,5309;0,3735;0,8031;0,6093;0,3222;0,2097;0,6657;0,319;0,5814;0,4678;0,6342;0,1634;0,2188;0,9921;0,9894;0,4733;0,6131;0,9555;0,9891;0,486;0,6892
,222,222,223,238
Generacija 5, Fitness 0,0002054074, Gen ;0,54;0,031;0,2484;0,9194;0,5859;0,8271;0,2193;0,2682;0,1133;0,5833;0,0525;0,7746;0,3748;0,9868;0,6655;0,2507;0,6155;0,4122;0,2711;0,486;0,9647
,75,75,75,75,75,75,75,75,76,76,76,76,76,76,76,76,76,76,76,76,76,77,77,77,77,77,77,77,77,77,77,77,77,77,77,77,77,77,77,77,77,77,77,78,78,78,78,78,78,78,78,79,79,96,155,155,156,156,156,156,157,157,157,157,157,157,158,158,158,158
Generacija 5, Fitness 0,0002771712, Gen ;0,5309;0,3735;0,1559;0,6093;0,226;0,2097;0,2193;0,2682;0,5814;0,5565;0,2802;0,8569;0,7875;0,2023;0,9894;0,4733;0,6131;0,2396;0,0459;0,9239;0,5194

Generacija 5, Fitness 0,0006157136, Gen ;0,5309;0,3389;0,2484;0,3055;0,226;0,2097;0,6657;0,2682;0,9337;0,1639;0,2802;0,8569;0,2188;0,9921;0,8854;0,2867;0,8076;0,3771;0,9673;0,486;0,5179
,230,230,232,232,235,235,236,236,236,236,237,237,237,238,238,238,238,238,238,238,238,238,238,238,239,239,239,239,239,239,239,239,239,239,239,239,239,239
Generacija 5, Fitness 0,000303926, Gen ;0,7028;0,3389;0,2484;0,9059;0,8391;0,0592;0,2193;0,2682;0,5814;0,5833;0,6342;0,7746;0,3748;0,0763;0,8668;0,2507;0,0732;0,3787;0,5761;0,486;0,9647
,198,201,203,205,205,206,206,206,206,207,207,207,209,209,209,210,210,210,210,210,210,211,212,212,212,212,212,212,212,212,213,213,213,213,213,213,213,213,213,213,213,214,214,214,214,214,214,214,214,214,214,214,214,215,215,215,215,215,215,215,215,215,215,215,215,216,216,216,216,216,216,216,216,216,216,216,216,216,216,217,217,217,217,217,217,217,217,218,218,218,218,218,218,218,219,219,219,220
Generacija 5, Fitness 0,0002048343, Gen ;0,5309;0,031;0,888;0,6093;0,5859;0,2097;0,2193;0,2682;0,719;0,1639;0,2802;0,8569;0,2188;0,9304;0,8912;0,5613;0,0732;0,4122;0,5761;0,1901;0,5194
,232
