	5PopravljenStroembom ovc
	5 AI1 ovcarjev
Generacija 1, Fitness 5,108923, Gen ;0,794;0,3109;0,592;0,1174;0,0735;0,2043;0,1677;0,0593;0,4043;0,0132;0,7117;0,5307;0,1683;0,234;0,6252;0,8129;0,5151;0,207;0,099;0,4086;0,4486
,94,94,94,101,137
Generacija 1, Fitness 21,48778, Gen ;0,794;0,3109;0,592;0,1174;0,0735;0,2043;0,1677;0,0593;0,4043;0,0132;0,7117;0,5307;0,1683;0,234;0,6252;0,8129;0,5151;0,207;0,099;0,4086;0,4486
,72,72,76,77,102
Generacija 1, Fitness 40,31775, Gen ;0,794;0,3109;0,592;0,1174;0,0735;0,2043;0,1677;0,0593;0,4043;0,0132;0,7117;0,5307;0,1683;0,234;0,6252;0,8129;0,5151;0,207;0,099;0,4086;0,4486
,75,75,75,76,76
Generacija 1, Fitness 95,66766, Gen ;0,794;0,3109;0,592;0,1174;0,0735;0,2043;0,1677;0,0593;0,4043;0,0132;0,7117;0,5307;0,1683;0,234;0,6252;0,8129;0,5151;0,207;0,099;0,4086;0,4486
,41,41,41,41,41
Generacija 1, Fitness 0,1666667, Gen ;0,794;0,3109;0,592;0,1174;0,0735;0,2043;0,1677;0,0593;0,4043;0,0132;0,7117;0,5307;0,1683;0,234;0,6252;0,8129;0,5151;0,207;0,099;0,4086;0,4486
,66
Generacija 1, Fitness 34,78379, Gen ;0,794;0,3109;0,592;0,1174;0,0735;0,2043;0,1677;0,0593;0,4043;0,0132;0,7117;0,5307;0,1683;0,234;0,6252;0,8129;0,5151;0,207;0,099;0,4086;0,4486
,76,77,77,77,82
Generacija 1, Fitness 7,893311, Gen ;0,794;0,3109;0,592;0,1174;0,0735;0,2043;0,1677;0,0593;0,4043;0,0132;0,7117;0,5307;0,1683;0,234;0,6252;0,8129;0,5151;0,207;0,099;0,4086;0,4486
,113,113,120,121,121
Generacija 1, Fitness 16,01757, Gen ;0,794;0,3109;0,592;0,1174;0,0735;0,2043;0,1677;0,0593;0,4043;0,0132;0,7117;0,5307;0,1683;0,234;0,6252;0,8129;0,5151;0,207;0,099;0,4086;0,4486
,101,101,101,103,104
Generacija 1, Fitness 0,1666667, Gen ;0,794;0,3109;0,592;0,1174;0,0735;0,2043;0,1677;0,0593;0,4043;0,0132;0,7117;0,5307;0,1683;0,234;0,6252;0,8129;0,5151;0,207;0,099;0,4086;0,4486

Generacija 1, Fitness 40,39067, Gen ;0,794;0,3109;0,592;0,1174;0,0735;0,2043;0,1677;0,0593;0,4043;0,0132;0,7117;0,5307;0,1683;0,234;0,6252;0,8129;0,5151;0,207;0,099;0,4086;0,4486
,66,66,68,78,78
Generacija 1, Fitness 66,31377, Gen ;0,794;0,3109;0,592;0,1174;0,0735;0,2043;0,1677;0,0593;0,4043;0,0132;0,7117;0,5307;0,1683;0,234;0,6252;0,8129;0,5151;0,207;0,099;0,4086;0,4486
,55,55,57,57,57
Generacija 1, Fitness 89,9267, Gen ;0,794;0,3109;0,592;0,1174;0,0735;0,2043;0,1677;0,0593;0,4043;0,0132;0,7117;0,5307;0,1683;0,234;0,6252;0,8129;0,5151;0,207;0,099;0,4086;0,4486
,43,43,43,44,44
Generacija 1, Fitness 12,76077, Gen ;0,794;0,3109;0,592;0,1174;0,0735;0,2043;0,1677;0,0593;0,4043;0,0132;0,7117;0,5307;0,1683;0,234;0,6252;0,8129;0,5151;0,207;0,099;0,4086;0,4486
,56,56,56,78,122
Generacija 1, Fitness 58,27099, Gen ;0,794;0,3109;0,592;0,1174;0,0735;0,2043;0,1677;0,0593;0,4043;0,0132;0,7117;0,5307;0,1683;0,234;0,6252;0,8129;0,5151;0,207;0,099;0,4086;0,4486
,54,58,58,59,64
Generacija 1, Fitness 27,16888, Gen ;0,794;0,3109;0,592;0,1174;0,0735;0,2043;0,1677;0,0593;0,4043;0,0132;0,7117;0,5307;0,1683;0,234;0,6252;0,8129;0,5151;0,207;0,099;0,4086;0,4486
,88,89,89,89,89
Generacija 1, Fitness 68,0093, Gen ;0,794;0,3109;0,592;0,1174;0,0735;0,2043;0,1677;0,0593;0,4043;0,0132;0,7117;0,5307;0,1683;0,234;0,6252;0,8129;0,5151;0,207;0,099;0,4086;0,4486
,55,55,55,55,56
Generacija 1, Fitness 52,05301, Gen ;0,794;0,3109;0,592;0,1174;0,0735;0,2043;0,1677;0,0593;0,4043;0,0132;0,7117;0,5307;0,1683;0,234;0,6252;0,8129;0,5151;0,207;0,099;0,4086;0,4486
,66,66,66,66,67
Generacija 1, Fitness 76,61304, Gen ;0,794;0,3109;0,592;0,1174;0,0735;0,2043;0,1677;0,0593;0,4043;0,0132;0,7117;0,5307;0,1683;0,234;0,6252;0,8129;0,5151;0,207;0,099;0,4086;0,4486
,50,51,51,51,51
Generacija 1, Fitness 80,95624, Gen ;0,794;0,3109;0,592;0,1174;0,0735;0,2043;0,1677;0,0593;0,4043;0,0132;0,7117;0,5307;0,1683;0,234;0,6252;0,8129;0,5151;0,207;0,099;0,4086;0,4486
,38,38,38,38,52
Generacija 1, Fitness 64,74748, Gen ;0,794;0,3109;0,592;0,1174;0,0735;0,2043;0,1677;0,0593;0,4043;0,0132;0,7117;0,5307;0,1683;0,234;0,6252;0,8129;0,5151;0,207;0,099;0,4086;0,4486
,55,55,55,56,59
Generacija 1, Fitness 13,54917, Gen ;0,794;0,3109;0,592;0,1174;0,0735;0,2043;0,1677;0,0593;0,4043;0,0132;0,7117;0,5307;0,1683;0,234;0,6252;0,8129;0,5151;0,207;0,099;0,4086;0,4486
,86,99,108,109,110
Generacija 1, Fitness 26,38861, Gen ;0,794;0,3109;0,592;0,1174;0,0735;0,2043;0,1677;0,0593;0,4043;0,0132;0,7117;0,5307;0,1683;0,234;0,6252;0,8129;0,5151;0,207;0,099;0,4086;0,4486
,85,86,86,86,91
Generacija 1, Fitness 12,24101, Gen ;0,794;0,3109;0,592;0,1174;0,0735;0,2043;0,1677;0,0593;0,4043;0,0132;0,7117;0,5307;0,1683;0,234;0,6252;0,8129;0,5151;0,207;0,099;0,4086;0,4486
,90,92,93,112,114
Generacija 1, Fitness 45,30302, Gen ;0,794;0,3109;0,592;0,1174;0,0735;0,2043;0,1677;0,0593;0,4043;0,0132;0,7117;0,5307;0,1683;0,234;0,6252;0,8129;0,5151;0,207;0,099;0,4086;0,4486
,71,71,71,71,72
Generacija 1, Fitness 26,58239, Gen ;0,794;0,3109;0,592;0,1174;0,0735;0,2043;0,1677;0,0593;0,4043;0,0132;0,7117;0,5307;0,1683;0,234;0,6252;0,8129;0,5151;0,207;0,099;0,4086;0,4486
,75,75,76,91,93
Generacija 1, Fitness 87,62249, Gen ;0,794;0,3109;0,592;0,1174;0,0735;0,2043;0,1677;0,0593;0,4043;0,0132;0,7117;0,5307;0,1683;0,234;0,6252;0,8129;0,5151;0,207;0,099;0,4086;0,4486
,44,44,45,45,45
Generacija 1, Fitness 32,53721, Gen ;0,794;0,3109;0,592;0,1174;0,0735;0,2043;0,1677;0,0593;0,4043;0,0132;0,7117;0,5307;0,1683;0,234;0,6252;0,8129;0,5151;0,207;0,099;0,4086;0,4486
,47,48,55,90,90
Generacija 1, Fitness 53,09751, Gen ;0,794;0,3109;0,592;0,1174;0,0735;0,2043;0,1677;0,0593;0,4043;0,0132;0,7117;0,5307;0,1683;0,234;0,6252;0,8129;0,5151;0,207;0,099;0,4086;0,4486
,65,65,65,66,66
Generacija 1, Fitness 30,25227, Gen ;0,794;0,3109;0,592;0,1174;0,0735;0,2043;0,1677;0,0593;0,4043;0,0132;0,7117;0,5307;0,1683;0,234;0,6252;0,8129;0,5151;0,207;0,099;0,4086;0,4486
,80,80,82,82,87
Generacija 1, Fitness 24,34925, Gen ;0,794;0,3109;0,592;0,1174;0,0735;0,2043;0,1677;0,0593;0,4043;0,0132;0,7117;0,5307;0,1683;0,234;0,6252;0,8129;0,5151;0,207;0,099;0,4086;0,4486
,91,91,92,92,92
Generacija 1, Fitness 14,41587, Gen ;0,794;0,3109;0,592;0,1174;0,0735;0,2043;0,1677;0,0593;0,4043;0,0132;0,7117;0,5307;0,1683;0,234;0,6252;0,8129;0,5151;0,207;0,099;0,4086;0,4486
,81,84,84,111,111
Generacija 1, Fitness 19,11179, Gen ;0,794;0,3109;0,592;0,1174;0,0735;0,2043;0,1677;0,0593;0,4043;0,0132;0,7117;0,5307;0,1683;0,234;0,6252;0,8129;0,5151;0,207;0,099;0,4086;0,4486
,98,98,98,99,99
Generacija 1, Fitness 41,70955, Gen ;0,794;0,3109;0,592;0,1174;0,0735;0,2043;0,1677;0,0593;0,4043;0,0132;0,7117;0,5307;0,1683;0,234;0,6252;0,8129;0,5151;0,207;0,099;0,4086;0,4486
,72,73,73,74,75
Generacija 1, Fitness 92,26012, Gen ;0,794;0,3109;0,592;0,1174;0,0735;0,2043;0,1677;0,0593;0,4043;0,0132;0,7117;0,5307;0,1683;0,234;0,6252;0,8129;0,5151;0,207;0,099;0,4086;0,4486
,42,42,42,42,43
Generacija 1, Fitness 92,40653, Gen ;0,794;0,3109;0,592;0,1174;0,0735;0,2043;0,1677;0,0593;0,4043;0,0132;0,7117;0,5307;0,1683;0,234;0,6252;0,8129;0,5151;0,207;0,099;0,4086;0,4486
,42,42,42,42,43
Generacija 1, Fitness 27,26925, Gen ;0,794;0,3109;0,592;0,1174;0,0735;0,2043;0,1677;0,0593;0,4043;0,0132;0,7117;0,5307;0,1683;0,234;0,6252;0,8129;0,5151;0,207;0,099;0,4086;0,4486
,66,66,67,68,96
Generacija 1, Fitness 0,1666667, Gen ;0,794;0,3109;0,592;0,1174;0,0735;0,2043;0,1677;0,0593;0,4043;0,0132;0,7117;0,5307;0,1683;0,234;0,6252;0,8129;0,5151;0,207;0,099;0,4086;0,4486
,141,141,162,162
Generacija 1, Fitness 33,37625, Gen ;0,794;0,3109;0,592;0,1174;0,0735;0,2043;0,1677;0,0593;0,4043;0,0132;0,7117;0,5307;0,1683;0,234;0,6252;0,8129;0,5151;0,207;0,099;0,4086;0,4486
,53,84,84,84,84
Generacija 1, Fitness 43,13168, Gen ;0,794;0,3109;0,592;0,1174;0,0735;0,2043;0,1677;0,0593;0,4043;0,0132;0,7117;0,5307;0,1683;0,234;0,6252;0,8129;0,5151;0,207;0,099;0,4086;0,4486
,55,55,68,77,77
Generacija 1, Fitness 49,31954, Gen ;0,794;0,3109;0,592;0,1174;0,0735;0,2043;0,1677;0,0593;0,4043;0,0132;0,7117;0,5307;0,1683;0,234;0,6252;0,8129;0,5151;0,207;0,099;0,4086;0,4486
,46,46,46,74,74
Generacija 1, Fitness 95,08168, Gen ;0,794;0,3109;0,592;0,1174;0,0735;0,2043;0,1677;0,0593;0,4043;0,0132;0,7117;0,5307;0,1683;0,234;0,6252;0,8129;0,5151;0,207;0,099;0,4086;0,4486
,41,41,41,41,42
Generacija 1, Fitness 14,94497, Gen ;0,794;0,3109;0,592;0,1174;0,0735;0,2043;0,1677;0,0593;0,4043;0,0132;0,7117;0,5307;0,1683;0,234;0,6252;0,8129;0,5151;0,207;0,099;0,4086;0,4486
,104,104,105,105,105
Generacija 1, Fitness 10,60282, Gen ;0,794;0,3109;0,592;0,1174;0,0735;0,2043;0,1677;0,0593;0,4043;0,0132;0,7117;0,5307;0,1683;0,234;0,6252;0,8129;0,5151;0,207;0,099;0,4086;0,4486
,89,89,96,96,120
Generacija 1, Fitness 0,1666667, Gen ;0,794;0,3109;0,592;0,1174;0,0735;0,2043;0,1677;0,0593;0,4043;0,0132;0,7117;0,5307;0,1683;0,234;0,6252;0,8129;0,5151;0,207;0,099;0,4086;0,4486
,116
Generacija 1, Fitness 56,1241, Gen ;0,794;0,3109;0,592;0,1174;0,0735;0,2043;0,1677;0,0593;0,4043;0,0132;0,7117;0,5307;0,1683;0,234;0,6252;0,8129;0,5151;0,207;0,099;0,4086;0,4486
,46,47,47,47,69
Generacija 1, Fitness 65,30524, Gen ;0,794;0,3109;0,592;0,1174;0,0735;0,2043;0,1677;0,0593;0,4043;0,0132;0,7117;0,5307;0,1683;0,234;0,6252;0,8129;0,5151;0,207;0,099;0,4086;0,4486
,57,57,57,58,58
Generacija 1, Fitness 4,625979, Gen ;0,794;0,3109;0,592;0,1174;0,0735;0,2043;0,1677;0,0593;0,4043;0,0132;0,7117;0,5307;0,1683;0,234;0,6252;0,8129;0,5151;0,207;0,099;0,4086;0,4486
,106,109,121,121,135
Generacija 1, Fitness 72,85175, Gen ;0,794;0,3109;0,592;0,1174;0,0735;0,2043;0,1677;0,0593;0,4043;0,0132;0,7117;0,5307;0,1683;0,234;0,6252;0,8129;0,5151;0,207;0,099;0,4086;0,4486
,53,53,53,53,53
Generacija 1, Fitness 32,481, Gen ;0,794;0,3109;0,592;0,1174;0,0735;0,2043;0,1677;0,0593;0,4043;0,0132;0,7117;0,5307;0,1683;0,234;0,6252;0,8129;0,5151;0,207;0,099;0,4086;0,4486
,81,82,83,83,83
Generacija 1, Fitness 96,01772, Gen ;0,794;0,3109;0,592;0,1174;0,0735;0,2043;0,1677;0,0593;0,4043;0,0132;0,7117;0,5307;0,1683;0,234;0,6252;0,8129;0,5151;0,207;0,099;0,4086;0,4486
,40,41,41,41,41
Generacija 1, Fitness 0,1666667, Gen ;0,794;0,3109;0,592;0,1174;0,0735;0,2043;0,1677;0,0593;0,4043;0,0132;0,7117;0,5307;0,1683;0,234;0,6252;0,8129;0,5151;0,207;0,099;0,4086;0,4486

Generacija 1, Fitness 86,75151, Gen ;0,794;0,3109;0,592;0,1174;0,0735;0,2043;0,1677;0,0593;0,4043;0,0132;0,7117;0,5307;0,1683;0,234;0,6252;0,8129;0,5151;0,207;0,099;0,4086;0,4486
,45,45,45,45,46
Generacija 1, Fitness 72,89636, Gen ;0,794;0,3109;0,592;0,1174;0,0735;0,2043;0,1677;0,0593;0,4043;0,0132;0,7117;0,5307;0,1683;0,234;0,6252;0,8129;0,5151;0,207;0,099;0,4086;0,4486
,41,41,41,41,57
Generacija 1, Fitness 55,73748, Gen ;0,794;0,3109;0,592;0,1174;0,0735;0,2043;0,1677;0,0593;0,4043;0,0132;0,7117;0,5307;0,1683;0,234;0,6252;0,8129;0,5151;0,207;0,099;0,4086;0,4486
,63,63,64,64,64
Generacija 1, Fitness 1,153904, Gen ;0,794;0,3109;0,592;0,1174;0,0735;0,2043;0,1677;0,0593;0,4043;0,0132;0,7117;0,5307;0,1683;0,234;0,6252;0,8129;0,5151;0,207;0,099;0,4086;0,4486
,133,133,137,138,154
Generacija 1, Fitness 22,65078, Gen ;0,794;0,3109;0,592;0,1174;0,0735;0,2043;0,1677;0,0593;0,4043;0,0132;0,7117;0,5307;0,1683;0,234;0,6252;0,8129;0,5151;0,207;0,099;0,4086;0,4486
,91,92,92,94,95
Generacija 1, Fitness 30,34558, Gen ;0,794;0,3109;0,592;0,1174;0,0735;0,2043;0,1677;0,0593;0,4043;0,0132;0,7117;0,5307;0,1683;0,234;0,6252;0,8129;0,5151;0,207;0,099;0,4086;0,4486
,65,69,70,74,91
Generacija 1, Fitness 31,59768, Gen ;0,794;0,3109;0,592;0,1174;0,0735;0,2043;0,1677;0,0593;0,4043;0,0132;0,7117;0,5307;0,1683;0,234;0,6252;0,8129;0,5151;0,207;0,099;0,4086;0,4486
,83,83,84,84,84
Generacija 1, Fitness 0,1666667, Gen ;0,794;0,3109;0,592;0,1174;0,0735;0,2043;0,1677;0,0593;0,4043;0,0132;0,7117;0,5307;0,1683;0,234;0,6252;0,8129;0,5151;0,207;0,099;0,4086;0,4486
,145,149
Generacija 1, Fitness 44,54222, Gen ;0,794;0,3109;0,592;0,1174;0,0735;0,2043;0,1677;0,0593;0,4043;0,0132;0,7117;0,5307;0,1683;0,234;0,6252;0,8129;0,5151;0,207;0,099;0,4086;0,4486
,67,67,67,68,74
Generacija 1, Fitness 39,64374, Gen ;0,794;0,3109;0,592;0,1174;0,0735;0,2043;0,1677;0,0593;0,4043;0,0132;0,7117;0,5307;0,1683;0,234;0,6252;0,8129;0,5151;0,207;0,099;0,4086;0,4486
,49,49,53,63,84
Generacija 1, Fitness 62,58369, Gen ;0,794;0,3109;0,592;0,1174;0,0735;0,2043;0,1677;0,0593;0,4043;0,0132;0,7117;0,5307;0,1683;0,234;0,6252;0,8129;0,5151;0,207;0,099;0,4086;0,4486
,47,47,48,48,64
Generacija 1, Fitness 8,322715, Gen ;0,794;0,3109;0,592;0,1174;0,0735;0,2043;0,1677;0,0593;0,4043;0,0132;0,7117;0,5307;0,1683;0,234;0,6252;0,8129;0,5151;0,207;0,099;0,4086;0,4486
,99,100,100,123,123
Generacija 1, Fitness 0,1666667, Gen ;0,794;0,3109;0,592;0,1174;0,0735;0,2043;0,1677;0,0593;0,4043;0,0132;0,7117;0,5307;0,1683;0,234;0,6252;0,8129;0,5151;0,207;0,099;0,4086;0,4486

Generacija 1, Fitness 24,80207, Gen ;0,794;0,3109;0,592;0,1174;0,0735;0,2043;0,1677;0,0593;0,4043;0,0132;0,7117;0,5307;0,1683;0,234;0,6252;0,8129;0,5151;0,207;0,099;0,4086;0,4486
,76,76,76,76,97
Generacija 1, Fitness 57,38104, Gen ;0,794;0,3109;0,592;0,1174;0,0735;0,2043;0,1677;0,0593;0,4043;0,0132;0,7117;0,5307;0,1683;0,234;0,6252;0,8129;0,5151;0,207;0,099;0,4086;0,4486
,57,57,59,64,64
Generacija 1, Fitness 69,26048, Gen ;0,794;0,3109;0,592;0,1174;0,0735;0,2043;0,1677;0,0593;0,4043;0,0132;0,7117;0,5307;0,1683;0,234;0,6252;0,8129;0,5151;0,207;0,099;0,4086;0,4486
,49,50,50,50,57
Generacija 1, Fitness 84,46504, Gen ;0,794;0,3109;0,592;0,1174;0,0735;0,2043;0,1677;0,0593;0,4043;0,0132;0,7117;0,5307;0,1683;0,234;0,6252;0,8129;0,5151;0,207;0,099;0,4086;0,4486
,45,45,46,47,47
Generacija 1, Fitness 62,99783, Gen ;0,794;0,3109;0,592;0,1174;0,0735;0,2043;0,1677;0,0593;0,4043;0,0132;0,7117;0,5307;0,1683;0,234;0,6252;0,8129;0,5151;0,207;0,099;0,4086;0,4486
,58,58,59,59,59
Generacija 1, Fitness 31,95158, Gen ;0,794;0,3109;0,592;0,1174;0,0735;0,2043;0,1677;0,0593;0,4043;0,0132;0,7117;0,5307;0,1683;0,234;0,6252;0,8129;0,5151;0,207;0,099;0,4086;0,4486
,82,83,83,83,84
Generacija 1, Fitness 69,14175, Gen ;0,794;0,3109;0,592;0,1174;0,0735;0,2043;0,1677;0,0593;0,4043;0,0132;0,7117;0,5307;0,1683;0,234;0,6252;0,8129;0,5151;0,207;0,099;0,4086;0,4486
,54,54,55,55,56
Generacija 1, Fitness 59,95581, Gen ;0,794;0,3109;0,592;0,1174;0,0735;0,2043;0,1677;0,0593;0,4043;0,0132;0,7117;0,5307;0,1683;0,234;0,6252;0,8129;0,5151;0,207;0,099;0,4086;0,4486
,61,61,61,61,61
Generacija 1, Fitness 89,70409, Gen ;0,794;0,3109;0,592;0,1174;0,0735;0,2043;0,1677;0,0593;0,4043;0,0132;0,7117;0,5307;0,1683;0,234;0,6252;0,8129;0,5151;0,207;0,099;0,4086;0,4486
,43,44,44,44,44
Generacija 1, Fitness 23,16071, Gen ;0,794;0,3109;0,592;0,1174;0,0735;0,2043;0,1677;0,0593;0,4043;0,0132;0,7117;0,5307;0,1683;0,234;0,6252;0,8129;0,5151;0,207;0,099;0,4086;0,4486
,93,93,93,93,94
Generacija 1, Fitness 80,12696, Gen ;0,794;0,3109;0,592;0,1174;0,0735;0,2043;0,1677;0,0593;0,4043;0,0132;0,7117;0,5307;0,1683;0,234;0,6252;0,8129;0,5151;0,207;0,099;0,4086;0,4486
,48,48,49,49,49
Generacija 1, Fitness 19,82159, Gen ;0,794;0,3109;0,592;0,1174;0,0735;0,2043;0,1677;0,0593;0,4043;0,0132;0,7117;0,5307;0,1683;0,234;0,6252;0,8129;0,5151;0,207;0,099;0,4086;0,4486
,97,97,97,98,98
Generacija 1, Fitness 32,98429, Gen ;0,794;0,3109;0,592;0,1174;0,0735;0,2043;0,1677;0,0593;0,4043;0,0132;0,7117;0,5307;0,1683;0,234;0,6252;0,8129;0,5151;0,207;0,099;0,4086;0,4486
,79,79,79,83,83
Generacija 1, Fitness 28,15508, Gen ;0,794;0,3109;0,592;0,1174;0,0735;0,2043;0,1677;0,0593;0,4043;0,0132;0,7117;0,5307;0,1683;0,234;0,6252;0,8129;0,5151;0,207;0,099;0,4086;0,4486
,78,79,79,79,91
Generacija 1, Fitness 85,55516, Gen ;0,794;0,3109;0,592;0,1174;0,0735;0,2043;0,1677;0,0593;0,4043;0,0132;0,7117;0,5307;0,1683;0,234;0,6252;0,8129;0,5151;0,207;0,099;0,4086;0,4486
,45,45,45,45,46
Generacija 1, Fitness 7,910858, Gen ;0,794;0,3109;0,592;0,1174;0,0735;0,2043;0,1677;0,0593;0,4043;0,0132;0,7117;0,5307;0,1683;0,234;0,6252;0,8129;0,5151;0,207;0,099;0,4086;0,4486
,76,77,77,78,131
Generacija 1, Fitness 98,03046, Gen ;0,794;0,3109;0,592;0,1174;0,0735;0,2043;0,1677;0,0593;0,4043;0,0132;0,7117;0,5307;0,1683;0,234;0,6252;0,8129;0,5151;0,207;0,099;0,4086;0,4486
,39,40,40,40,40
Generacija 1, Fitness 50,61063, Gen ;0,794;0,3109;0,592;0,1174;0,0735;0,2043;0,1677;0,0593;0,4043;0,0132;0,7117;0,5307;0,1683;0,234;0,6252;0,8129;0,5151;0,207;0,099;0,4086;0,4486
,67,67,67,67,68
Generacija 1, Fitness 15,27727, Gen ;0,794;0,3109;0,592;0,1174;0,0735;0,2043;0,1677;0,0593;0,4043;0,0132;0,7117;0,5307;0,1683;0,234;0,6252;0,8129;0,5151;0,207;0,099;0,4086;0,4486
,77,77,77,83,113
Generacija 1, Fitness 55,95106, Gen ;0,794;0,3109;0,592;0,1174;0,0735;0,2043;0,1677;0,0593;0,4043;0,0132;0,7117;0,5307;0,1683;0,234;0,6252;0,8129;0,5151;0,207;0,099;0,4086;0,4486
,54,54,54,55,67
Generacija 1, Fitness 81,71396, Gen ;0,794;0,3109;0,592;0,1174;0,0735;0,2043;0,1677;0,0593;0,4043;0,0132;0,7117;0,5307;0,1683;0,234;0,6252;0,8129;0,5151;0,207;0,099;0,4086;0,4486
,48,48,48,48,48
Generacija 1, Fitness 0,1666667, Gen ;0,794;0,3109;0,592;0,1174;0,0735;0,2043;0,1677;0,0593;0,4043;0,0132;0,7117;0,5307;0,1683;0,234;0,6252;0,8129;0,5151;0,207;0,099;0,4086;0,4486
,96,96,97
Generacija 1, Fitness 56,33853, Gen ;0,794;0,3109;0,592;0,1174;0,0735;0,2043;0,1677;0,0593;0,4043;0,0132;0,7117;0,5307;0,1683;0,234;0,6252;0,8129;0,5151;0,207;0,099;0,4086;0,4486
,51,51,51,54,68
Generacija 1, Fitness 86,62351, Gen ;0,794;0,3109;0,592;0,1174;0,0735;0,2043;0,1677;0,0593;0,4043;0,0132;0,7117;0,5307;0,1683;0,234;0,6252;0,8129;0,5151;0,207;0,099;0,4086;0,4486
,44,44,45,46,46
Generacija 1, Fitness 40,51249, Gen ;0,794;0,3109;0,592;0,1174;0,0735;0,2043;0,1677;0,0593;0,4043;0,0132;0,7117;0,5307;0,1683;0,234;0,6252;0,8129;0,5151;0,207;0,099;0,4086;0,4486
,70,71,71,74,77
Generacija 1, Fitness 44,64604, Gen ;0,794;0,3109;0,592;0,1174;0,0735;0,2043;0,1677;0,0593;0,4043;0,0132;0,7117;0,5307;0,1683;0,234;0,6252;0,8129;0,5151;0,207;0,099;0,4086;0,4486
,69,72,72,73,73
Generacija 1, Fitness 6,02013, Gen ;0,794;0,3109;0,592;0,1174;0,0735;0,2043;0,1677;0,0593;0,4043;0,0132;0,7117;0,5307;0,1683;0,234;0,6252;0,8129;0,5151;0,207;0,099;0,4086;0,4486
,113,113,113,127,128
Generacija 1, Fitness 1,45005, Gen ;0,794;0,3109;0,592;0,1174;0,0735;0,2043;0,1677;0,0593;0,4043;0,0132;0,7117;0,5307;0,1683;0,234;0,6252;0,8129;0,5151;0,207;0,099;0,4086;0,4486
,111,113,113,153,153
Generacija 1, Fitness 60,5169, Gen ;0,794;0,3109;0,592;0,1174;0,0735;0,2043;0,1677;0,0593;0,4043;0,0132;0,7117;0,5307;0,1683;0,234;0,6252;0,8129;0,5151;0,207;0,099;0,4086;0,4486
,57,60,61,61,61
Generacija 1, Fitness 27,72778, Gen ;0,794;0,3109;0,592;0,1174;0,0735;0,2043;0,1677;0,0593;0,4043;0,0132;0,7117;0,5307;0,1683;0,234;0,6252;0,8129;0,5151;0,207;0,099;0,4086;0,4486
,79,88,88,89,89
Generacija 1, Fitness 86,17258, Gen ;0,794;0,3109;0,592;0,1174;0,0735;0,2043;0,1677;0,0593;0,4043;0,0132;0,7117;0,5307;0,1683;0,234;0,6252;0,8129;0,5151;0,207;0,099;0,4086;0,4486
,45,45,46,46,46
Generacija 1, Fitness 50,24729, Gen ;0,794;0,3109;0,592;0,1174;0,0735;0,2043;0,1677;0,0593;0,4043;0,0132;0,7117;0,5307;0,1683;0,234;0,6252;0,8129;0,5151;0,207;0,099;0,4086;0,4486
,59,62,64,65,70
Generacija 1, Fitness 0,1666667, Gen ;0,794;0,3109;0,592;0,1174;0,0735;0,2043;0,1677;0,0593;0,4043;0,0132;0,7117;0,5307;0,1683;0,234;0,6252;0,8129;0,5151;0,207;0,099;0,4086;0,4486
,70,74,166,166
Generacija 1, Fitness 20,47797, Gen ;0,794;0,3109;0,592;0,1174;0,0735;0,2043;0,1677;0,0593;0,4043;0,0132;0,7117;0,5307;0,1683;0,234;0,6252;0,8129;0,5151;0,207;0,099;0,4086;0,4486
,93,95,95,95,98
Generacija 1, Fitness 42,47417, Gen ;0,794;0,3109;0,592;0,1174;0,0735;0,2043;0,1677;0,0593;0,4043;0,0132;0,7117;0,5307;0,1683;0,234;0,6252;0,8129;0,5151;0,207;0,099;0,4086;0,4486
,73,73,73,73,74
Generacija 1, Fitness 46,5544, Gen ;0,794;0,3109;0,592;0,1174;0,0735;0,2043;0,1677;0,0593;0,4043;0,0132;0,7117;0,5307;0,1683;0,234;0,6252;0,8129;0,5151;0,207;0,099;0,4086;0,4486
,59,59,59,60,75
