	150Stroembom ovc
	3 AI1 ovcarjev
Generacija 1, Fitness 0,006622517, Gen ;0;0;0;0;0;0;0;0;0;0;0;0;0;0;0;0;0;0;0;0;0

Generacija 1, Fitness 0,006622517, Gen ;0;0;0;0;0;0;0;0;0;0;0;0;0;0;0;0;0;0;0;0;0

Generacija 1, Fitness 0,006622517, Gen ;0;0;0;0;0;0;0;0;0;0;0;0;0;0;0;0;0;0;0;0;0

Generacija 1, Fitness 0,006622517, Gen ;0;0;0;0;0;0;0;0;0;0;0;0;0;0;0;0;0;0;0;0;0

Generacija 1, Fitness 0,006622517, Gen ;0;0;0;0;0;0;0;0;0;0;0;0;0;0;0;0;0;0;0;0;0

Generacija 1, Fitness 0,006622517, Gen ;0;0;0;0;0;0;0;0;0;0;0;0;0;0;0;0;0;0;0;0;0

Generacija 1, Fitness 0,006622517, Gen ;0;0;0;0;0;0;0;0;0;0;0;0;0;0;0;0;0;0;0;0;0

Generacija 1, Fitness 0,006622517, Gen ;0;0;0;0;0;0;0;0;0;0;0;0;0;0;0;0;0;0;0;0;0

Generacija 1, Fitness 0,006622517, Gen ;0;0;0;0;0;0;0;0;0;0;0;0;0;0;0;0;0;0;0;0;0

Generacija 1, Fitness 0,006622517, Gen ;0;0;0;0;0;0;0;0;0;0;0;0;0;0;0;0;0;0;0;0;0

Generacija 1, Fitness 0,006622517, Gen ;0;0;0;0;0;0;0;0;0;0;0;0;0;0;0;0;0;0;0;0;0

Generacija 1, Fitness 0,006622517, Gen ;0;0;0;0;0;0;0;0;0;0;0;0;0;0;0;0;0;0;0;0;0

Generacija 1, Fitness 0,006622517, Gen ;0;0;0;0;0;0;0;0;0;0;0;0;0;0;0;0;0;0;0;0;0

Generacija 1, Fitness 0,006622517, Gen ;0;0;0;0;0;0;0;0;0;0;0;0;0;0;0;0;0;0;0;0;0

Generacija 1, Fitness 0,006622517, Gen ;0;0;0;0;0;0;0;0;0;0;0;0;0;0;0;0;0;0;0;0;0

Generacija 1, Fitness 0,006622517, Gen ;0;0;0;0;0;0;0;0;0;0;0;0;0;0;0;0;0;0;0;0;0

Generacija 1, Fitness 0,006622517, Gen ;0;0;0;0;0;0;0;0;0;0;0;0;0;0;0;0;0;0;0;0;0

Generacija 1, Fitness 0,006622517, Gen ;0;0;0;0;0;0;0;0;0;0;0;0;0;0;0;0;0;0;0;0;0

Generacija 1, Fitness 0,006622517, Gen ;0;0;0;0;0;0;0;0;0;0;0;0;0;0;0;0;0;0;0;0;0

Generacija 1, Fitness 0,006622517, Gen ;0;0;0;0;0;0;0;0;0;0;0;0;0;0;0;0;0;0;0;0;0

Generacija 1, Fitness 0,006622517, Gen ;0;0;0;0;0;0;0;0;0;0;0;0;0;0;0;0;0;0;0;0;0

Generacija 1, Fitness 0,006622517, Gen ;0;0;0;0;0;0;0;0;0;0;0;0;0;0;0;0;0;0;0;0;0

Generacija 1, Fitness 0,006622517, Gen ;0;0;0;0;0;0;0;0;0;0;0;0;0;0;0;0;0;0;0;0;0

Generacija 1, Fitness 0,006622517, Gen ;0;0;0;0;0;0;0;0;0;0;0;0;0;0;0;0;0;0;0;0;0

Generacija 1, Fitness 0,006622517, Gen ;0;0;0;0;0;0;0;0;0;0;0;0;0;0;0;0;0;0;0;0;0
,82,177,178,178,179
Generacija 1, Fitness 0,006622517, Gen ;0;0;0;0;0;0;0;0;0;0;0;0;0;0;0;0;0;0;0;0;0

Generacija 1, Fitness 0,006622517, Gen ;0;0;0;0;0;0;0;0;0;0;0;0;0;0;0;0;0;0;0;0;0

Generacija 1, Fitness 0,006622517, Gen ;0;0;0;0;0;0;0;0;0;0;0;0;0;0;0;0;0;0;0;0;0

Generacija 1, Fitness 0,006622517, Gen ;0;0;0;0;0;0;0;0;0;0;0;0;0;0;0;0;0;0;0;0;0

Generacija 1, Fitness 0,006622517, Gen ;0;0;0;0;0;0;0;0;0;0;0;0;0;0;0;0;0;0;0;0;0

Generacija 1, Fitness 0,006622517, Gen ;0;0;0;0;0;0;0;0;0;0;0;0;0;0;0;0;0;0;0;0;0

Generacija 1, Fitness 0,006622517, Gen ;0;0;0;0;0;0;0;0;0;0;0;0;0;0;0;0;0;0;0;0;0

Generacija 1, Fitness 0,006622517, Gen ;0;0;0;0;0;0;0;0;0;0;0;0;0;0;0;0;0;0;0;0;0

Generacija 1, Fitness 0,006622517, Gen ;0;0;0;0;0;0;0;0;0;0;0;0;0;0;0;0;0;0;0;0;0

Generacija 1, Fitness 0,006622517, Gen ;0;0;0;0;0;0;0;0;0;0;0;0;0;0;0;0;0;0;0;0;0

Generacija 1, Fitness 0,006622517, Gen ;0;0;0;0;0;0;0;0;0;0;0;0;0;0;0;0;0;0;0;0;0

Generacija 1, Fitness 0,006622517, Gen ;0;0;0;0;0;0;0;0;0;0;0;0;0;0;0;0;0;0;0;0;0
,137
Generacija 1, Fitness 0,006622517, Gen ;0;0;0;0;0;0;0;0;0;0;0;0;0;0;0;0;0;0;0;0;0

Generacija 1, Fitness 0,006622517, Gen ;0;0;0;0;0;0;0;0;0;0;0;0;0;0;0;0;0;0;0;0;0

Generacija 1, Fitness 0,006622517, Gen ;0;0;0;0;0;0;0;0;0;0;0;0;0;0;0;0;0;0;0;0;0

Generacija 1, Fitness 0,006622517, Gen ;0;0;0;0;0;0;0;0;0;0;0;0;0;0;0;0;0;0;0;0;0

Generacija 1, Fitness 0,006622517, Gen ;0;0;0;0;0;0;0;0;0;0;0;0;0;0;0;0;0;0;0;0;0

Generacija 1, Fitness 0,006622517, Gen ;0;0;0;0;0;0;0;0;0;0;0;0;0;0;0;0;0;0;0;0;0
,140
Generacija 1, Fitness 0,006622517, Gen ;0;0;0;0;0;0;0;0;0;0;0;0;0;0;0;0;0;0;0;0;0

Generacija 1, Fitness 0,006622517, Gen ;0;0;0;0;0;0;0;0;0;0;0;0;0;0;0;0;0;0;0;0;0

Generacija 1, Fitness 0,006622517, Gen ;0;0;0;0;0;0;0;0;0;0;0;0;0;0;0;0;0;0;0;0;0

Generacija 1, Fitness 0,006622517, Gen ;0;0;0;0;0;0;0;0;0;0;0;0;0;0;0;0;0;0;0;0;0

Generacija 1, Fitness 0,006622517, Gen ;0;0;0;0;0;0;0;0;0;0;0;0;0;0;0;0;0;0;0;0;0
,62
Generacija 1, Fitness 0,006622517, Gen ;0;0;0;0;0;0;0;0;0;0;0;0;0;0;0;0;0;0;0;0;0
,98,166,167,168,168,169,170,171,171,172,173,176,179
Generacija 1, Fitness 0,006622517, Gen ;0;0;0;0;0;0;0;0;0;0;0;0;0;0;0;0;0;0;0;0;0

Generacija 1, Fitness 0,006622517, Gen ;0;0;0;0;0;0;0;0;0;0;0;0;0;0;0;0;0;0;0;0;0

Generacija 1, Fitness 0,006622517, Gen ;0;0;0;0;0;0;0;0;0;0;0;0;0;0;0;0;0;0;0;0;0

Generacija 1, Fitness 0,006622517, Gen ;0;0;0;0;0;0;0;0;0;0;0;0;0;0;0;0;0;0;0;0;0

Generacija 1, Fitness 0,006622517, Gen ;0;0;0;0;0;0;0;0;0;0;0;0;0;0;0;0;0;0;0;0;0

Generacija 1, Fitness 0,006622517, Gen ;0;0;0;0;0;0;0;0;0;0;0;0;0;0;0;0;0;0;0;0;0

Generacija 1, Fitness 0,006622517, Gen ;0;0;0;0;0;0;0;0;0;0;0;0;0;0;0;0;0;0;0;0;0

Generacija 1, Fitness 0,006622517, Gen ;0;0;0;0;0;0;0;0;0;0;0;0;0;0;0;0;0;0;0;0;0

Generacija 1, Fitness 0,006622517, Gen ;0;0;0;0;0;0;0;0;0;0;0;0;0;0;0;0;0;0;0;0;0

Generacija 1, Fitness 0,006622517, Gen ;0;0;0;0;0;0;0;0;0;0;0;0;0;0;0;0;0;0;0;0;0

Generacija 1, Fitness 0,006622517, Gen ;0;0;0;0;0;0;0;0;0;0;0;0;0;0;0;0;0;0;0;0;0

Generacija 1, Fitness 0,006622517, Gen ;0;0;0;0;0;0;0;0;0;0;0;0;0;0;0;0;0;0;0;0;0

Generacija 1, Fitness 0,006622517, Gen ;0;0;0;0;0;0;0;0;0;0;0;0;0;0;0;0;0;0;0;0;0

Generacija 1, Fitness 0,006622517, Gen ;0;0;0;0;0;0;0;0;0;0;0;0;0;0;0;0;0;0;0;0;0

Generacija 1, Fitness 0,006622517, Gen ;0;0;0;0;0;0;0;0;0;0;0;0;0;0;0;0;0;0;0;0;0

Generacija 1, Fitness 0,006622517, Gen ;0;0;0;0;0;0;0;0;0;0;0;0;0;0;0;0;0;0;0;0;0

Generacija 1, Fitness 0,006622517, Gen ;0;0;0;0;0;0;0;0;0;0;0;0;0;0;0;0;0;0;0;0;0

Generacija 1, Fitness 0,006622517, Gen ;0;0;0;0;0;0;0;0;0;0;0;0;0;0;0;0;0;0;0;0;0

Generacija 1, Fitness 0,006622517, Gen ;0;0;0;0;0;0;0;0;0;0;0;0;0;0;0;0;0;0;0;0;0

Generacija 1, Fitness 0,006622517, Gen ;0;0;0;0;0;0;0;0;0;0;0;0;0;0;0;0;0;0;0;0;0

Generacija 1, Fitness 0,006622517, Gen ;0;0;0;0;0;0;0;0;0;0;0;0;0;0;0;0;0;0;0;0;0

Generacija 1, Fitness 0,006622517, Gen ;0;0;0;0;0;0;0;0;0;0;0;0;0;0;0;0;0;0;0;0;0

Generacija 1, Fitness 0,006622517, Gen ;0;0;0;0;0;0;0;0;0;0;0;0;0;0;0;0;0;0;0;0;0

Generacija 1, Fitness 0,006622517, Gen ;0;0;0;0;0;0;0;0;0;0;0;0;0;0;0;0;0;0;0;0;0

Generacija 1, Fitness 0,006622517, Gen ;0;0;0;0;0;0;0;0;0;0;0;0;0;0;0;0;0;0;0;0;0

Generacija 1, Fitness 0,006622517, Gen ;0;0;0;0;0;0;0;0;0;0;0;0;0;0;0;0;0;0;0;0;0

Generacija 1, Fitness 0,006622517, Gen ;0;0;0;0;0;0;0;0;0;0;0;0;0;0;0;0;0;0;0;0;0

Generacija 1, Fitness 0,006622517, Gen ;0;0;0;0;0;0;0;0;0;0;0;0;0;0;0;0;0;0;0;0;0

Generacija 1, Fitness 0,006622517, Gen ;0;0;0;0;0;0;0;0;0;0;0;0;0;0;0;0;0;0;0;0;0

Generacija 1, Fitness 0,006622517, Gen ;0;0;0;0;0;0;0;0;0;0;0;0;0;0;0;0;0;0;0;0;0

Generacija 1, Fitness 0,006622517, Gen ;0;0;0;0;0;0;0;0;0;0;0;0;0;0;0;0;0;0;0;0;0

Generacija 1, Fitness 0,006622517, Gen ;0;0;0;0;0;0;0;0;0;0;0;0;0;0;0;0;0;0;0;0;0

Generacija 1, Fitness 0,006622517, Gen ;0;0;0;0;0;0;0;0;0;0;0;0;0;0;0;0;0;0;0;0;0

Generacija 1, Fitness 0,006622517, Gen ;0;0;0;0;0;0;0;0;0;0;0;0;0;0;0;0;0;0;0;0;0

Generacija 1, Fitness 0,006622517, Gen ;0;0;0;0;0;0;0;0;0;0;0;0;0;0;0;0;0;0;0;0;0

Generacija 1, Fitness 0,006622517, Gen ;0;0;0;0;0;0;0;0;0;0;0;0;0;0;0;0;0;0;0;0;0

Generacija 1, Fitness 0,006622517, Gen ;0;0;0;0;0;0;0;0;0;0;0;0;0;0;0;0;0;0;0;0;0

Generacija 1, Fitness 0,006622517, Gen ;0;0;0;0;0;0;0;0;0;0;0;0;0;0;0;0;0;0;0;0;0

Generacija 1, Fitness 0,006622517, Gen ;0;0;0;0;0;0;0;0;0;0;0;0;0;0;0;0;0;0;0;0;0

Generacija 1, Fitness 0,006622517, Gen ;0;0;0;0;0;0;0;0;0;0;0;0;0;0;0;0;0;0;0;0;0

Generacija 1, Fitness 0,006622517, Gen ;0;0;0;0;0;0;0;0;0;0;0;0;0;0;0;0;0;0;0;0;0

Generacija 1, Fitness 0,006622517, Gen ;0;0;0;0;0;0;0;0;0;0;0;0;0;0;0;0;0;0;0;0;0

Generacija 1, Fitness 0,006622517, Gen ;0;0;0;0;0;0;0;0;0;0;0;0;0;0;0;0;0;0;0;0;0

Generacija 1, Fitness 0,006622517, Gen ;0;0;0;0;0;0;0;0;0;0;0;0;0;0;0;0;0;0;0;0;0

Generacija 1, Fitness 0,006622517, Gen ;0;0;0;0;0;0;0;0;0;0;0;0;0;0;0;0;0;0;0;0;0

Generacija 1, Fitness 0,006622517, Gen ;0;0;0;0;0;0;0;0;0;0;0;0;0;0;0;0;0;0;0;0;0

Generacija 1, Fitness 0,006622517, Gen ;0;0;0;0;0;0;0;0;0;0;0;0;0;0;0;0;0;0;0;0;0

Generacija 1, Fitness 0,006622517, Gen ;0;0;0;0;0;0;0;0;0;0;0;0;0;0;0;0;0;0;0;0;0

Generacija 1, Fitness 0,006622517, Gen ;0;0;0;0;0;0;0;0;0;0;0;0;0;0;0;0;0;0;0;0;0

Generacija 1, Fitness 0,006622517, Gen ;0;0;0;0;0;0;0;0;0;0;0;0;0;0;0;0;0;0;0;0;0

Generacija 1, Fitness 0,006622517, Gen ;0;0;0;0;0;0;0;0;0;0;0;0;0;0;0;0;0;0;0;0;0

