	200Stroembom ovc
	4 AI1 ovcarjev
Generacija 1, Fitness 0,004975124, Gen ;0,9301;0,4684;0,2302;0,721;0,8252;0,0196;0,1321;0,1209;0,3277;0,1559;0,6461;0,9149;0,7227;0,9921;0,3148;0,5941;0,032;0,7177;0,9412;0,5397;0,9696

Generacija 1, Fitness 0,004975124, Gen ;0;0;0;0;0;0;0;0;0;0;0;0;0;0;0;0;0;0;0;0;0
,93,93,94,94,94,94,95,96,96,100,104,106,114
Generacija 1, Fitness 0,004975124, Gen ;0;0;0;0;0;0;0;0;0;0;0;0;0;0;0;0;0;0;0;0;0

Generacija 1, Fitness 0,004975124, Gen ;0;0;0;0;0;0;0;0;0;0;0;0;0;0;0;0;0;0;0;0;0

