	25Ginelli ovc
	1 AI1 ovcarjev
1 0 2430 3461 7080 4562 2234 386 1848 7510 725 3722 755 6016 3115 2815 8803 5969 1522 6679 6551 4405 2550

1 0 9068 4420 24 3001 3610 7885 1240 7655 5789 9896 213 4989 7321 1013 3564 5688 5133 9557 5519 3138 3967

1 0 9987 4989 5514 9819 6603 7181 4500 6754 5201 3759 4092 4823 9165 6466 5934 578 6513 3563 3013 431 6032

1 0 2262 1527 2853 6476 9570 9913 4916 2998 2323 4500 8642 1702 2509 7644 8869 6099 2354 8245 677 8590 6414

1 0 7120 1769 7457 383 9302 4480 8965 7042 191 8433 6834 667 9033 3268 4952 49 7330 7542 5036 6428 3738

1 0 8112 7944 7517 4386 7938 1809 1256 8688 9655 1153 9012 6211 5994 5200 7364 7224 2155 9432 6421 8159 8907

1 0 5602 7050 943 3093 3217 4503 2035 3192 7409 8085 278 8902 1046 6669 9522 5245 9582 9441 754 5007 9617

1 0 1567 9096 1697 1126 7748 2732 2919 7430 2706 2776 3382 3749 4920 2454 8673 1073 8010 1176 9137 3098 7288

1 0 2222 1200 4459 9053 1881 6551 4304 2143 8887 8823 1176 2785 6093 4477 2179 5273 4472 8774 3216 9419 6575

1 0,5126253 8953 356 8299 2496 7045 7920 1044 1482 6619 4955 3941 8748 157 588 8015 9128 9695 2469 5643 2710 6362
,138,138,138,138,138,138,139,139,139,139,139,139,139,139,139,139,139,139,140,140,140,140,142,144,147
1 0 1909 3930 7086 9323 5285 3447 7733 7781 3564 2154 1282 4392 6262 3728 9276 6411 2008 7188 9638 7432 6665

1 0 9580 2581 978 2170 7364 2447 2486 1368 7710 8879 7321 4309 8065 9532 518 2808 6153 9800 6132 6332 2943

1 0 4435 6675 6461 1128 3846 5412 246 9219 195 9048 9382 7671 5818 7807 1859 596 8436 8978 2591 4817 9489

1 0 9514 3463 8865 3867 6044 9675 4912 7518 1082 227 6563 8815 1453 5564 7487 6434 6807 4797 4015 7259 7502

1 0 6250 7110 9296 8108 6384 579 5888 1440 6302 1175 372 52 5880 2598 8777 4776 6841 796 1612 9758 3000

1 0 5226 56 247 1509 5203 8579 2095 3496 2771 4646 3827 2189 1564 5475 5427 5172 7551 1861 835 381 3781

1 0 7663 2814 5049 9987 6625 5180 5006 1942 1792 3533 2266 8283 4569 6012 1542 4023 7323 2753 9178 9276 7542

1 0 7269 1436 2100 4679 2731 4530 6171 853 4386 3894 3121 1210 9208 9650 4592 315 7778 7648 6325 1637 8640

1 0 1165 8298 8252 2984 5196 980 5694 3386 3408 6465 4903 3514 6689 5673 9285 9928 5418 6859 4799 2370 3284

1 1,323532E-06 342 6980 1998 1840 2014 8484 5089 3749 9207 8279 6187 4501 1241 716 9583 3596 3672 2485 8814 3137 5558
,147,147,147,148,148,148,148,148,148,148,148,149,149,149,149,149,149,149,149,149,150
1 0 1127 8317 483 8342 6331 9578 438 8749 4856 7891 2896 1083 3099 3420 9007 2648 9244 7489 8861 5810 15

1 0 6086 5307 3757 2203 9995 2439 2193 6497 9629 2871 3843 545 5904 3058 7550 6376 4538 1279 294 155 6438

1 0 3726 8154 9946 2675 6590 8124 202 9834 4740 5498 5216 5843 2735 146 8617 6709 4099 236 4398 4452 3591

1 0 8785 3296 2629 2843 3499 4097 1278 7897 7235 5683 995 2126 7539 2933 2704 4003 5087 8002 184 5133 6446

1 0 657 4436 3936 1310 5282 4342 548 6087 7445 8678 6892 7448 9519 1231 3900 8495 7560 5607 5103 6585 7686

1 0 5702 980 3554 321 6874 9649 9386 7514 5309 4913 2431 5540 6942 7199 5505 2682 9496 7400 5962 8721 8010

1 0 4613 3756 5171 574 1876 1566 8692 6421 3110 6604 5290 2297 6018 3317 1378 7778 6569 2411 7713 5309 9587

1 0 7881 3954 2355 1774 3471 8535 8151 8551 2026 3447 6188 2442 6786 5571 3868 817 8752 3923 5460 6779 3502

1 0 8220 1414 7788 1572 6315 9495 751 7496 4339 4175 2356 1798 9461 9324 8258 6334 4177 1659 4678 6385 63

1 0 700 6752 6364 9869 1173 8146 9003 6099 6936 9118 4789 1892 2788 2979 3578 1809 7356 561 3069 6503 5231

1 0 8683 4514 4153 1752 3568 7472 9622 5094 9222 3768 4521 9750 3194 4869 8722 5415 2099 1774 5101 4428 1410

1 0 3948 2922 9592 382 8627 6260 4624 4650 5270 3607 2847 1540 9723 7569 4861 3388 2198 1181 8598 3689 8515

1 6,751518E-06 4576 4 7344 3509 9895 78 7734 2940 5069 1040 9643 3111 8417 5123 5670 7696 2433 4334 7222 7007 940
,116,117,117,118,118,118,118,119,120,120,120,120,120,120,123,123,123,125,126,129
1 0 3378 5244 247 1833 2631 2616 5865 4152 5330 3571 9532 6507 7277 1723 2203 1526 428 104 6128 6598 6037

1 0 5233 2234 1455 2942 1021 4464 4965 5167 1286 3696 4034 6479 978 6193 5603 9262 7247 4662 4593 5987 1414

1 1,775986 6329 6383 4218 2281 3761 7378 1927 3951 2453 8605 7328 7635 175 6169 2388 2880 2385 6060 656 5670 2126
,97,101,103,105,108,109,109,130,130,130,130,130,130,130,131,133,134,134,134,134,134,135,136,136,138
1 0 9036 1412 622 9744 9737 493 3166 1948 6848 5447 3128 3354 8209 5378 1473 232 3954 7971 3313 2261 5625

1 0 1196 7237 5497 3094 6083 6225 8225 3275 9233 7857 5269 2255 3506 6639 4184 3869 6277 7068 4136 6881 9814

1 0 582 2172 6437 9062 9178 6978 1109 1883 2215 7330 5170 3326 7207 2951 7459 5924 6211 994 5922 8255 8323

1 0 4203 6051 7257 1823 5686 296 7257 5181 2436 7594 7456 960 5495 9327 8739 8882 3642 1010 5547 5543 4765

1 0 3533 8598 343 3115 7001 3196 4742 2529 2943 1574 9230 7096 6949 5738 6928 7853 4798 5308 2995 4341 5735

1 0 6904 7587 3342 2722 4838 1600 1094 2678 4171 8613 5976 4193 3769 5299 6118 3492 8694 5943 4815 4662 6444

1 0 6297 1708 4814 4692 9340 599 7575 1482 1951 9939 647 2603 9238 2747 1345 1734 9146 2962 6796 663 5158

1 0 3954 9705 5831 4959 6539 6537 7400 9681 762 2970 2698 9138 4113 2207 8364 8184 9452 1276 6728 3734 209

1 0 1324 9302 47 2129 5953 2292 5840 83 2131 7074 5363 8314 9603 1323 251 3661 851 8665 4947 7234 9397

1 0 9935 901 2163 1157 7294 4304 273 6754 1302 7635 7750 7287 3783 2684 4129 2259 5374 1617 2831 2882 4432

1 3,534017 673 4206 3162 1169 4111 7453 1077 8812 6738 9054 6701 3124 511 3785 9454 5019 8772 7607 6671 1283 4763
,120,120,120,120,120,121,121,121,121,121,121,121,121,121,121,121,121,122,122,122,122,122,122,123,124
1 0 1302 2144 7196 6519 4316 1337 1727 5256 1280 8197 958 8469 9014 4158 7834 591 7372 8526 4690 8950 9346

1 0 9286 9764 4423 1987 3814 981 2614 9774 1334 6436 7896 4654 5158 8004 7773 4895 3249 8950 1906 9305 5006

1 0 2498 6115 1891 4607 3965 9902 4647 2682 1898 7130 2866 8421 4746 328 9187 6141 4903 1580 5728 4912 7559

2 0 5602 1769 943 3093 3217 4503 2035 3192 191 8433 6834 667 9033 3268 9522 5245 9582 9441 5036 5007 3738

2 0 9987 7050 943 3093 3217 7181 4500 6754 7409 8085 278 4823 1046 6669 9522 5245 9582 9441 3013 5007 9617

2 0 2262 7050 943 3093 9570 9913 4916 3192 2323 8085 8642 1702 2509 7644 9522 5245 9582 9441 754 5007 9617

2 0 5602 3930 943 3093 3217 3447 7733 7781 3564 8085 1282 8902 1046 6669 9522 5245 9582 9441 754 5007 6665

2 0 9068 4420 1697 3001 3610 2732 2919 7655 5789 9896 213 3749 7321 2454 8673 1073 8010 9557 5519 3098 7288

2 0 2430 3461 7080 4562 9302 4480 1848 7042 725 8433 6834 6016 3115 3268 8803 5969 7330 6679 5036 6428 2550

2 0 1567 9096 1697 9819 6603 7181 2919 6754 2706 2776 4092 4823 9165 6466 5934 578 8010 3563 9137 3098 6032

2 0 9068 7050 943 3001 3217 7885 1240 3192 5789 8085 278 8902 1046 1013 9522 5245 5133 9441 5519 3138 9617

2 0 5602 7050 7457 383 9302 4480 8965 3192 191 8085 278 8902 9033 6669 9522 49 7330 9441 754 5007 3738

2 0 1567 9096 1697 1126 9570 2732 2919 7430 2706 4500 8642 1702 2509 7644 8673 1073 8010 1176 677 3098 7288

2 0 1909 1769 7457 383 9302 4480 7733 7042 3564 2154 1282 4392 9033 3268 4952 49 2008 7542 9638 6428 3738

2 0 1567 1527 2853 1126 9570 9913 2919 2998 2323 2776 3382 3749 4920 2454 8869 1073 2354 8245 677 3098 6414

2 0 5602 1200 4459 3093 1881 4503 4304 2143 7409 8085 1176 2785 1046 6669 2179 5273 9582 9441 3216 5007 6575

2 0 2222 1527 4459 6476 9570 9913 4916 2143 8887 4500 1176 2785 2509 7644 8869 5273 2354 8774 3216 8590 6575

2 2,84265E-06 2222 4420 4459 9053 3610 7885 4304 7655 5789 8823 1176 4989 7321 1013 3564 5688 4472 9557 5519 3138 6575
,124,124,124,124,124,124,124,124,124,124,124,125,125,125,125,125,125,125,125,125,126,127,156
2 0 1567 9096 1697 1126 7748 2732 2919 7430 2706 2776 3382 3749 4920 2454 8673 1073 8010 3894 9137 3098 7288

2 0 5602 7050 943 3093 3217 4503 2035 3192 7409 8085 278 8902 1046 6669 9522 5245 9582 9441 754 5007 9617

2 0 5602 1527 943 6476 9570 9913 2035 2998 7409 8085 278 1702 2509 6669 8869 5245 2354 8245 677 5007 9617

2 0 1909 1200 7086 9323 1881 6551 7733 7781 3564 8823 1282 2785 6093 4477 2179 6411 4472 7188 9638 9419 6575

2 0 8112 3930 7086 9323 5285 3447 1256 8688 9655 1153 9012 4392 5994 3728 7364 6411 2155 7188 6421 7432 6665

2 0 5602 7050 4459 9053 1881 6551 2035 2143 7409 8085 1176 8902 6093 6669 9522 5273 9582 9441 754 5007 9617

2 0 2222 3930 4459 9323 5285 6551 4304 2143 8887 8823 1282 4392 6093 3728 2179 5273 4472 8774 3216 7432 6665

2 0 1567 9096 1697 1126 7748 2732 2919 7430 2706 2776 3382 3749 4920 2454 8673 1073 8010 1176 9137 3098 7288

2 0 9987 9096 1697 9819 7748 2732 4500 7430 2706 3759 4092 3749 9165 2454 8673 578 8010 3563 9137 3098 6032

2 0 1567 9096 1697 9323 7748 3447 7733 7781 3564 2154 1282 3749 4920 2454 8673 1073 2008 7188 9638 3098 7288

2 0 9987 4989 943 9819 3217 4503 4500 6754 5201 6951 278 8902 1046 6669 9522 5245 6513 3563 3013 5007 9617

2 0 1567 9096 1697 1126 7938 2732 1256 7430 2706 2776 9012 6211 5994 5200 8673 1073 2155 1176 6421 8159 8907

2 0 9068 7944 7517 3001 3610 7885 1240 8688 9655 1153 213 4989 5994 5200 7364 5688 2155 9742 5519 8159 3967

2 0 1909 3930 7517 4386 5285 3447 1256 8688 9655 2154 9012 6211 5994 3728 7364 6411 2008 9432 9638 8159 8907

2 0 2222 1200 7517 4386 1881 1809 1256 8688 9655 8823 9012 2785 6093 4477 2179 7224 4472 9432 6421 8159 6575

2 0 7120 1769 7457 383 1881 6551 8965 2143 191 8823 1176 667 9033 3268 4952 5273 9869 8774 3216 6428 3738

2 0 1567 9096 1697 4386 7938 2732 1256 8688 2706 2776 3382 3749 5994 2454 7364 1073 8010 9432 9137 8159 7288

2 0 1567 9096 7517 4386 7938 2732 1256 8688 2706 1153 3382 6211 5994 5200 7364 1073 2155 1176 9137 8159 8907

2 0 2222 1200 7517 9053 1881 1809 1256 2143 9655 8823 1176 6211 6093 5200 7364 5273 2155 8774 3216 9419 6575

2 0 8112 7944 7517 4386 7748 2732 2919 8688 9655 1153 9012 3749 5994 2454 7364 7224 8010 1176 9137 3098 7288

2 4,066329E-06 1909 1527 7086 9323 9570 9913 4916 7781 2323 4500 8642 1702 6262 3728 8869 6411 2354 8245 9638 7432 6665
,161,161,161,161,161,162,163,164,164,165,167
2 0 1909 3930 7086 9323 5285 3447 7733 7781 3564 2154 1282 4392 6262 3728 9276 6411 2008 7188 9638 7432 6665

2 0 8112 1769 7457 383 9302 4480 8965 8688 9655 8433 9012 6211 5994 3268 7364 7224 7330 9432 5036 8159 8907

2 0 7120 1769 7457 9053 9302 6551 4304 2143 8887 8433 6834 2785 6093 4477 2179 5273 7330 8774 3216 6428 6575

2 0 1567 7944 1697 1126 7748 2732 1256 7430 2706 1153 3382 3749 4920 5200 8673 1073 8010 9432 9137 3098 7288

2 0 2222 1200 1697 9053 1881 2732 2919 7430 2706 8823 1176 2785 4920 2454 2179 1073 8010 8774 9137 9419 7288

2 0 2222 3930 4459 9053 1881 3447 4304 2143 8887 2154 1282 4392 6093 3 9276 6411 4472 7188 3216 7432 6665

2 2,070665E-07 2222 1527 4459 9053 9570 9913 4916 2143 2323 8823 8642 2785 6093 4477 8869 5273 4472 8774 677 9419 6575
,109,110,110,126,135,146,148
2 0 7120 9096 1697 383 9302 2732 2919 7042 191 2776 6834 667 9033 2454 4952 49 7330 1176 9137 3098 6973

2 0 8112 7944 7517 9323 7938 1809 7733 8688 3564 1153 1282 6211 5994 5200 7364 6411 2155 9432 6421 7432 6665

2 0 2430 3461 7080 4562 2234 2732 2919 7430 2706 3722 755 6016 3115 2815 8803 1073 2369 6679 9137 3098 2550

2 0 7120 1769 7457 383 9302 4480 8965 2143 8887 8433 6834 667 9033 3268 2179 5273 4472 7542 3216 6428 6575

2 0 9068 1200 4459 3001 1881 7885 1240 2143 8887 9896 213 2785 6093 1013 3564 5273 5133 9557 5519 3138 6575

2 0 8112 7944 7517 6476 7938 9913 4916 8688 9655 4500 8642 1702 5994 5200 8869 6099 2354 8245 6421 8159 8907

2 0 1909 3930 7086 6476 5285 331 4916 2998 3564 4500 8642 4392 2509 3728 9276 6411 2354 8245 9638 7432 6414

3 0 5602 9096 7457 383 9302 4480 2919 3529 191 8085 278 8902 2509 7644 8673 49 8010 9441 677 5007 3738

3 0 1567 7050 943 3093 9570 9913 4916 6754 2706 8085 8642 4823 2509 6466 9522 578 9582 3563 9137 3098 9617

3 0 5602 7050 7457 383 9302 4480 8965 3192 191 8085 5543 8902 9033 6669 9522 49 9013 9441 754 5007 3738

3 0 1567 9096 1697 1126 9570 2732 2919 7042 725 4500 8642 1702 2509 7644 8803 5969 8010 6679 677 3098 7288

3 0 9068 7050 943 3001 3217 7885 2919 3192 5789 9896 278 8902 7321 2454 9522 5245 5133 9557 5519 3098 9617

3 0 5602 3930 1697 9819 3217 3447 2919 7781 2706 8085 1282 4823 9165 6466 5934 578 9582 9441 9137 3098 6665

3 0 9068 4420 1697 3001 3610 2732 2919 7655 5789 9896 213 3749 7321 2454 8673 1073 8010 9557 5519 3098 7288

3 0 9068 4420 1697 9819 6603 2732 2919 6754 2706 2776 213 3749 7321 6466 8673 578 8010 9557 5519 3098 6032

3 0 1567 7050 1697 1126 9302 2732 8965 3192 191 4500 8642 8902 2509 7644 8673 49 7330 1176 754 5007 7288

3 0 2262 3461 7080 4562 9570 4480 4916 7042 2323 8433 6834 6016 2509 7644 9522 5245 7330 6679 754 6428 9617

3 0 2430 3461 7080 4562 9302 2732 1848 7430 2706 8433 8642 6016 3115 7644 8673 1073 8010 6679 677 3098 7288

3 0 9068 4420 1697 3001 9570 2732 2919 7655 2706 9896 8642 1702 7321 7644 8673 1073 8010 1176 677 3098 7288

3 0 9068 4420 1697 3093 3610 9913 2919 3192 5789 9896 8642 1702 2509 7644 8673 1073 9582 9557 5519 3098 7288

3 0 5602 7050 7457 383 9302 4480 8965 3192 191 8085 278 8902 9033 6669 9522 49 7330 9441 754 5007 3738

3 0 2430 3461 943 4562 9302 4480 7733 7042 725 8085 6834 8902 3115 3268 8803 5245 9582 6679 754 5007 2550

3 0 1567 9096 943 9819 3217 7181 2035 6754 2706 8433 4092 667 9165 6466 9522 578 8010 9441 9137 5007 6032

3 0 2430 7050 943 4562 9302 4480 1848 7042 725 8085 278 8902 3115 3268 9522 5969 5133 6679 5519 3138 9617

3 0 1567 9096 1697 3001 3217 2732 1240 3192 5789 8085 278 8902 2509 7644 9522 1073 5133 9441 5519 3098 7288

3 0 1567 9096 1697 9819 6603 7181 2919 7430 2706 4500 4092 1702 2509 7644 5934 1073 8010 1176 9137 3098 7288

3 0 5602 3461 7457 4562 9302 4480 1848 7042 191 8085 278 6016 3879 6669 9522 5969 7330 6679 5036 6428 3738

3 0 5602 3930 943 3093 3217 3447 1240 7781 3564 8085 278 8902 1046 6669 9522 5245 9582 9441 754 5007 6665

3 0 2262 7050 943 3093 9570 7181 4916 3192 2323 2776 4092 1702 9165 6466 9522 578 9582 9441 9137 5007 6032

3 0 9068 7050 1697 3001 3610 7885 2919 3192 5789 8085 213 3749 7321 1013 9522 1073 8010 9557 5519 3098 9617

3 0 9068 3930 1697 3001 3610 3447 7733 7781 5789 9896 1282 3749 7321 2454 9522 1073 9582 9441 5519 5007 6665

3 0 2262 4420 943 3001 3610 9913 4916 3192 2323 9896 8642 1702 2509 2454 9522 1073 9582 9557 754 3098 9617

3 0 1567 9096 1697 9819 6603 7181 2919 6754 2706 3144 4092 4823 9165 6466 5934 578 8010 3563 9137 3098 6032

3 0 1567 9096 7080 9819 6603 4480 1848 6754 2706 2776 4092 6016 3115 6466 8803 5969 7330 6679 9137 3098 2550

3 0 1567 9096 1697 383 9302 4480 2919 7430 2706 4500 8642 8902 2509 6669 8673 1073 7330 1176 677 3098 7288

