	1Ginelli ovc
	1 AI1 ovcarjev
Generacija 1, Fitness 1,097867, Gen ;0,592;0,9887;0,9359;0,0206;0,9892;0,7941;0,1824;0,9463;0,6983;0,7083;0,5709;0,4811;0,568;0,0449;0,4062;0,1939;0,3467;0,8297;0,7432;0,7736;0,5571
,154
Generacija 1, Fitness 70,62498, Gen ;0,1758;0,8914;-0,7844;-0,4824;-0,9536;-0,2274;-0,6354;-0,97;-0,3632;0,9598;0,64;0,4544;-0,95;0,916;0,7094;0,1482;0,9878;-0,6284;0,3704;-0,8696;0,1404
,55
Generacija 1, Fitness 42,98746, Gen ;0,1758;0,8914;-0,7844;-0,4824;-0,9536;-0,2274;-0,6354;-0,97;-0,3632;0,9598;0,64;0,4544;-0,95;0,916;0,7094;0,1482;0,9878;-0,6284;0,3704;-0,8696;0,1404
,74
Generacija 1, Fitness 78,38586, Gen ;0,1758;0,8914;-0,7844;-0,4824;-0,9536;-0,2274;-0,6354;-0,97;-0,3632;0,9598;0,64;0,4544;-0,95;0,916;0,7094;0,1482;0,9878;-0,6284;0,3704;-0,8696;0,1404
,50
Generacija 1, Fitness 64,82391, Gen ;0,1758;0,8914;-0,7844;-0,4824;-0,9536;-0,2274;-0,6354;-0,97;-0,3632;0,9598;0,64;0,4544;-0,95;0,916;0,7094;0,1482;0,9878;-0,6284;0,3704;-0,8696;0,1404
,58
Generacija 1, Fitness 92,41811, Gen ;0,1758;0,8914;-0,7844;-0,4824;-0,9536;-0,2274;-0,6354;-0,97;-0,3632;0,9598;0,64;0,4544;-0,95;0,916;0,7094;0,1482;0,9878;-0,6284;0,3704;-0,8696;0,1404
,43
Generacija 1, Fitness 88,4491, Gen ;0,1758;0,8914;-0,7844;-0,4824;-0,9536;-0,2274;-0,6354;-0,97;-0,3632;0,9598;0,64;0,4544;-0,95;0,916;0,7094;0,1482;0,9878;-0,6284;0,3704;-0,8696;0,1404
,45
Generacija 1, Fitness 74,25083, Gen ;0,1758;0,8914;-0,7844;-0,4824;-0,9536;-0,2274;-0,6354;-0,97;-0,3632;0,9598;0,64;0,4544;-0,95;0,916;0,7094;0,1482;0,9878;-0,6284;0,3704;-0,8696;0,1404
,53
Generacija 1, Fitness 69,1525, Gen ;0,1758;0,8914;-0,7844;-0,4824;-0,9536;-0,2274;-0,6354;-0,97;-0,3632;0,9598;0,64;0,4544;-0,95;0,916;0,7094;0,1482;0,9878;-0,6284;0,3704;-0,8696;0,1404
,56
Generacija 1, Fitness 115,6775, Gen ;0,1758;0,8914;-0,7844;-0,4824;-0,9536;-0,2274;-0,6354;-0,97;-0,3632;0,9598;0,64;0,4544;-0,95;0,916;0,7094;0,1482;0,9878;-0,6284;0,3704;-0,8696;0,1404
,32
Generacija 1, Fitness 89,74429, Gen ;0,1758;0,8914;-0,7844;-0,4824;-0,9536;-0,2274;-0,6354;-0,97;-0,3632;0,9598;0,64;0,4544;-0,95;0,916;0,7094;0,1482;0,9878;-0,6284;0,3704;-0,8696;0,1404
,44
Generacija 1, Fitness 86,50913, Gen ;0,1758;0,8914;-0,7844;-0,4824;-0,9536;-0,2274;-0,6354;-0,97;-0,3632;0,9598;0,64;0,4544;-0,95;0,916;0,7094;0,1482;0,9878;-0,6284;0,3704;-0,8696;0,1404
,46
Generacija 1, Fitness 87,15219, Gen ;0,1758;0,8914;-0,7844;-0,4824;-0,9536;-0,2274;-0,6354;-0,97;-0,3632;0,9598;0,64;0,4544;-0,95;0,916;0,7094;0,1482;0,9878;-0,6284;0,3704;-0,8696;0,1404
,45
Generacija 1, Fitness 91,72607, Gen ;0,1758;0,8914;-0,7844;-0,4824;-0,9536;-0,2274;-0,6354;-0,97;-0,3632;0,9598;0,64;0,4544;-0,95;0,916;0,7094;0,1482;0,9878;-0,6284;0,3704;-0,8696;0,1404
,43
Generacija 1, Fitness 78,01263, Gen ;0,1758;0,8914;-0,7844;-0,4824;-0,9536;-0,2274;-0,6354;-0,97;-0,3632;0,9598;0,64;0,4544;-0,95;0,916;0,7094;0,1482;0,9878;-0,6284;0,3704;-0,8696;0,1404
,50
Generacija 1, Fitness 32,35255, Gen ;0,1758;0,8914;-0,7844;-0,4824;-0,9536;-0,2274;-0,6354;-0,97;-0,3632;0,9598;0,64;0,4544;-0,95;0,916;0,7094;0,1482;0,9878;-0,6284;0,3704;-0,8696;0,1404
,84
Generacija 1, Fitness 15,29176, Gen ;0,1758;0,8914;-0,7844;-0,4824;-0,9536;-0,2274;-0,6354;-0,97;-0,3632;0,9598;0,64;0,4544;-0,95;0,916;0,7094;0,1482;0,9878;-0,6284;0,3704;-0,8696;0,1404
,105
Generacija 1, Fitness 46,70908, Gen ;0,1758;0,8914;-0,7844;-0,4824;-0,9536;-0,2274;-0,6354;-0,97;-0,3632;0,9598;0,64;0,4544;-0,95;0,916;0,7094;0,1482;0,9878;-0,6284;0,3704;-0,8696;0,1404
,71
Generacija 1, Fitness 96,51859, Gen ;0,1758;0,8914;-0,7844;-0,4824;-0,9536;-0,2274;-0,6354;-0,97;-0,3632;0,9598;0,64;0,4544;-0,95;0,916;0,7094;0,1482;0,9878;-0,6284;0,3704;-0,8696;0,1404
,41
Generacija 1, Fitness 101,499, Gen ;0,1758;0,8914;-0,7844;-0,4824;-0,9536;-0,2274;-0,6354;-0,97;-0,3632;0,9598;0,64;0,4544;-0,95;0,916;0,7094;0,1482;0,9878;-0,6284;0,3704;-0,8696;0,1404
,38
Generacija 1, Fitness 102,8928, Gen ;0,1758;0,8914;-0,7844;-0,4824;-0,9536;-0,2274;-0,6354;-0,97;-0,3632;0,9598;0,64;0,4544;-0,95;0,916;0,7094;0,1482;0,9878;-0,6284;0,3704;-0,8696;0,1404
,38
Generacija 1, Fitness 78,40531, Gen ;0,1758;0,8914;-0,7844;-0,4824;-0,9536;-0,2274;-0,6354;-0,97;-0,3632;0,9598;0,64;0,4544;-0,95;0,916;0,7094;0,1482;0,9878;-0,6284;0,3704;-0,8696;0,1404
,50
Generacija 1, Fitness 69,14751, Gen ;0,1758;0,8914;-0,7844;-0,4824;-0,9536;-0,2274;-0,6354;-0,97;-0,3632;0,9598;0,64;0,4544;-0,95;0,916;0,7094;0,1482;0,9878;-0,6284;0,3704;-0,8696;0,1404
,56
Generacija 1, Fitness 66,45039, Gen ;0,1758;0,8914;-0,7844;-0,4824;-0,9536;-0,2274;-0,6354;-0,97;-0,3632;0,9598;0,64;0,4544;-0,95;0,916;0,7094;0,1482;0,9878;-0,6284;0,3704;-0,8696;0,1404
,57
Generacija 1, Fitness 26,75033, Gen ;0,1758;0,8914;-0,7844;-0,4824;-0,9536;-0,2274;-0,6354;-0,97;-0,3632;0,9598;0,64;0,4544;-0,95;0,916;0,7094;0,1482;0,9878;-0,6284;0,3704;-0,8696;0,1404
,89
Generacija 1, Fitness 87,79511, Gen ;0,1758;0,8914;-0,7844;-0,4824;-0,9536;-0,2274;-0,6354;-0,97;-0,3632;0,9598;0,64;0,4544;-0,95;0,916;0,7094;0,1482;0,9878;-0,6284;0,3704;-0,8696;0,1404
,45
Generacija 1, Fitness 97,90397, Gen ;0,1758;0,8914;-0,7844;-0,4824;-0,9536;-0,2274;-0,6354;-0,97;-0,3632;0,9598;0,64;0,4544;-0,95;0,916;0,7094;0,1482;0,9878;-0,6284;0,3704;-0,8696;0,1404
,40
Generacija 1, Fitness 69,24125, Gen ;0,1758;0,8914;-0,7844;-0,4824;-0,9536;-0,2274;-0,6354;-0,97;-0,3632;0,9598;0,64;0,4544;-0,95;0,916;0,7094;0,1482;0,9878;-0,6284;0,3704;-0,8696;0,1404
,55
Generacija 1, Fitness 55,74579, Gen ;0,1758;0,8914;-0,7844;-0,4824;-0,9536;-0,2274;-0,6354;-0,97;-0,3632;0,9598;0,64;0,4544;-0,95;0,916;0,7094;0,1482;0,9878;-0,6284;0,3704;-0,8696;0,1404
,64
Generacija 1, Fitness 108,0589, Gen ;0,1758;0,8914;-0,7844;-0,4824;-0,9536;-0,2274;-0,6354;-0,97;-0,3632;0,9598;0,64;0,4544;-0,95;0,916;0,7094;0,1482;0,9878;-0,6284;0,3704;-0,8696;0,1404
,35
Generacija 1, Fitness 95,81854, Gen ;0,1758;0,8914;-0,7844;-0,4824;-0,9536;-0,2274;-0,6354;-0,97;-0,3632;0,9598;0,64;0,4544;-0,95;0,916;0,7094;0,1482;0,9878;-0,6284;0,3704;-0,8696;0,1404
,41
Generacija 1, Fitness 85,21378, Gen ;0,1758;0,8914;-0,7844;-0,4824;-0,9536;-0,2274;-0,6354;-0,97;-0,3632;0,9598;0,64;0,4544;-0,95;0,916;0,7094;0,1482;0,9878;-0,6284;0,3704;-0,8696;0,1404
,47
Generacija 1, Fitness 72,52913, Gen ;0,1758;0,8914;-0,7844;-0,4824;-0,9536;-0,2274;-0,6354;-0,97;-0,3632;0,9598;0,64;0,4544;-0,95;0,916;0,7094;0,1482;0,9878;-0,6284;0,3704;-0,8696;0,1404
,54
Generacija 1, Fitness 46,70845, Gen ;0,1758;0,8914;-0,7844;-0,4824;-0,9536;-0,2274;-0,6354;-0,97;-0,3632;0,9598;0,64;0,4544;-0,95;0,916;0,7094;0,1482;0,9878;-0,6284;0,3704;-0,8696;0,1404
,71
Generacija 1, Fitness 72,52728, Gen ;0,1758;0,8914;-0,7844;-0,4824;-0,9536;-0,2274;-0,6354;-0,97;-0,3632;0,9598;0,64;0,4544;-0,95;0,916;0,7094;0,1482;0,9878;-0,6284;0,3704;-0,8696;0,1404
,54
Generacija 1, Fitness 112,9373, Gen ;0,1758;0,8914;-0,7844;-0,4824;-0,9536;-0,2274;-0,6354;-0,97;-0,3632;0,9598;0,64;0,4544;-0,95;0,916;0,7094;0,1482;0,9878;-0,6284;0,3704;-0,8696;0,1404
,33
Generacija 1, Fitness 46,31276, Gen ;0,1758;0,8914;-0,7844;-0,4824;-0,9536;-0,2274;-0,6354;-0,97;-0,3632;0,9598;0,64;0,4544;-0,95;0,916;0,7094;0,1482;0,9878;-0,6284;0,3704;-0,8696;0,1404
,71
Generacija 1, Fitness 93,77251, Gen ;0,1758;0,8914;-0,7844;-0,4824;-0,9536;-0,2274;-0,6354;-0,97;-0,3632;0,9598;0,64;0,4544;-0,95;0,916;0,7094;0,1482;0,9878;-0,6284;0,3704;-0,8696;0,1404
,42
Generacija 1, Fitness 89,09528, Gen ;0,1758;0,8914;-0,7844;-0,4824;-0,9536;-0,2274;-0,6354;-0,97;-0,3632;0,9598;0,64;0,4544;-0,95;0,916;0,7094;0,1482;0,9878;-0,6284;0,3704;-0,8696;0,1404
,44
Generacija 1, Fitness 40,63088, Gen ;0,1758;0,8914;-0,7844;-0,4824;-0,9536;-0,2274;-0,6354;-0,97;-0,3632;0,9598;0,64;0,4544;-0,95;0,916;0,7094;0,1482;0,9878;-0,6284;0,3704;-0,8696;0,1404
,76
Generacija 1, Fitness 125,2955, Gen ;0,1758;0,8914;-0,7844;-0,4824;-0,9536;-0,2274;-0,6354;-0,97;-0,3632;0,9598;0,64;0,4544;-0,95;0,916;0,7094;0,1482;0,9878;-0,6284;0,3704;-0,8696;0,1404
,28
Generacija 1, Fitness 85,22715, Gen ;0,1758;0,8914;-0,7844;-0,4824;-0,9536;-0,2274;-0,6354;-0,97;-0,3632;0,9598;0,64;0,4544;-0,95;0,916;0,7094;0,1482;0,9878;-0,6284;0,3704;-0,8696;0,1404
,46
Generacija 1, Fitness 100,7249, Gen ;0,1758;0,8914;-0,7844;-0,4824;-0,9536;-0,2274;-0,6354;-0,97;-0,3632;0,9598;0,64;0,4544;-0,95;0,916;0,7094;0,1482;0,9878;-0,6284;0,3704;-0,8696;0,1404
,39
Generacija 1, Fitness 77,80473, Gen ;0,1758;0,8914;-0,7844;-0,4824;-0,9536;-0,2274;-0,6354;-0,97;-0,3632;0,9598;0,64;0,4544;-0,95;0,916;0,7094;0,1482;0,9878;-0,6284;0,3704;-0,8696;0,1404
,50
Generacija 1, Fitness 107,2686, Gen ;0,1758;0,8914;-0,7844;-0,4824;-0,9536;-0,2274;-0,6354;-0,97;-0,3632;0,9598;0,64;0,4544;-0,95;0,916;0,7094;0,1482;0,9878;-0,6284;0,3704;-0,8696;0,1404
,36
Generacija 1, Fitness 93,08339, Gen ;0,1758;0,8914;-0,7844;-0,4824;-0,9536;-0,2274;-0,6354;-0,97;-0,3632;0,9598;0,64;0,4544;-0,95;0,916;0,7094;0,1482;0,9878;-0,6284;0,3704;-0,8696;0,1404
,43
Generacija 1, Fitness 48,87777, Gen ;0,1758;0,8914;-0,7844;-0,4824;-0,9536;-0,2274;-0,6354;-0,97;-0,3632;0,9598;0,64;0,4544;-0,95;0,916;0,7094;0,1482;0,9878;-0,6284;0,3704;-0,8696;0,1404
,69
Generacija 1, Fitness 42,99506, Gen ;0,1758;0,8914;-0,7844;-0,4824;-0,9536;-0,2274;-0,6354;-0,97;-0,3632;0,9598;0,64;0,4544;-0,95;0,916;0,7094;0,1482;0,9878;-0,6284;0,3704;-0,8696;0,1404
,74
Generacija 1, Fitness 65,34965, Gen ;0,1758;0,8914;-0,7844;-0,4824;-0,9536;-0,2274;-0,6354;-0,97;-0,3632;0,9598;0,64;0,4544;-0,95;0,916;0,7094;0,1482;0,9878;-0,6284;0,3704;-0,8696;0,1404
,58
Generacija 1, Fitness 43,02282, Gen ;0,1758;0,8914;-0,7844;-0,4824;-0,9536;-0,2274;-0,6354;-0,97;-0,3632;0,9598;0,64;0,4544;-0,95;0,916;0,7094;0,1482;0,9878;-0,6284;0,3704;-0,8696;0,1404
,74
Generacija 1, Fitness 78,98906, Gen ;0,1758;0,8914;-0,7844;-0,4824;-0,9536;-0,2274;-0,6354;-0,97;-0,3632;0,9598;0,64;0,4544;-0,95;0,916;0,7094;0,1482;0,9878;-0,6284;0,3704;-0,8696;0,1404
,50
Generacija 1, Fitness 82,91914, Gen ;0,1758;0,8914;-0,7844;-0,4824;-0,9536;-0,2274;-0,6354;-0,97;-0,3632;0,9598;0,64;0,4544;-0,95;0,916;0,7094;0,1482;0,9878;-0,6284;0,3704;-0,8696;0,1404
,48
Generacija 1, Fitness 108,9565, Gen ;0,1758;0,8914;-0,7844;-0,4824;-0,9536;-0,2274;-0,6354;-0,97;-0,3632;0,9598;0,64;0,4544;-0,95;0,916;0,7094;0,1482;0,9878;-0,6284;0,3704;-0,8696;0,1404
,35
Generacija 1, Fitness 79,19727, Gen ;0,1758;0,8914;-0,7844;-0,4824;-0,9536;-0,2274;-0,6354;-0,97;-0,3632;0,9598;0,64;0,4544;-0,95;0,916;0,7094;0,1482;0,9878;-0,6284;0,3704;-0,8696;0,1404
,50
Generacija 1, Fitness 75,03826, Gen ;0,1758;0,8914;-0,7844;-0,4824;-0,9536;-0,2274;-0,6354;-0,97;-0,3632;0,9598;0,64;0,4544;-0,95;0,916;0,7094;0,1482;0,9878;-0,6284;0,3704;-0,8696;0,1404
,52
Generacija 1, Fitness 97,87596, Gen ;0,1758;0,8914;-0,7844;-0,4824;-0,9536;-0,2274;-0,6354;-0,97;-0,3632;0,9598;0,64;0,4544;-0,95;0,916;0,7094;0,1482;0,9878;-0,6284;0,3704;-0,8696;0,1404
,40
Generacija 1, Fitness 60,13581, Gen ;0,1758;0,8914;-0,7844;-0,4824;-0,9536;-0,2274;-0,6354;-0,97;-0,3632;0,9598;0,64;0,4544;-0,95;0,916;0,7094;0,1482;0,9878;-0,6284;0,3704;-0,8696;0,1404
,61
Generacija 1, Fitness 50,24114, Gen ;0,1758;0,8914;-0,7844;-0,4824;-0,9536;-0,2274;-0,6354;-0,97;-0,3632;0,9598;0,64;0,4544;-0,95;0,916;0,7094;0,1482;0,9878;-0,6284;0,3704;-0,8696;0,1404
,68
Generacija 1, Fitness 82,87309, Gen ;0,1758;0,8914;-0,7844;-0,4824;-0,9536;-0,2274;-0,6354;-0,97;-0,3632;0,9598;0,64;0,4544;-0,95;0,916;0,7094;0,1482;0,9878;-0,6284;0,3704;-0,8696;0,1404
,48
Generacija 1, Fitness 100,7256, Gen ;0,1758;0,8914;-0,7844;-0,4824;-0,9536;-0,2274;-0,6354;-0,97;-0,3632;0,9598;0,64;0,4544;-0,95;0,916;0,7094;0,1482;0,9878;-0,6284;0,3704;-0,8696;0,1404
,39
Generacija 1, Fitness 47,27928, Gen ;0,1758;0,8914;-0,7844;-0,4824;-0,9536;-0,2274;-0,6354;-0,97;-0,3632;0,9598;0,64;0,4544;-0,95;0,916;0,7094;0,1482;0,9878;-0,6284;0,3704;-0,8696;0,1404
,70
Generacija 1, Fitness 76,78509, Gen ;0,1758;0,8914;-0,7844;-0,4824;-0,9536;-0,2274;-0,6354;-0,97;-0,3632;0,9598;0,64;0,4544;-0,95;0,916;0,7094;0,1482;0,9878;-0,6284;0,3704;-0,8696;0,1404
,51
Generacija 1, Fitness 83,45877, Gen ;0,1758;0,8914;-0,7844;-0,4824;-0,9536;-0,2274;-0,6354;-0,97;-0,3632;0,9598;0,64;0,4544;-0,95;0,916;0,7094;0,1482;0,9878;-0,6284;0,3704;-0,8696;0,1404
,47
Generacija 1, Fitness 92,70119, Gen ;0,1758;0,8914;-0,7844;-0,4824;-0,9536;-0,2274;-0,6354;-0,97;-0,3632;0,9598;0,64;0,4544;-0,95;0,916;0,7094;0,1482;0,9878;-0,6284;0,3704;-0,8696;0,1404
,43
Generacija 1, Fitness 115,2231, Gen ;0,1758;0,8914;-0,7844;-0,4824;-0,9536;-0,2274;-0,6354;-0,97;-0,3632;0,9598;0,64;0,4544;-0,95;0,916;0,7094;0,1482;0,9878;-0,6284;0,3704;-0,8696;0,1404
,32
Generacija 1, Fitness 61,90004, Gen ;0,1758;0,8914;-0,7844;-0,4824;-0,9536;-0,2274;-0,6354;-0,97;-0,3632;0,9598;0,64;0,4544;-0,95;0,916;0,7094;0,1482;0,9878;-0,6284;0,3704;-0,8696;0,1404
,60
Generacija 1, Fitness 88,62376, Gen ;0,1758;0,8914;-0,7844;-0,4824;-0,9536;-0,2274;-0,6354;-0,97;-0,3632;0,9598;0,64;0,4544;-0,95;0,916;0,7094;0,1482;0,9878;-0,6284;0,3704;-0,8696;0,1404
,45
Generacija 1, Fitness 91,9068, Gen ;0,1758;0,8914;-0,7844;-0,4824;-0,9536;-0,2274;-0,6354;-0,97;-0,3632;0,9598;0,64;0,4544;-0,95;0,916;0,7094;0,1482;0,9878;-0,6284;0,3704;-0,8696;0,1404
,43
Generacija 1, Fitness 80,9501, Gen ;0,1758;0,8914;-0,7844;-0,4824;-0,9536;-0,2274;-0,6354;-0,97;-0,3632;0,9598;0,64;0,4544;-0,95;0,916;0,7094;0,1482;0,9878;-0,6284;0,3704;-0,8696;0,1404
,49
Generacija 1, Fitness 65,53532, Gen ;0,1758;0,8914;-0,7844;-0,4824;-0,9536;-0,2274;-0,6354;-0,97;-0,3632;0,9598;0,64;0,4544;-0,95;0,916;0,7094;0,1482;0,9878;-0,6284;0,3704;-0,8696;0,1404
,58
Generacija 1, Fitness 66,50349, Gen ;0,1758;0,8914;-0,7844;-0,4824;-0,9536;-0,2274;-0,6354;-0,97;-0,3632;0,9598;0,64;0,4544;-0,95;0,916;0,7094;0,1482;0,9878;-0,6284;0,3704;-0,8696;0,1404
,57
Generacija 1, Fitness 106,9092, Gen ;0,1758;0,8914;-0,7844;-0,4824;-0,9536;-0,2274;-0,6354;-0,97;-0,3632;0,9598;0,64;0,4544;-0,95;0,916;0,7094;0,1482;0,9878;-0,6284;0,3704;-0,8696;0,1404
,36
Generacija 1, Fitness 98,89515, Gen ;0,1758;0,8914;-0,7844;-0,4824;-0,9536;-0,2274;-0,6354;-0,97;-0,3632;0,9598;0,64;0,4544;-0,95;0,916;0,7094;0,1482;0,9878;-0,6284;0,3704;-0,8696;0,1404
,40
Generacija 1, Fitness 99,71464, Gen ;0,1758;0,8914;-0,7844;-0,4824;-0,9536;-0,2274;-0,6354;-0,97;-0,3632;0,9598;0,64;0,4544;-0,95;0,916;0,7094;0,1482;0,9878;-0,6284;0,3704;-0,8696;0,1404
,39
Generacija 1, Fitness 65,64658, Gen ;0,1758;0,8914;-0,7844;-0,4824;-0,9536;-0,2274;-0,6354;-0,97;-0,3632;0,9598;0,64;0,4544;-0,95;0,916;0,7094;0,1482;0,9878;-0,6284;0,3704;-0,8696;0,1404
,58
Generacija 1, Fitness 71,52007, Gen ;0,1758;0,8914;-0,7844;-0,4824;-0,9536;-0,2274;-0,6354;-0,97;-0,3632;0,9598;0,64;0,4544;-0,95;0,916;0,7094;0,1482;0,9878;-0,6284;0,3704;-0,8696;0,1404
,54
Generacija 1, Fitness 25,05002, Gen ;0,1758;0,8914;-0,7844;-0,4824;-0,9536;-0,2274;-0,6354;-0,97;-0,3632;0,9598;0,64;0,4544;-0,95;0,916;0,7094;0,1482;0,9878;-0,6284;0,3704;-0,8696;0,1404
,91
Generacija 1, Fitness 54,30789, Gen ;0,1758;0,8914;-0,7844;-0,4824;-0,9536;-0,2274;-0,6354;-0,97;-0,3632;0,9598;0,64;0,4544;-0,95;0,916;0,7094;0,1482;0,9878;-0,6284;0,3704;-0,8696;0,1404
,65
Generacija 1, Fitness 90,46019, Gen ;0,1758;0,8914;-0,7844;-0,4824;-0,9536;-0,2274;-0,6354;-0,97;-0,3632;0,9598;0,64;0,4544;-0,95;0,916;0,7094;0,1482;0,9878;-0,6284;0,3704;-0,8696;0,1404
,44
Generacija 1, Fitness 82,1468, Gen ;0,1758;0,8914;-0,7844;-0,4824;-0,9536;-0,2274;-0,6354;-0,97;-0,3632;0,9598;0,64;0,4544;-0,95;0,916;0,7094;0,1482;0,9878;-0,6284;0,3704;-0,8696;0,1404
,48
Generacija 1, Fitness 51,57895, Gen ;0,1758;0,8914;-0,7844;-0,4824;-0,9536;-0,2274;-0,6354;-0,97;-0,3632;0,9598;0,64;0,4544;-0,95;0,916;0,7094;0,1482;0,9878;-0,6284;0,3704;-0,8696;0,1404
,67
Generacija 1, Fitness 74,49096, Gen ;0,1758;0,8914;-0,7844;-0,4824;-0,9536;-0,2274;-0,6354;-0,97;-0,3632;0,9598;0,64;0,4544;-0,95;0,916;0,7094;0,1482;0,9878;-0,6284;0,3704;-0,8696;0,1404
,52
Generacija 1, Fitness 89,20946, Gen ;0,1758;0,8914;-0,7844;-0,4824;-0,9536;-0,2274;-0,6354;-0,97;-0,3632;0,9598;0,64;0,4544;-0,95;0,916;0,7094;0,1482;0,9878;-0,6284;0,3704;-0,8696;0,1404
,44
Generacija 1, Fitness 98,02987, Gen ;0,1758;0,8914;-0,7844;-0,4824;-0,9536;-0,2274;-0,6354;-0,97;-0,3632;0,9598;0,64;0,4544;-0,95;0,916;0,7094;0,1482;0,9878;-0,6284;0,3704;-0,8696;0,1404
,40
Generacija 1, Fitness 63,3577, Gen ;0,1758;0,8914;-0,7844;-0,4824;-0,9536;-0,2274;-0,6354;-0,97;-0,3632;0,9598;0,64;0,4544;-0,95;0,916;0,7094;0,1482;0,9878;-0,6284;0,3704;-0,8696;0,1404
,59
Generacija 1, Fitness 75,512, Gen ;0,1758;0,8914;-0,7844;-0,4824;-0,9536;-0,2274;-0,6354;-0,97;-0,3632;0,9598;0,64;0,4544;-0,95;0,916;0,7094;0,1482;0,9878;-0,6284;0,3704;-0,8696;0,1404
,52
Generacija 1, Fitness 80,57097, Gen ;0,1758;0,8914;-0,7844;-0,4824;-0,9536;-0,2274;-0,6354;-0,97;-0,3632;0,9598;0,64;0,4544;-0,95;0,916;0,7094;0,1482;0,9878;-0,6284;0,3704;-0,8696;0,1404
,49
Generacija 1, Fitness 81,00008, Gen ;0,1758;0,8914;-0,7844;-0,4824;-0,9536;-0,2274;-0,6354;-0,97;-0,3632;0,9598;0,64;0,4544;-0,95;0,916;0,7094;0,1482;0,9878;-0,6284;0,3704;-0,8696;0,1404
,49
Generacija 1, Fitness 93,95596, Gen ;0,1758;0,8914;-0,7844;-0,4824;-0,9536;-0,2274;-0,6354;-0,97;-0,3632;0,9598;0,64;0,4544;-0,95;0,916;0,7094;0,1482;0,9878;-0,6284;0,3704;-0,8696;0,1404
,42
Generacija 1, Fitness 29,29642, Gen ;0,1758;0,8914;-0,7844;-0,4824;-0,9536;-0,2274;-0,6354;-0,97;-0,3632;0,9598;0,64;0,4544;-0,95;0,916;0,7094;0,1482;0,9878;-0,6284;0,3704;-0,8696;0,1404
,87
Generacija 1, Fitness 86,03487, Gen ;0,1758;0,8914;-0,7844;-0,4824;-0,9536;-0,2274;-0,6354;-0,97;-0,3632;0,9598;0,64;0,4544;-0,95;0,916;0,7094;0,1482;0,9878;-0,6284;0,3704;-0,8696;0,1404
,46
Generacija 1, Fitness 80,94031, Gen ;0,1758;0,8914;-0,7844;-0,4824;-0,9536;-0,2274;-0,6354;-0,97;-0,3632;0,9598;0,64;0,4544;-0,95;0,916;0,7094;0,1482;0,9878;-0,6284;0,3704;-0,8696;0,1404
,49
Generacija 1, Fitness 91,13937, Gen ;0,1758;0,8914;-0,7844;-0,4824;-0,9536;-0,2274;-0,6354;-0,97;-0,3632;0,9598;0,64;0,4544;-0,95;0,916;0,7094;0,1482;0,9878;-0,6284;0,3704;-0,8696;0,1404
,43
Generacija 1, Fitness 105,377, Gen ;0,1758;0,8914;-0,7844;-0,4824;-0,9536;-0,2274;-0,6354;-0,97;-0,3632;0,9598;0,64;0,4544;-0,95;0,916;0,7094;0,1482;0,9878;-0,6284;0,3704;-0,8696;0,1404
,37
Generacija 1, Fitness 92,5034, Gen ;0,1758;0,8914;-0,7844;-0,4824;-0,9536;-0,2274;-0,6354;-0,97;-0,3632;0,9598;0,64;0,4544;-0,95;0,916;0,7094;0,1482;0,9878;-0,6284;0,3704;-0,8696;0,1404
,43
Generacija 1, Fitness 126,1617, Gen ;0,1758;0,8914;-0,7844;-0,4824;-0,9536;-0,2274;-0,6354;-0,97;-0,3632;0,9598;0,64;0,4544;-0,95;0,916;0,7094;0,1482;0,9878;-0,6284;0,3704;-0,8696;0,1404
,28
Generacija 1, Fitness 42,2613, Gen ;0,1758;0,8914;-0,7844;-0,4824;-0,9536;-0,2274;-0,6354;-0,97;-0,3632;0,9598;0,64;0,4544;-0,95;0,916;0,7094;0,1482;0,9878;-0,6284;0,3704;-0,8696;0,1404
,74
Generacija 1, Fitness 80,95694, Gen ;0,1758;0,8914;-0,7844;-0,4824;-0,9536;-0,2274;-0,6354;-0,97;-0,3632;0,9598;0,64;0,4544;-0,95;0,916;0,7094;0,1482;0,9878;-0,6284;0,3704;-0,8696;0,1404
,49
Generacija 1, Fitness 69,20726, Gen ;0,1758;0,8914;-0,7844;-0,4824;-0,9536;-0,2274;-0,6354;-0,97;-0,3632;0,9598;0,64;0,4544;-0,95;0,916;0,7094;0,1482;0,9878;-0,6284;0,3704;-0,8696;0,1404
,55
Generacija 1, Fitness 109,6325, Gen ;0,1758;0,8914;-0,7844;-0,4824;-0,9536;-0,2274;-0,6354;-0,97;-0,3632;0,9598;0,64;0,4544;-0,95;0,916;0,7094;0,1482;0,9878;-0,6284;0,3704;-0,8696;0,1404
,35
