	25Ginelli ovc
	3 AI1 ovcarjev
Fitness 91.41492, Gen ;0.8524;0.8653;0.9677;0.1276;0.101;0.3571;0.2721;0.2873;0.9851;0.9577;0.3889;0.7748;0.0307;0.8135;0.9041;0.8015;0.1495;0.1838;0.6155;0.1932;0.3865
,46,46,46,46,46,46,46,46,46,46,46,46,47,47,47,47,47,47,47,47,48,48,49,49,50
Fitness 111.2327, Gen ;0.8524;0.8653;0.9677;0.1276;0.101;0.3571;0.2721;0.2873;0.9851;0.9577;0.3889;0.7748;0.0307;0.8135;0.9041;0.8015;0.1495;0.1838;0.6155;0.1932;0.3865
,46,46,46,46,46,47,47,47,47,47,47,47,47,47,47,47,47,47,47,47,48,48,49,49,50
Fitness 113.3344, Gen ;0.8524;0.8653;0.9677;0.1276;0.101;0.3571;0.2721;0.2873;0.9851;0.9577;0.3889;0.7748;0.0307;0.8135;0.9041;0.8015;0.1495;0.1838;0.6155;0.1932;0.3865
,50,50,50,50,50,50,50,50,51,51,51,51,51,51,51,51,51,52,52,52,52,53,53,54,54
Fitness 109.0828, Gen ;0.8524;0.8653;0.9677;0.1276;0.101;0.3571;0.2721;0.2873;0.9851;0.9577;0.3889;0.7748;0.0307;0.8135;0.9041;0.8015;0.1495;0.1838;0.6155;0.1932;0.3865
,60,61,61,61,61,61,61,61,61,61,61,61,61,61,61,61,61,62,62,62,62,63,63,64,64
Fitness 106.4002, Gen ;0.8524;0.8653;0.9677;0.1276;0.101;0.3571;0.2721;0.2873;0.9851;0.9577;0.3889;0.7748;0.0307;0.8135;0.9041;0.8015;0.1495;0.1838;0.6155;0.1932;0.3865
,47,47,47,47,47,47,47,47,47,47,47,47,48,48,48,48,48,48,48,48,48,49,50,50,51
Fitness 95.20326, Gen ;0.8524;0.8653;0.9677;0.1276;0.101;0.3571;0.2721;0.2873;0.9851;0.9577;0.3889;0.7748;0.0307;0.8135;0.9041;0.8015;0.1495;0.1838;0.6155;0.1932;0.3865
,50,50,50,50,50,50,50,51,51,51,51,51,51,51,51,51,51,51,51,52,52,52,52,53,54
Fitness 65.52351, Gen ;0.8524;0.8653;0.9677;0.1276;0.101;0.3571;0.2721;0.2873;0.9851;0.9577;0.3889;0.7748;0.0307;0.8135;0.9041;0.8015;0.1495;0.1838;0.6155;0.1932;0.3865
,53,53,53,53,53,53,54,54,54,54,54,54,54,54,54,54,54,54,54,55,55,55,55,56,57
Fitness 105.7335, Gen ;0.8524;0.8653;0.9677;0.1276;0.101;0.3571;0.2721;0.2873;0.9851;0.9577;0.3889;0.7748;0.0307;0.8135;0.9041;0.8015;0.1495;0.1838;0.6155;0.1932;0.3865
,51,51,51,51,51,51,51,51,51,52,52,52,52,52,52,52,52,52,52,52,52,53,53,54,55
Fitness 95.09661, Gen ;0.8524;0.8653;0.9677;0.1276;0.101;0.3571;0.2721;0.2873;0.9851;0.9577;0.3889;0.7748;0.0307;0.8135;0.9041;0.8015;0.1495;0.1838;0.6155;0.1932;0.3865
,54,54,54,54,54,54,54,54,54,54,55,55,55,55,55,55,55,55,55,55,56,56,57,57,58
Fitness 86.01315, Gen ;0.8524;0.8653;0.9677;0.1276;0.101;0.3571;0.2721;0.2873;0.9851;0.9577;0.3889;0.7748;0.0307;0.8135;0.9041;0.8015;0.1495;0.1838;0.6155;0.1932;0.3865
,47,47,47,47,48,48,48,48,48,48,48,48,48,48,48,48,48,48,48,49,49,49,50,51,51
Fitness 91.59368, Gen ;0.8524;0.8653;0.9677;0.1276;0.101;0.3571;0.2721;0.2873;0.9851;0.9577;0.3889;0.7748;0.0307;0.8135;0.9041;0.8015;0.1495;0.1838;0.6155;0.1932;0.3865
,48,48,48,48,48,48,48,48,48,48,48,48,48,49,49,49,49,49,49,49,49,49,51,51,51
Fitness 83.45421, Gen ;0.8524;0.8653;0.9677;0.1276;0.101;0.3571;0.2721;0.2873;0.9851;0.9577;0.3889;0.7748;0.0307;0.8135;0.9041;0.8015;0.1495;0.1838;0.6155;0.1932;0.3865
,45,45,45,45,45,45,45,45,45,45,45,46,46,46,46,46,46,46,46,46,47,48,48,48,49
Fitness 104.9389, Gen ;0.8524;0.8653;0.9677;0.1276;0.101;0.3571;0.2721;0.2873;0.9851;0.9577;0.3889;0.7748;0.0307;0.8135;0.9041;0.8015;0.1495;0.1838;0.6155;0.1932;0.3865
,51,51,51,51,51,51,51,51,51,51,51,51,51,52,52,52,52,52,52,52,52,53,54,54,54
Fitness 100.5775, Gen ;0.8524;0.8653;0.9677;0.1276;0.101;0.3571;0.2721;0.2873;0.9851;0.9577;0.3889;0.7748;0.0307;0.8135;0.9041;0.8015;0.1495;0.1838;0.6155;0.1932;0.3865
,47,47,47,47,47,47,47,47,47,47,47,47,48,48,48,48,48,48,48,48,49,49,49,50,51
Fitness 111.6488, Gen ;0.8524;0.8653;0.9677;0.1276;0.101;0.3571;0.2721;0.2873;0.9851;0.9577;0.3889;0.7748;0.0307;0.8135;0.9041;0.8015;0.1495;0.1838;0.6155;0.1932;0.3865
,47,47,47,48,48,48,48,48,48,48,48,48,48,48,48,48,48,48,49,49,49,50,50,51,51
Fitness 93.8092, Gen ;0.8524;0.8653;0.9677;0.1276;0.101;0.3571;0.2721;0.2873;0.9851;0.9577;0.3889;0.7748;0.0307;0.8135;0.9041;0.8015;0.1495;0.1838;0.6155;0.1932;0.3865
,44,44,44,44,44,44,44,45,45,45,45,45,45,45,45,45,45,46,46,46,46,47,48,48,48
Fitness 103.1579, Gen ;0.8524;0.8653;0.9677;0.1276;0.101;0.3571;0.2721;0.2873;0.9851;0.9577;0.3889;0.7748;0.0307;0.8135;0.9041;0.8015;0.1495;0.1838;0.6155;0.1932;0.3865
,47,47,48,48,48,48,48,48,48,48,48,48,48,48,48,49,49,49,49,50,51,51,51,51,52
Fitness 103.2746, Gen ;0.8524;0.8653;0.9677;0.1276;0.101;0.3571;0.2721;0.2873;0.9851;0.9577;0.3889;0.7748;0.0307;0.8135;0.9041;0.8015;0.1495;0.1838;0.6155;0.1932;0.3865
,43,43,43,43,43,43,43,43,43,43,44,44,44,44,44,44,44,44,44,45,45,45,46,46,47
Fitness 113.4732, Gen ;0.8524;0.8653;0.9677;0.1276;0.101;0.3571;0.2721;0.2873;0.9851;0.9577;0.3889;0.7748;0.0307;0.8135;0.9041;0.8015;0.1495;0.1838;0.6155;0.1932;0.3865
,48,48,48,48,49,49,49,49,49,49,49,49,49,49,49,49,50,50,50,51,51,51,51,52,52
Fitness 99.83128, Gen ;0.8524;0.8653;0.9677;0.1276;0.101;0.3571;0.2721;0.2873;0.9851;0.9577;0.3889;0.7748;0.0307;0.8135;0.9041;0.8015;0.1495;0.1838;0.6155;0.1932;0.3865
,46,46,46,46,46,47,47,47,47,47,47,47,47,47,47,47,47,47,47,48,48,49,49,50,50
Fitness 116.2249, Gen ;0.8524;0.8653;0.9677;0.1276;0.101;0.3571;0.2721;0.2873;0.9851;0.9577;0.3889;0.7748;0.0307;0.8135;0.9041;0.8015;0.1495;0.1838;0.6155;0.1932;0.3865
,47,47,47,47,47,47,47,48,48,48,48,48,48,48,48,48,48,48,49,49,49,50,50,50,51
Fitness 97.54068, Gen ;0.8524;0.8653;0.9677;0.1276;0.101;0.3571;0.2721;0.2873;0.9851;0.9577;0.3889;0.7748;0.0307;0.8135;0.9041;0.8015;0.1495;0.1838;0.6155;0.1932;0.3865
,47,47,47,47,47,47,47,47,47,47,47,47,47,47,47,48,48,48,48,48,49,49,49,50,51
Fitness 105.1695, Gen ;0.8524;0.8653;0.9677;0.1276;0.101;0.3571;0.2721;0.2873;0.9851;0.9577;0.3889;0.7748;0.0307;0.8135;0.9041;0.8015;0.1495;0.1838;0.6155;0.1932;0.3865
,50,50,50,50,50,50,51,51,51,51,51,51,51,51,52,52,52,52,53,53,53,53,53,54,54
Fitness 103.0869, Gen ;0.8524;0.8653;0.9677;0.1276;0.101;0.3571;0.2721;0.2873;0.9851;0.9577;0.3889;0.7748;0.0307;0.8135;0.9041;0.8015;0.1495;0.1838;0.6155;0.1932;0.3865
,46,46,46,46,46,46,46,46,46,47,47,47,47,47,47,47,47,47,47,48,49,49,49,49,50
Fitness 105.1694, Gen ;0.8524;0.8653;0.9677;0.1276;0.101;0.3571;0.2721;0.2873;0.9851;0.9577;0.3889;0.7748;0.0307;0.8135;0.9041;0.8015;0.1495;0.1838;0.6155;0.1932;0.3865
,44,44,44,44,44,44,44,44,45,45,45,45,45,45,45,45,45,45,45,46,46,47,47,48,48
Fitness 91.88883, Gen ;0.8524;0.8653;0.9677;0.1276;0.101;0.3571;0.2721;0.2873;0.9851;0.9577;0.3889;0.7748;0.0307;0.8135;0.9041;0.8015;0.1495;0.1838;0.6155;0.1932;0.3865
,45,45,45,45,45,46,46,46,46,46,46,46,46,46,46,46,46,46,46,47,47,47,48,48,49
Fitness 106.8253, Gen ;0.8524;0.8653;0.9677;0.1276;0.101;0.3571;0.2721;0.2873;0.9851;0.9577;0.3889;0.7748;0.0307;0.8135;0.9041;0.8015;0.1495;0.1838;0.6155;0.1932;0.3865
,49,49,49,50,50,50,50,50,50,50,50,50,50,50,51,51,51,51,51,51,51,51,52,53,53
Fitness 112.0136, Gen ;0.8524;0.8653;0.9677;0.1276;0.101;0.3571;0.2721;0.2873;0.9851;0.9577;0.3889;0.7748;0.0307;0.8135;0.9041;0.8015;0.1495;0.1838;0.6155;0.1932;0.3865
,47,47,47,47,47,47,47,47,47,47,47,48,48,48,48,48,48,48,48,48,49,49,50,50,51
Fitness 109.7635, Gen ;0.8524;0.8653;0.9677;0.1276;0.101;0.3571;0.2721;0.2873;0.9851;0.9577;0.3889;0.7748;0.0307;0.8135;0.9041;0.8015;0.1495;0.1838;0.6155;0.1932;0.3865
,53,53,53,53,53,54,54,54,54,54,54,54,54,54,54,54,54,54,54,54,54,55,56,57,62
Fitness 96.01839, Gen ;0.8524;0.8653;0.9677;0.1276;0.101;0.3571;0.2721;0.2873;0.9851;0.9577;0.3889;0.7748;0.0307;0.8135;0.9041;0.8015;0.1495;0.1838;0.6155;0.1932;0.3865
,53,53,54,54,54,54,54,54,54,54,54,54,54,55,55,55,55,55,55,55,55,55,56,57,58
Fitness 104.0506, Gen ;0.8524;0.8653;0.9677;0.1276;0.101;0.3571;0.2721;0.2873;0.9851;0.9577;0.3889;0.7748;0.0307;0.8135;0.9041;0.8015;0.1495;0.1838;0.6155;0.1932;0.3865
,52,52,52,53,53,53,53,53,53,53,53,53,53,53,54,54,54,54,55,55,55,56,56,56,56
Fitness 79.3893, Gen ;0.8524;0.8653;0.9677;0.1276;0.101;0.3571;0.2721;0.2873;0.9851;0.9577;0.3889;0.7748;0.0307;0.8135;0.9041;0.8015;0.1495;0.1838;0.6155;0.1932;0.3865
,40,41,41,41,41,41,41,41,41,41,41,41,41,41,42,42,42,42,42,42,42,43,44,44,44
Fitness 83.69859, Gen ;0.8524;0.8653;0.9677;0.1276;0.101;0.3571;0.2721;0.2873;0.9851;0.9577;0.3889;0.7748;0.0307;0.8135;0.9041;0.8015;0.1495;0.1838;0.6155;0.1932;0.3865
,42,42,42,42,43,43,43,43,43,43,43,43,43,43,43,43,43,43,43,44,44,45,45,46,46
Fitness 85.94213, Gen ;0.8524;0.8653;0.9677;0.1276;0.101;0.3571;0.2721;0.2873;0.9851;0.9577;0.3889;0.7748;0.0307;0.8135;0.9041;0.8015;0.1495;0.1838;0.6155;0.1932;0.3865
,55,55,55,55,55,55,56,56,56,56,56,56,56,56,56,56,56,56,57,57,57,57,58,59,64
Fitness 125.3922, Gen ;0.8524;0.8653;0.9677;0.1276;0.101;0.3571;0.2721;0.2873;0.9851;0.9577;0.3889;0.7748;0.0307;0.8135;0.9041;0.8015;0.1495;0.1838;0.6155;0.1932;0.3865
,47,47,48,48,48,48,48,48,48,48,48,48,49,49,49,49,49,49,49,49,50,50,50,51,52
Fitness 118.7617, Gen ;0.8524;0.8653;0.9677;0.1276;0.101;0.3571;0.2721;0.2873;0.9851;0.9577;0.3889;0.7748;0.0307;0.8135;0.9041;0.8015;0.1495;0.1838;0.6155;0.1932;0.3865
,47,47,47,47,47,47,47,47,47,47,48,48,48,48,48,48,48,48,48,48,49,50,50,50,51
Fitness 72.90943, Gen ;0.8524;0.8653;0.9677;0.1276;0.101;0.3571;0.2721;0.2873;0.9851;0.9577;0.3889;0.7748;0.0307;0.8135;0.9041;0.8015;0.1495;0.1838;0.6155;0.1932;0.3865
,47,47,47,47,47,48,48,48,48,48,48,48,48,48,48,48,49,50,50,50,50,50,51,51,51
Fitness 102.5985, Gen ;0.8524;0.8653;0.9677;0.1276;0.101;0.3571;0.2721;0.2873;0.9851;0.9577;0.3889;0.7748;0.0307;0.8135;0.9041;0.8015;0.1495;0.1838;0.6155;0.1932;0.3865
,49,49,49,49,49,49,49,50,50,50,50,50,50,50,50,50,50,50,51,51,51,52,52,53,53
Fitness 102.2826, Gen ;0.8524;0.8653;0.9677;0.1276;0.101;0.3571;0.2721;0.2873;0.9851;0.9577;0.3889;0.7748;0.0307;0.8135;0.9041;0.8015;0.1495;0.1838;0.6155;0.1932;0.3865
,51,51,51,51,51,51,51,51,51,51,52,52,52,52,52,52,52,52,52,52,53,53,54,54,55
Fitness 100.4313, Gen ;0.8524;0.8653;0.9677;0.1276;0.101;0.3571;0.2721;0.2873;0.9851;0.9577;0.3889;0.7748;0.0307;0.8135;0.9041;0.8015;0.1495;0.1838;0.6155;0.1932;0.3865
,56,56,56,56,56,56,56,57,57,57,57,57,57,57,57,57,57,57,57,57,57,58,58,60,66
