	50Ginelli ovc
	1 AI1 ovcarjev
Fitness 52.78846, Gen ;0.797;0.5983;0.8401;0.167;0.5237;0.0569;0.0948;0.022;0.3164;0.9804;0.5999;0.1641;0.1382;0.0604;0.3649;0.9355;0.6478;0.2805;0.9172;0.7062;0.2397
,96,97,97,97,97,97,98,98,98,99,99,99,101,101,101,102,102,102,102,102,103,103,103,103,103,103,103,104,104,104,104,104,105,105,105,105,105,105,105,105,105,105,105,105,106,106,106,107,107,107
Fitness 53.53887, Gen ;0.797;0.5983;0.8401;0.167;0.5237;0.0569;0.0948;0.022;0.3164;0.9804;0.5999;0.1641;0.1382;0.0604;0.3649;0.9355;0.6478;0.2805;0.9172;0.7062;0.2397
,80,80,80,80,80,80,80,80,80,80,80,80,80,80,80,80,81,81,81,81,81,81,81,81,81,81,81,81,81,81,81,81,81,81,81,81,81,81,81,81,81,81,81,81,81,82,82,82,83,88
Fitness 72.70631, Gen ;0.797;0.5983;0.8401;0.167;0.5237;0.0569;0.0948;0.022;0.3164;0.9804;0.5999;0.1641;0.1382;0.0604;0.3649;0.9355;0.6478;0.2805;0.9172;0.7062;0.2397
,75,75,75,75,75,75,75,76,76,76,76,76,76,76,76,76,76,76,76,76,76,76,76,76,76,76,76,76,77,77,77,77,77,77,77,77,77,77,77,77,78,78,78,78,79,79,79,79,79,84
Fitness 73.29552, Gen ;0.797;0.5983;0.8401;0.167;0.5237;0.0569;0.0948;0.022;0.3164;0.9804;0.5999;0.1641;0.1382;0.0604;0.3649;0.9355;0.6478;0.2805;0.9172;0.7062;0.2397
,106,109,109,109,110,110,110,110,110,110,110,110,110,110,110,110,110,110,110,110,110,111,111,111,111,111,112,112,112,112,113,113,114,114,114,114,114,114,114,114,114,115,115,116,116,116,117,125,127,127
Fitness 77.3327, Gen ;0.797;0.5983;0.8401;0.167;0.5237;0.0569;0.0948;0.022;0.3164;0.9804;0.5999;0.1641;0.1382;0.0604;0.3649;0.9355;0.6478;0.2805;0.9172;0.7062;0.2397
,98,98,98,99,99,100,100,100,100,100,100,100,100,100,100,101,101,101,101,101,101,101,101,101,101,101,101,101,102,102,102,103,103,103,103,103,103,103,103,104,105,105,106,106,106,106,107,107,107,108
Fitness 21.65115, Gen ;0.797;0.5983;0.8401;0.167;0.5237;0.0569;0.0948;0.022;0.3164;0.9804;0.5999;0.1641;0.1382;0.0604;0.3649;0.9355;0.6478;0.2805;0.9172;0.7062;0.2397
,114,114,114,115,116,116,116,117,118,118,120,120,120,120,121,121,121,121,122,122,122,122,122,123,123,123,123,123,123,124,124,125,125,125,129,130,130,131,132,132,133,134,134,134,134,134,135,135,135,135
Fitness 57.22725, Gen ;0.797;0.5983;0.8401;0.167;0.5237;0.0569;0.0948;0.022;0.3164;0.9804;0.5999;0.1641;0.1382;0.0604;0.3649;0.9355;0.6478;0.2805;0.9172;0.7062;0.2397
,85,85,85,85,85,86,86,86,86,86,86,86,86,86,86,86,86,86,86,86,86,86,86,86,86,87,87,87,87,87,87,87,87,87,87,87,87,87,87,87,87,87,87,87,88,88,88,88,88,95
Fitness 68.21778, Gen ;0.797;0.5983;0.8401;0.167;0.5237;0.0569;0.0948;0.022;0.3164;0.9804;0.5999;0.1641;0.1382;0.0604;0.3649;0.9355;0.6478;0.2805;0.9172;0.7062;0.2397
,98,98,98,99,99,99,99,99,99,99,99,99,99,99,99,99,99,99,99,99,99,99,99,99,99,99,99,99,100,100,100,100,100,100,100,100,100,100,100,100,100,100,100,100,101,101,101,102,106,108
Fitness 8.360853, Gen ;0.797;0.5983;0.8401;0.167;0.5237;0.0569;0.0948;0.022;0.3164;0.9804;0.5999;0.1641;0.1382;0.0604;0.3649;0.9355;0.6478;0.2805;0.9172;0.7062;0.2397
,79,79,80,80,80,80,80,81,81,81,81,81,82,82,82,82,82,83,83,83,83,84,84,84,84,85,85,85,85,85,85,85,85,85,85,86,86,86,86,86,86,86,86,86,87,87,87,87,88,88
Fitness 21.86333, Gen ;0.797;0.5983;0.8401;0.167;0.5237;0.0569;0.0948;0.022;0.3164;0.9804;0.5999;0.1641;0.1382;0.0604;0.3649;0.9355;0.6478;0.2805;0.9172;0.7062;0.2397
,87,87,87,87,87,87,87,87,87,87,88,88,88,88,88,88,88,88,88,88,88,88,88,89,89,90,90,90,90,90,90,90,90,90,91,91,91,91,91,91,91,91,91,91,91,92,92,92,92,93
Fitness 4.087093, Gen ;0.797;0.5983;0.8401;0.167;0.5237;0.0569;0.0948;0.022;0.3164;0.9804;0.5999;0.1641;0.1382;0.0604;0.3649;0.9355;0.6478;0.2805;0.9172;0.7062;0.2397
,104,104,105,105,105,105,105,105,105,105,105,105,105,105,106,106,106,106,106,106,106,106,106,106,106,106,106,106,106,106,106,106,106,106,106,106,106,106,106,106,106,106,107,107,107,107,107,107,107,115
Fitness 43.11512, Gen ;0.797;0.5983;0.8401;0.167;0.5237;0.0569;0.0948;0.022;0.3164;0.9804;0.5999;0.1641;0.1382;0.0604;0.3649;0.9355;0.6478;0.2805;0.9172;0.7062;0.2397
,110,112,113,115,116,116,116,117,117,117,117,117,117,118,118,118,118,119,119,119,119,119,119,119,119,120,120,120,120,120,120,120,120,121,121,121,121,121,121,121,122,122,122,122,123,124,124,124,127,127
Fitness 22.76738, Gen ;0.797;0.5983;0.8401;0.167;0.5237;0.0569;0.0948;0.022;0.3164;0.9804;0.5999;0.1641;0.1382;0.0604;0.3649;0.9355;0.6478;0.2805;0.9172;0.7062;0.2397
,80,80,80,80,80,80,80,80,81,81,81,81,81,81,81,81,81,81,81,81,81,81,81,81,81,81,81,81,81,81,81,81,82,82,82,82,82,82,82,82,82,82,82,82,82,82,82,82,83,87
Fitness 54.4258, Gen ;0.797;0.5983;0.8401;0.167;0.5237;0.0569;0.0948;0.022;0.3164;0.9804;0.5999;0.1641;0.1382;0.0604;0.3649;0.9355;0.6478;0.2805;0.9172;0.7062;0.2397
,82,82,82,82,82,82,82,82,82,83,83,83,83,83,84,84,84,85,85,86,86,86,86,88,90,92,94,95,95,97,97,98,98,98,98,98,98,98,99,99,99,99,100,101,101,101,101,101,103,103
Fitness 43.34849, Gen ;0.797;0.5983;0.8401;0.167;0.5237;0.0569;0.0948;0.022;0.3164;0.9804;0.5999;0.1641;0.1382;0.0604;0.3649;0.9355;0.6478;0.2805;0.9172;0.7062;0.2397
,94,94,95,95,95,96,96,96,97,97,97,98,98,98,98,98,99,99,99,99,99,99,99,99,99,99,99,99,99,99,99,99,100,100,100,100,100,100,100,101,101,101,101,102,103,104,105,105,106,106
Fitness 15.95391, Gen ;0.797;0.5983;0.8401;0.167;0.5237;0.0569;0.0948;0.022;0.3164;0.9804;0.5999;0.1641;0.1382;0.0604;0.3649;0.9355;0.6478;0.2805;0.9172;0.7062;0.2397
,76,76,76,76,76,76,76,76,76,76,76,77,77,77,77,77,77,77,77,77,78,78,78,78,78,78,79,79,79,79,79,79,79,79,79,79,79,79,79,80,80,80,80,80,81,82,82,83,84,84
Fitness 6.759433, Gen ;0.797;0.5983;0.8401;0.167;0.5237;0.0569;0.0948;0.022;0.3164;0.9804;0.5999;0.1641;0.1382;0.0604;0.3649;0.9355;0.6478;0.2805;0.9172;0.7062;0.2397
,76,76,76,76,76,77,77,77,77,77,77,77,77,77,77,77,77,77,77,77,77,77,77,77,77,77,77,77,77,78,78,78,78,78,78,78,78,78,78,79,79,80,80,80,80,81,81,81,83,83
Fitness 59.41623, Gen ;0.797;0.5983;0.8401;0.167;0.5237;0.0569;0.0948;0.022;0.3164;0.9804;0.5999;0.1641;0.1382;0.0604;0.3649;0.9355;0.6478;0.2805;0.9172;0.7062;0.2397
,112,116,117,118,119,120,121,122,123,123,124,125,125,125,126,126,127,127,127,127,128,130,131,131,131,131,131,131,131,131,131,131,131,131,132,132,133,133,133,133,133,133,134,134,134,134,134,135,135,136
Fitness 32.80662, Gen ;0.797;0.5983;0.8401;0.167;0.5237;0.0569;0.0948;0.022;0.3164;0.9804;0.5999;0.1641;0.1382;0.0604;0.3649;0.9355;0.6478;0.2805;0.9172;0.7062;0.2397
,85,85,85,85,85,85,85,85,85,85,85,85,85,85,85,85,85,85,85,85,85,85,85,85,85,85,86,86,86,86,86,86,86,86,86,86,86,86,86,86,86,86,86,86,86,86,86,86,88,93
Fitness 24.42155, Gen ;0.797;0.5983;0.8401;0.167;0.5237;0.0569;0.0948;0.022;0.3164;0.9804;0.5999;0.1641;0.1382;0.0604;0.3649;0.9355;0.6478;0.2805;0.9172;0.7062;0.2397
,79,80,80,80,80,80,80,80,80,80,81,81,81,81,81,81,81,81,81,81,81,81,81,81,81,81,81,81,81,81,81,81,81,82,82,82,82,82,82,82,82,82,82,82,82,82,82,83,83,83
Fitness 66.10818, Gen ;0.797;0.5983;0.8401;0.167;0.5237;0.0569;0.0948;0.022;0.3164;0.9804;0.5999;0.1641;0.1382;0.0604;0.3649;0.9355;0.6478;0.2805;0.9172;0.7062;0.2397
,90,90,90,90,90,90,90,90,91,91,91,91,91,91,91,91,91,94,94,96,96,96,97,97,97,97,98,98,98,98,98,98,98,98,98,98,98,98,99,99,99,99,99,100,100,100,101,102,103,104
Fitness 67.80366, Gen ;0.797;0.5983;0.8401;0.167;0.5237;0.0569;0.0948;0.022;0.3164;0.9804;0.5999;0.1641;0.1382;0.0604;0.3649;0.9355;0.6478;0.2805;0.9172;0.7062;0.2397
,73,73,73,73,73,73,73,73,73,73,73,73,73,73,73,73,73,73,74,74,74,74,74,74,74,74,74,74,74,74,74,74,74,74,74,74,74,74,74,74,74,74,74,75,75,75,75,75,76,76
Fitness 3.253124, Gen ;0.797;0.5983;0.8401;0.167;0.5237;0.0569;0.0948;0.022;0.3164;0.9804;0.5999;0.1641;0.1382;0.0604;0.3649;0.9355;0.6478;0.2805;0.9172;0.7062;0.2397
,99,99,99,99,99,99,99,99,100,100,100,100,100,100,100,100,100,100,100,100,100,100,100,100,100,100,100,100,100,101,104,104,109,110,111,112,113,113,114,114,114,114,114,114,114,115,115,115,115,117
Fitness 46.46162, Gen ;0.797;0.5983;0.8401;0.167;0.5237;0.0569;0.0948;0.022;0.3164;0.9804;0.5999;0.1641;0.1382;0.0604;0.3649;0.9355;0.6478;0.2805;0.9172;0.7062;0.2397
,85,85,85,85,85,85,86,86,86,86,86,87,87,88,88,88,88,88,88,89,89,89,90,91,91,91,91,91,91,91,91,91,91,91,91,91,92,92,92,92,92,92,92,92,92,92,92,92,93,94
Fitness 63.09496, Gen ;0.797;0.5983;0.8401;0.167;0.5237;0.0569;0.0948;0.022;0.3164;0.9804;0.5999;0.1641;0.1382;0.0604;0.3649;0.9355;0.6478;0.2805;0.9172;0.7062;0.2397
,98,98,100,100,101,103,104,107,109,111,111,112,112,112,112,112,112,112,112,113,113,113,113,113,113,113,114,114,115,117,119,120,122,126,130,131,133,134,134,134,134,134,135,135,136,137,137,137,138,138
Fitness 28.22402, Gen ;0.797;0.5983;0.8401;0.167;0.5237;0.0569;0.0948;0.022;0.3164;0.9804;0.5999;0.1641;0.1382;0.0604;0.3649;0.9355;0.6478;0.2805;0.9172;0.7062;0.2397
,75,75,75,75,75,75,75,75,76,76,76,76,76,76,76,76,76,76,76,76,76,76,76,76,76,76,76,76,76,76,76,76,76,76,76,76,77,77,77,77,77,77,77,77,77,77,77,77,78,78
Fitness 84.36163, Gen ;0.797;0.5983;0.8401;0.167;0.5237;0.0569;0.0948;0.022;0.3164;0.9804;0.5999;0.1641;0.1382;0.0604;0.3649;0.9355;0.6478;0.2805;0.9172;0.7062;0.2397
,73,73,73,73,73,73,73,73,73,73,73,73,73,73,74,74,74,74,74,74,74,74,74,74,74,74,74,74,74,75,75,75,75,75,76,76,76,77,77,77,77,78,78,78,78,78,79,79,79,80
Fitness 15.43465, Gen ;0.797;0.5983;0.8401;0.167;0.5237;0.0569;0.0948;0.022;0.3164;0.9804;0.5999;0.1641;0.1382;0.0604;0.3649;0.9355;0.6478;0.2805;0.9172;0.7062;0.2397
,88,88,88,88,88,88,89,89,89,89,89,89,89,89,89,89,89,89,89,89,89,89,89,89,89,89,89,89,89,90,90,90,90,90,90,90,90,90,90,90,90,90,90,90,90,90,90,91,91,91
Fitness 41.96479, Gen ;0.797;0.5983;0.8401;0.167;0.5237;0.0569;0.0948;0.022;0.3164;0.9804;0.5999;0.1641;0.1382;0.0604;0.3649;0.9355;0.6478;0.2805;0.9172;0.7062;0.2397
,117,118,120,120,122,125,129,129,130,130,130,131,131,131,131,131,131,131,131,132,132,133,133,133,133,134,134,134,134,134,134,134,135,135,135,135,135,135,135,135,135,135,135,135,135,136,136,136,142,144
Fitness 4.21028, Gen ;0.797;0.5983;0.8401;0.167;0.5237;0.0569;0.0948;0.022;0.3164;0.9804;0.5999;0.1641;0.1382;0.0604;0.3649;0.9355;0.6478;0.2805;0.9172;0.7062;0.2397
,79,81,81,81,81,82,82,82,82,82,82,82,82,82,82,82,82,82,82,83,83,83,83,83,83,83,83,83,83,83,83,83,83,83,83,83,84,84,84,84,84,84,84,84,84,84,84,85,85,86
Fitness 76.42284, Gen ;0.797;0.5983;0.8401;0.167;0.5237;0.0569;0.0948;0.022;0.3164;0.9804;0.5999;0.1641;0.1382;0.0604;0.3649;0.9355;0.6478;0.2805;0.9172;0.7062;0.2397
,86,86,86,86,86,86,86,86,86,86,86,86,86,86,86,86,86,86,86,86,86,86,86,86,86,86,86,87,87,87,87,87,87,87,87,87,87,87,87,87,87,87,88,88,88,88,88,89,89,92
Fitness 78.64146, Gen ;0.797;0.5983;0.8401;0.167;0.5237;0.0569;0.0948;0.022;0.3164;0.9804;0.5999;0.1641;0.1382;0.0604;0.3649;0.9355;0.6478;0.2805;0.9172;0.7062;0.2397
,73,73,74,74,74,74,74,74,75,75,76,76,76,76,76,76,76,77,77,77,77,77,77,77,77,77,77,78,78,78,78,78,78,78,78,78,78,79,79,79,79,79,79,79,79,79,80,80,80,80
Fitness 45.57085, Gen ;0.797;0.5983;0.8401;0.167;0.5237;0.0569;0.0948;0.022;0.3164;0.9804;0.5999;0.1641;0.1382;0.0604;0.3649;0.9355;0.6478;0.2805;0.9172;0.7062;0.2397
,130,130,130,130,130,130,130,130,130,131,131,131,131,131,131,131,131,131,131,131,131,131,131,131,132,132,132,133,133,134,134,134,135,135,136,137,137,137,138,138,138,138,138,138,138,138,138,138,139,145
Fitness 1.816442, Gen ;0.797;0.5983;0.8401;0.167;0.5237;0.0569;0.0948;0.022;0.3164;0.9804;0.5999;0.1641;0.1382;0.0604;0.3649;0.9355;0.6478;0.2805;0.9172;0.7062;0.2397
,81,81,81,81,81,81,81,82,82,82,83,83,84,84,84,85,85,85,85,85,85,86,86,86,86,86,86,86,86,86,87,87,87,87,87,87,87,87,88,88,88,88,89,90,90,91,92,93,93,95
Fitness 59.18787, Gen ;0.797;0.5983;0.8401;0.167;0.5237;0.0569;0.0948;0.022;0.3164;0.9804;0.5999;0.1641;0.1382;0.0604;0.3649;0.9355;0.6478;0.2805;0.9172;0.7062;0.2397
,87,87,87,88,88,88,89,89,89,89,89,89,89,90,90,90,90,91,91,91,91,91,91,91,91,92,92,92,92,92,92,92,92,92,92,92,92,92,92,92,92,92,92,92,92,92,92,92,92,95
Fitness 46.83049, Gen ;0.797;0.5983;0.8401;0.167;0.5237;0.0569;0.0948;0.022;0.3164;0.9804;0.5999;0.1641;0.1382;0.0604;0.3649;0.9355;0.6478;0.2805;0.9172;0.7062;0.2397
,71,72,72,72,72,72,72,72,72,72,72,72,72,72,72,72,73,73,73,73,73,73,73,73,73,73,73,73,74,74,74,74,74,74,74,74,74,74,74,75,75,75,75,75,75,76,77,78,78,79
Fitness 72.67812, Gen ;0.797;0.5983;0.8401;0.167;0.5237;0.0569;0.0948;0.022;0.3164;0.9804;0.5999;0.1641;0.1382;0.0604;0.3649;0.9355;0.6478;0.2805;0.9172;0.7062;0.2397
,85,85,85,85,85,85,85,85,85,85,85,85,85,85,85,85,85,85,85,85,85,85,85,85,85,85,85,85,85,85,85,85,86,86,86,86,86,86,86,86,86,86,86,86,86,87,87,88,88,92
Fitness 1.642448, Gen ;0.797;0.5983;0.8401;0.167;0.5237;0.0569;0.0948;0.022;0.3164;0.9804;0.5999;0.1641;0.1382;0.0604;0.3649;0.9355;0.6478;0.2805;0.9172;0.7062;0.2397
,86,86,87,87,87,87,87,87,87,88,88,88,88,88,88,88,88,88,88,88,88,89,89,89,89,89,89,89,89,89,89,89,89,89,89,89,89,89,89,89,89,89,89,89,90,90,90,90,90,90
Fitness 45.03293, Gen ;0.797;0.5983;0.8401;0.167;0.5237;0.0569;0.0948;0.022;0.3164;0.9804;0.5999;0.1641;0.1382;0.0604;0.3649;0.9355;0.6478;0.2805;0.9172;0.7062;0.2397
,95,95,95,95,95,95,95,95,95,95,95,95,95,95,96,96,96,96,96,96,96,96,96,96,96,96,96,96,96,96,96,96,96,97,97,97,97,97,98,98,99,100,100,100,101,101,101,102,102,106
Fitness 39.43352, Gen ;0.797;0.5983;0.8401;0.167;0.5237;0.0569;0.0948;0.022;0.3164;0.9804;0.5999;0.1641;0.1382;0.0604;0.3649;0.9355;0.6478;0.2805;0.9172;0.7062;0.2397
,78,79,79,79,79,79,79,79,79,79,79,79,79,79,80,80,80,80,80,81,81,81,82,82,83,83,83,83,83,83,83,83,83,83,83,83,83,84,84,84,84,84,84,84,84,84,85,85,85,86
