	25Ginelli ovc
	2 AI1 ovcarjev
Fitness 39,33281, Gen ;0,546;0,5169;0,4367;0,3206;0,4249;0,1414;0,3257;0,1718;0,5164;0,4307;0,475;0,9088;0,0476;0,2082;0,9474;0,7154;0,1777;0,7899;0,5427;0,01;0,521
,73,74,74,74,74,74,74,74,74,74,74,74,74,74,74,74,74,75,75,75,75,75,75,75,76
Fitness 41,31596, Gen ;0,546;0,5169;0,4367;0,3206;0,4249;0,1414;0,3257;0,1718;0,5164;0,4307;0,475;0,9088;0,0476;0,2082;0,9474;0,7154;0,1777;0,7899;0,5427;0,01;0,521
,199,202,204,205,208,209
Fitness 41,97694, Gen ;0,546;0,5169;0,4367;0,3206;0,4249;0,1414;0,3257;0,1718;0,5164;0,4307;0,475;0,9088;0,0476;0,2082;0,9474;0,7154;0,1777;0,7899;0,5427;0,01;0,521
,79,80,80,81,81,82,82,82,83,83,83,83,83,84,85,85,86,86,86,87,87,88,88,103
Fitness 45,28706, Gen ;0,546;0,5169;0,4367;0,3206;0,4249;0,1414;0,3257;0,1718;0,5164;0,4307;0,475;0,9088;0,0476;0,2082;0,9474;0,7154;0,1777;0,7899;0,5427;0,01;0,521
,78,78,78,78,78,78,78,78,78,78,78,78,78,78,78,78,79,79,79,79,79,79,79,79,79
Fitness 0,001827163, Gen ;0,546;0,5169;0,4367;0,3206;0,4249;0,1414;0,3257;0,1718;0,5164;0,4307;0,475;0,9088;0,0476;0,2082;0,9474;0,7154;0,1777;0,7899;0,5427;0,01;0,521
,89,89,89,89,89,89,89,89,89,89,89,89,89,89,89,89,89,89,89,89,89,89,89,90,91
Fitness 0,000559849, Gen ;0,546;0,5169;0,4367;0,3206;0,4249;0,1414;0,3257;0,1718;0,5164;0,4307;0,475;0,9088;0,0476;0,2082;0,9474;0,7154;0,1777;0,7899;0,5427;0,01;0,521
,81,81,83,83,83,84,84,84,84,84,84,84,84,84,84,84,84,84,84,84,84,84,84,84,232
Fitness 42,57152, Gen ;0,546;0,5169;0,4367;0,3206;0,4249;0,1414;0,3257;0,1718;0,5164;0,4307;0,475;0,9088;0,0476;0,2082;0,9474;0,7154;0,1777;0,7899;0,5427;0,01;0,521
,78,79,79,79,79,79,79,79,79,79,80,80,80,80,80,80,80,80,80,80,80,80,80,80,83
Fitness 34,11007, Gen ;0,546;0,5169;0,4367;0,3206;0,4249;0,1414;0,3257;0,1718;0,5164;0,4307;0,475;0,9088;0,0476;0,2082;0,9474;0,7154;0,1777;0,7899;0,5427;0,01;0,521
,116,116,117,117,118,118,118,119,119,121,122,125,126,129
Fitness 0,1151012, Gen ;0,546;0,5169;0,4367;0,3206;0,4249;0,1414;0,3257;0,1718;0,5164;0,4307;0,475;0,9088;0,0476;0,2082;0,9474;0,7154;0,1777;0,7899;0,5427;0,01;0,521
,74,74,74,74,74,74,74,74,74,74,74,74,74,74,74,74,74,74,74,74,74,74,74,75,75
Fitness 40,08674, Gen ;0,546;0,5169;0,4367;0,3206;0,4249;0,1414;0,3257;0,1718;0,5164;0,4307;0,475;0,9088;0,0476;0,2082;0,9474;0,7154;0,1777;0,7899;0,5427;0,01;0,521
,82,83,84,85,86,88,88,88,88,88,88,88,88,88,88,90,90,90,90,91,91,92,92,92,101
Fitness 0,001124491, Gen ;0,546;0,5169;0,4367;0,3206;0,4249;0,1414;0,3257;0,1718;0,5164;0,4307;0,475;0,9088;0,0476;0,2082;0,9474;0,7154;0,1777;0,7899;0,5427;0,01;0,521
,72,75,76,77,77,77,77,77,77,77,77,77,77,77,77,77,78,78,78,78,78,78,78,79,79
Fitness 45,83712, Gen ;0,546;0,5169;0,4367;0,3206;0,4249;0,1414;0,3257;0,1718;0,5164;0,4307;0,475;0,9088;0,0476;0,2082;0,9474;0,7154;0,1777;0,7899;0,5427;0,01;0,521
,115,116,118,118,118,118,118,118,118,118,118,118,118,118,118,118,118,118,118,118,118,118,118,120,128
Fitness 29,92792, Gen ;0,546;0,5169;0,4367;0,3206;0,4249;0,1414;0,3257;0,1718;0,5164;0,4307;0,475;0,9088;0,0476;0,2082;0,9474;0,7154;0,1777;0,7899;0,5427;0,01;0,521
,81,81,81,81,81,82,82,82,82,82,82,82,82,82,82,82,82,82,82,83,83,83,83,84,86
Fitness 42,94175, Gen ;0,546;0,5169;0,4367;0,3206;0,4249;0,1414;0,3257;0,1718;0,5164;0,4307;0,475;0,9088;0,0476;0,2082;0,9474;0,7154;0,1777;0,7899;0,5427;0,01;0,521
,90,90,90,90,90,90,90,90,90,90,90,90,91,91,91,91,92,92,92,92,92,92,92,93,238
Fitness 15,54607, Gen ;0,546;0,5169;0,4367;0,3206;0,4249;0,1414;0,3257;0,1718;0,5164;0,4307;0,475;0,9088;0,0476;0,2082;0,9474;0,7154;0,1777;0,7899;0,5427;0,01;0,521
,87,88,88,88,88,88,88,88,88,88,88,88,88,88,88,88,88,88,88,88,88,88,88,88,88
Fitness 38,08443, Gen ;0,546;0,5169;0,4367;0,3206;0,4249;0,1414;0,3257;0,1718;0,5164;0,4307;0,475;0,9088;0,0476;0,2082;0,9474;0,7154;0,1777;0,7899;0,5427;0,01;0,521
,87,88,88,88,88,88,88,88,88,88,88,88,88,88,88,88,88,88,88,88,88,88,88,89,90
Fitness 0,04390445, Gen ;0,546;0,5169;0,4367;0,3206;0,4249;0,1414;0,3257;0,1718;0,5164;0,4307;0,475;0,9088;0,0476;0,2082;0,9474;0,7154;0,1777;0,7899;0,5427;0,01;0,521
,87,89,91,91,91,91,91,91,91,91,91,91,91,91,91,91,91,91,91,91,91,92,92,92
Fitness 35,77048, Gen ;0,546;0,5169;0,4367;0,3206;0,4249;0,1414;0,3257;0,1718;0,5164;0,4307;0,475;0,9088;0,0476;0,2082;0,9474;0,7154;0,1777;0,7899;0,5427;0,01;0,521
,88,88,88,88,88,88,89,89,89,89,89,89,89,89,89,89,89,89,89,89,89,90,90,90,90
Fitness 34,76757, Gen ;0,546;0,5169;0,4367;0,3206;0,4249;0,1414;0,3257;0,1718;0,5164;0,4307;0,475;0,9088;0,0476;0,2082;0,9474;0,7154;0,1777;0,7899;0,5427;0,01;0,521
,77,77,77,77,77,77,77,77,77,77,77,77,77,77,77,77,77,77,78,78,79,79,79,79,79
Fitness 0,0007690872, Gen ;0,546;0,5169;0,4367;0,3206;0,4249;0,1414;0,3257;0,1718;0,5164;0,4307;0,475;0,9088;0,0476;0,2082;0,9474;0,7154;0,1777;0,7899;0,5427;0,01;0,521
,88,89,89,89,89,89,89,89,89,90,90,90,90,90,91,91,91,91,91,91,91,91,92,92,92
Fitness 34,46402, Gen ;0,546;0,5169;0,4367;0,3206;0,4249;0,1414;0,3257;0,1718;0,5164;0,4307;0,475;0,9088;0,0476;0,2082;0,9474;0,7154;0,1777;0,7899;0,5427;0,01;0,521
,88,90,90,90,90,90,90,90,90,90,90,90,90,90,90,90,90,90,90,91,91,91,91,91,91
Fitness 42,77237, Gen ;0,546;0,5169;0,4367;0,3206;0,4249;0,1414;0,3257;0,1718;0,5164;0,4307;0,475;0,9088;0,0476;0,2082;0,9474;0,7154;0,1777;0,7899;0,5427;0,01;0,521
,79,80,80,80,80,80,80,80,80,80,80,80,80,81,81,81,81,81,81,81,81,82,82,82,83
Fitness 33,54849, Gen ;0,546;0,5169;0,4367;0,3206;0,4249;0,1414;0,3257;0,1718;0,5164;0,4307;0,475;0,9088;0,0476;0,2082;0,9474;0,7154;0,1777;0,7899;0,5427;0,01;0,521
,72,72,73,73,73,73,73,73,73,73,73,73,73,73,73,73,73,74,74,74,74,74,74,75,75
Fitness 33,64221, Gen ;0,546;0,5169;0,4367;0,3206;0,4249;0,1414;0,3257;0,1718;0,5164;0,4307;0,475;0,9088;0,0476;0,2082;0,9474;0,7154;0,1777;0,7899;0,5427;0,01;0,521
,76,76,76,76,76,76,76,76,76,76,76,76,76,77,77,77,77,77,77,77,77,78,78,78,78
Fitness 40,26083, Gen ;0,546;0,5169;0,4367;0,3206;0,4249;0,1414;0,3257;0,1718;0,5164;0,4307;0,475;0,9088;0,0476;0,2082;0,9474;0,7154;0,1777;0,7899;0,5427;0,01;0,521
,109,110,110,111,111,112,112,113,114,114,114,114,114,114,114,114,114,114,114,114,115,115,118,119
Fitness 46,31242, Gen ;0,546;0,5169;0,4367;0,3206;0,4249;0,1414;0,3257;0,1718;0,5164;0,4307;0,475;0,9088;0,0476;0,2082;0,9474;0,7154;0,1777;0,7899;0,5427;0,01;0,521
,73,73,74,74,74,74,74,74,74,74,74,74,74,74,74,74,74,74,74,74,74,74,74,75,75
Fitness 43,56784, Gen ;0,546;0,5169;0,4367;0,3206;0,4249;0,1414;0,3257;0,1718;0,5164;0,4307;0,475;0,9088;0,0476;0,2082;0,9474;0,7154;0,1777;0,7899;0,5427;0,01;0,521
,86,87,88,88,88,88,88,88,88,88,88,88,88,88,88,88,88,88,88,88,88,88,88,89,91
Fitness 0,0007217277, Gen ;0,546;0,5169;0,4367;0,3206;0,4249;0,1414;0,3257;0,1718;0,5164;0,4307;0,475;0,9088;0,0476;0,2082;0,9474;0,7154;0,1777;0,7899;0,5427;0,01;0,521
,106
Fitness 46,06125, Gen ;0,546;0,5169;0,4367;0,3206;0,4249;0,1414;0,3257;0,1718;0,5164;0,4307;0,475;0,9088;0,0476;0,2082;0,9474;0,7154;0,1777;0,7899;0,5427;0,01;0,521
,79,79,79,79,80,80,80,80,80,80,80,80,80,80,80,81,81,81,82,82,82,82,82,82,83
Fitness 34,33931, Gen ;0,546;0,5169;0,4367;0,3206;0,4249;0,1414;0,3257;0,1718;0,5164;0,4307;0,475;0,9088;0,0476;0,2082;0,9474;0,7154;0,1777;0,7899;0,5427;0,01;0,521
,82,82,82,82,82,83,83,83,83,83,83,83,83,83,83,83,83,83,83,83,83,83,84,84,85
Fitness 0,0004603138, Gen ;0,546;0,5169;0,4367;0,3206;0,4249;0,1414;0,3257;0,1718;0,5164;0,4307;0,475;0,9088;0,0476;0,2082;0,9474;0,7154;0,1777;0,7899;0,5427;0,01;0,521
,76,77,77,77,77,77,77,77,77,77,77,77,77,77,77,77,77,78,78,78,78,78,79,79,80
Fitness 40,21987, Gen ;0,546;0,5169;0,4367;0,3206;0,4249;0,1414;0,3257;0,1718;0,5164;0,4307;0,475;0,9088;0,0476;0,2082;0,9474;0,7154;0,1777;0,7899;0,5427;0,01;0,521
,83,83,83,83,83,83,83,83,83,83,83,83,83,83,83,83,83,84,84,84,84,84,84,84,84
Fitness 38,37277, Gen ;0,546;0,5169;0,4367;0,3206;0,4249;0,1414;0,3257;0,1718;0,5164;0,4307;0,475;0,9088;0,0476;0,2082;0,9474;0,7154;0,1777;0,7899;0,5427;0,01;0,521
,77,81,82,82,82,82,82,82,82,82,82,82,82,82,82,82,82,82,83,83,83,83,83,85,87
Fitness 42,69498, Gen ;0,546;0,5169;0,4367;0,3206;0,4249;0,1414;0,3257;0,1718;0,5164;0,4307;0,475;0,9088;0,0476;0,2082;0,9474;0,7154;0,1777;0,7899;0,5427;0,01;0,521
,84,85,85,85,86,86,86,86,86,87,87,87,87,87,87,87,87,87,87,87,87,87,87,87,87
Fitness 38,85826, Gen ;0,546;0,5169;0,4367;0,3206;0,4249;0,1414;0,3257;0,1718;0,5164;0,4307;0,475;0,9088;0,0476;0,2082;0,9474;0,7154;0,1777;0,7899;0,5427;0,01;0,521
,152,152,153,153,154,154,154,157,157,157,158,161,162,166
Fitness 37,49486, Gen ;0,546;0,5169;0,4367;0,3206;0,4249;0,1414;0,3257;0,1718;0,5164;0,4307;0,475;0,9088;0,0476;0,2082;0,9474;0,7154;0,1777;0,7899;0,5427;0,01;0,521
,72,72,72,72,72,72,73,73,73,73,73,73,73,73,73,73,73,73,73,73,73,73,73,73,73
Fitness 36,42873, Gen ;0,546;0,5169;0,4367;0,3206;0,4249;0,1414;0,3257;0,1718;0,5164;0,4307;0,475;0,9088;0,0476;0,2082;0,9474;0,7154;0,1777;0,7899;0,5427;0,01;0,521
,75,76,76,76,76,77,77,77,77,77,77,78,78,78,78,78,78,78,78,78,78,78,78,78,78
Fitness 0,001131175, Gen ;0,546;0,5169;0,4367;0,3206;0,4249;0,1414;0,3257;0,1718;0,5164;0,4307;0,475;0,9088;0,0476;0,2082;0,9474;0,7154;0,1777;0,7899;0,5427;0,01;0,521
,74,74,74,74,74,74,74,74,74,74,74,74,74,74,74,74,74,74,75,75,75,75,75,76,77
Fitness 47,60254, Gen ;0,546;0,5169;0,4367;0,3206;0,4249;0,1414;0,3257;0,1718;0,5164;0,4307;0,475;0,9088;0,0476;0,2082;0,9474;0,7154;0,1777;0,7899;0,5427;0,01;0,521
,97,97,97,97,97,98,98,98,98,98,98,98,98,98,98,98,98,98,98,99,99,99,99,99,128
Fitness 43,29555, Gen ;0,546;0,5169;0,4367;0,3206;0,4249;0,1414;0,3257;0,1718;0,5164;0,4307;0,475;0,9088;0,0476;0,2082;0,9474;0,7154;0,1777;0,7899;0,5427;0,01;0,521
,85,85,85,85,85,85,85,85,85,85,85,85,85,85,85,85,85,85,85,86,86,86,86,86,86
Fitness 44,96564, Gen ;0,546;0,5169;0,4367;0,3206;0,4249;0,1414;0,3257;0,1718;0,5164;0,4307;0,475;0,9088;0,0476;0,2082;0,9474;0,7154;0,1777;0,7899;0,5427;0,01;0,521
,77,77,77,77,77,77,77,77,77,78,78,78,78,78,78,78,78,78,78,78,78,79,79,79,82
Fitness 18,08093, Gen ;0,546;0,5169;0,4367;0,3206;0,4249;0,1414;0,3257;0,1718;0,5164;0,4307;0,475;0,9088;0,0476;0,2082;0,9474;0,7154;0,1777;0,7899;0,5427;0,01;0,521

Fitness 37,27174, Gen ;0,546;0,5169;0,4367;0,3206;0,4249;0,1414;0,3257;0,1718;0,5164;0,4307;0,475;0,9088;0,0476;0,2082;0,9474;0,7154;0,1777;0,7899;0,5427;0,01;0,521
,77,77,77,77,77,77,77,77,77,77,77,77,77,77,78,78,78,78,78,78,78,78,78,78,78
Fitness 41,06998, Gen ;0,546;0,5169;0,4367;0,3206;0,4249;0,1414;0,3257;0,1718;0,5164;0,4307;0,475;0,9088;0,0476;0,2082;0,9474;0,7154;0,1777;0,7899;0,5427;0,01;0,521
,81,83,84,84,84,84,84,84,84,85,85,85,85,85,85,85,86,86,86,86,86,86,86,86,87
Fitness 0,0005884612, Gen ;0,546;0,5169;0,4367;0,3206;0,4249;0,1414;0,3257;0,1718;0,5164;0,4307;0,475;0,9088;0,0476;0,2082;0,9474;0,7154;0,1777;0,7899;0,5427;0,01;0,521
,156,156,156,156,156,156,156,156,156,156,156,156,156,157,157,157,157,157,157,157,157,157,157,158,158
Fitness 43,50734, Gen ;0,546;0,5169;0,4367;0,3206;0,4249;0,1414;0,3257;0,1718;0,5164;0,4307;0,475;0,9088;0,0476;0,2082;0,9474;0,7154;0,1777;0,7899;0,5427;0,01;0,521
,80,80,80,80,80,80,80,80,80,80,80,80,80,80,80,80,80,80,80,80,80,80,80,81,84
Fitness 36,90133, Gen ;0,546;0,5169;0,4367;0,3206;0,4249;0,1414;0,3257;0,1718;0,5164;0,4307;0,475;0,9088;0,0476;0,2082;0,9474;0,7154;0,1777;0,7899;0,5427;0,01;0,521
,102,103,103,103,103,103,103,103,103,103,103,103,103,103,103,103,103,103,103,104,104,104,104,105,203
Fitness 5,620142, Gen ;0,546;0,5169;0,4367;0,3206;0,4249;0,1414;0,3257;0,1718;0,5164;0,4307;0,475;0,9088;0,0476;0,2082;0,9474;0,7154;0,1777;0,7899;0,5427;0,01;0,521
,88,88,88,88,88,88,88,88,88,88,88,88,88,88,88,89,89,89,89,89,89,89,89,89,89
Fitness 39,69386, Gen ;0,546;0,5169;0,4367;0,3206;0,4249;0,1414;0,3257;0,1718;0,5164;0,4307;0,475;0,9088;0,0476;0,2082;0,9474;0,7154;0,1777;0,7899;0,5427;0,01;0,521
,88,88,88,88,88,88,88,88,88,88,88,88,88,88,88,88,88,88,88,88,88,89,89,89,89
Fitness 1,849517, Gen ;0,546;0,5169;0,4367;0,3206;0,4249;0,1414;0,3257;0,1718;0,5164;0,4307;0,475;0,9088;0,0476;0,2082;0,9474;0,7154;0,1777;0,7899;0,5427;0,01;0,521
,71,72,72,72,72,72,72,72,72,72,73,73,73,73,73,73,73,73,74,74,74,74,74,75,75
Fitness 35,14967, Gen ;0,546;0,5169;0,4367;0,3206;0,4249;0,1414;0,3257;0,1718;0,5164;0,4307;0,475;0,9088;0,0476;0,2082;0,9474;0,7154;0,1777;0,7899;0,5427;0,01;0,521
,77,78,79,79,79,79,79,79,79,79,79,79,79,79,79,79,79,79,79,79,79,79,81,81,83
Fitness 35,032, Gen ;0,546;0,5169;0,4367;0,3206;0,4249;0,1414;0,3257;0,1718;0,5164;0,4307;0,475;0,9088;0,0476;0,2082;0,9474;0,7154;0,1777;0,7899;0,5427;0,01;0,521
,97,97,97,97,97,97,97,97,97,98,98,98,99,99,99,99,99,100,100,100,100,100,100,101,101
Fitness 46,31927, Gen ;0,546;0,5169;0,4367;0,3206;0,4249;0,1414;0,3257;0,1718;0,5164;0,4307;0,475;0,9088;0,0476;0,2082;0,9474;0,7154;0,1777;0,7899;0,5427;0,01;0,521
,84,85,85,85,85,85,85,85,85,85,85,85,85,85,85,85,85,85,85,85,85,85,85,85,88
Fitness 40,51918, Gen ;0,546;0,5169;0,4367;0,3206;0,4249;0,1414;0,3257;0,1718;0,5164;0,4307;0,475;0,9088;0,0476;0,2082;0,9474;0,7154;0,1777;0,7899;0,5427;0,01;0,521
,129,131,132,134,136,155,159,166,167,167,169,171,173,178,233,234,234,235,236,238,238,239
Fitness 27,72294, Gen ;0,546;0,5169;0,4367;0,3206;0,4249;0,1414;0,3257;0,1718;0,5164;0,4307;0,475;0,9088;0,0476;0,2082;0,9474;0,7154;0,1777;0,7899;0,5427;0,01;0,521
,99,100,100,100,101,101,101,102,102,102,103,103,104,104,104,107,107,107,107,107,107,107,107,107,107
Fitness 36,72363, Gen ;0,546;0,5169;0,4367;0,3206;0,4249;0,1414;0,3257;0,1718;0,5164;0,4307;0,475;0,9088;0,0476;0,2082;0,9474;0,7154;0,1777;0,7899;0,5427;0,01;0,521
,105,106,106,106,107,107,109,109,110,111,111,111,111,111,112,112,112,112,112,112,112,112,112,113,116
Fitness 0,001996978, Gen ;0,546;0,5169;0,4367;0,3206;0,4249;0,1414;0,3257;0,1718;0,5164;0,4307;0,475;0,9088;0,0476;0,2082;0,9474;0,7154;0,1777;0,7899;0,5427;0,01;0,521
,83,83,83,83,83,83,83,83,83,83,83,83,83,83,83,83,84,84,84,84,84,84,84,84,85
Fitness 24,38357, Gen ;0,546;0,5169;0,4367;0,3206;0,4249;0,1414;0,3257;0,1718;0,5164;0,4307;0,475;0,9088;0,0476;0,2082;0,9474;0,7154;0,1777;0,7899;0,5427;0,01;0,521
,81,81,83,83,83,83,83,83,83,83,83,83,83,83,83,83,83,83,83,83,84,84,84,85,226
Fitness 20,20314, Gen ;0,546;0,5169;0,4367;0,3206;0,4249;0,1414;0,3257;0,1718;0,5164;0,4307;0,475;0,9088;0,0476;0,2082;0,9474;0,7154;0,1777;0,7899;0,5427;0,01;0,521
,64,66,66,66,67,67,67,67,67,67,67,67,67,67,68,68,68,68,68,68,69,69,69,69,70
Fitness 38,43814, Gen ;0,546;0,5169;0,4367;0,3206;0,4249;0,1414;0,3257;0,1718;0,5164;0,4307;0,475;0,9088;0,0476;0,2082;0,9474;0,7154;0,1777;0,7899;0,5427;0,01;0,521
,83,83,83,83,83,83,83,83,83,83,83,83,83,83,83,83,83,83,83,83,83,83,83,84,84
Fitness 0,3028277, Gen ;0,546;0,5169;0,4367;0,3206;0,4249;0,1414;0,3257;0,1718;0,5164;0,4307;0,475;0,9088;0,0476;0,2082;0,9474;0,7154;0,1777;0,7899;0,5427;0,01;0,521
,85,85,85,85,85,85,86,86,86,86,87,87,87,87,88,88,88,88,88,89,89,89,90,90
Fitness 51,14215, Gen ;0,546;0,5169;0,4367;0,3206;0,4249;0,1414;0,3257;0,1718;0,5164;0,4307;0,475;0,9088;0,0476;0,2082;0,9474;0,7154;0,1777;0,7899;0,5427;0,01;0,521
,95,95,95,95,95,95,96,96,96,96,96,97,97,97,97,98,98,98,98,98,99,99,99,99,108
Fitness 38,84972, Gen ;0,546;0,5169;0,4367;0,3206;0,4249;0,1414;0,3257;0,1718;0,5164;0,4307;0,475;0,9088;0,0476;0,2082;0,9474;0,7154;0,1777;0,7899;0,5427;0,01;0,521
,98,98,99,99,99,99,99,99,99,99,99,99,99,99,99,99,99,99,99,99,99,100,101,102
Fitness 0,0006032506, Gen ;0,546;0,5169;0,4367;0,3206;0,4249;0,1414;0,3257;0,1718;0,5164;0,4307;0,475;0,9088;0,0476;0,2082;0,9474;0,7154;0,1777;0,7899;0,5427;0,01;0,521
,77,77,77,77,77,77,77,77,77,77,78,78,78,78,78,78,78,78,78,78,78,78,79,79,79
Fitness 25,48046, Gen ;0,546;0,5169;0,4367;0,3206;0,4249;0,1414;0,3257;0,1718;0,5164;0,4307;0,475;0,9088;0,0476;0,2082;0,9474;0,7154;0,1777;0,7899;0,5427;0,01;0,521
,73,73,73,74,74,75,75,75,77,77,77,77,78,78,78,78,80,80,81,81,81,83,83,84,208
Fitness 0,002240774, Gen ;0,546;0,5169;0,4367;0,3206;0,4249;0,1414;0,3257;0,1718;0,5164;0,4307;0,475;0,9088;0,0476;0,2082;0,9474;0,7154;0,1777;0,7899;0,5427;0,01;0,521
,84,85,85,85,85,85,85,85,85,85,85,85,85,85,85,85,85,85,85,85,85,85,86,86,88
Fitness 42,87523, Gen ;0,546;0,5169;0,4367;0,3206;0,4249;0,1414;0,3257;0,1718;0,5164;0,4307;0,475;0,9088;0,0476;0,2082;0,9474;0,7154;0,1777;0,7899;0,5427;0,01;0,521
,89,90,90,91,92,92,92,92,92,92,92,92,92,92,92,92,92,92,92,92,92,92,92,95,98
Fitness 1,647325, Gen ;0,546;0,5169;0,4367;0,3206;0,4249;0,1414;0,3257;0,1718;0,5164;0,4307;0,475;0,9088;0,0476;0,2082;0,9474;0,7154;0,1777;0,7899;0,5427;0,01;0,521
,223
Fitness 36,60486, Gen ;0,546;0,5169;0,4367;0,3206;0,4249;0,1414;0,3257;0,1718;0,5164;0,4307;0,475;0,9088;0,0476;0,2082;0,9474;0,7154;0,1777;0,7899;0,5427;0,01;0,521
,77,78,78,78,78,78,78,78,78,78,78,78,78,78,78,78,78,78,78,78,78,79,79,79,79
Fitness 30,46607, Gen ;0,546;0,5169;0,4367;0,3206;0,4249;0,1414;0,3257;0,1718;0,5164;0,4307;0,475;0,9088;0,0476;0,2082;0,9474;0,7154;0,1777;0,7899;0,5427;0,01;0,521
,78,78,78,78,78,78,78,78,78,78,78,78,78,78,79,79,79,79,79,79,79,79,79,79,81
Fitness 0,0009576998, Gen ;0,546;0,5169;0,4367;0,3206;0,4249;0,1414;0,3257;0,1718;0,5164;0,4307;0,475;0,9088;0,0476;0,2082;0,9474;0,7154;0,1777;0,7899;0,5427;0,01;0,521
,75,76,76,76,76,76,76,77,77,77,77,77,77,77,77,77,77,77,77,77,77,77,77,77,77
Fitness 42,86847, Gen ;0,546;0,5169;0,4367;0,3206;0,4249;0,1414;0,3257;0,1718;0,5164;0,4307;0,475;0,9088;0,0476;0,2082;0,9474;0,7154;0,1777;0,7899;0,5427;0,01;0,521
,89,90,90,90,90,90,90,90,90,90,91,91,91,91,91,91,91,91,91,91,91,91,91,92,92
Fitness 41,72238, Gen ;0,546;0,5169;0,4367;0,3206;0,4249;0,1414;0,3257;0,1718;0,5164;0,4307;0,475;0,9088;0,0476;0,2082;0,9474;0,7154;0,1777;0,7899;0,5427;0,01;0,521
,97,98,98,99,99,99,99,99,99,99,99,99,99,99,99,99,99,99,100,101,103,103,104,104,104
Fitness 44,06208, Gen ;0,546;0,5169;0,4367;0,3206;0,4249;0,1414;0,3257;0,1718;0,5164;0,4307;0,475;0,9088;0,0476;0,2082;0,9474;0,7154;0,1777;0,7899;0,5427;0,01;0,521
,90,91,95,96,96,97,97,97,98,99,108,108,118,119,119
Fitness 33,43599, Gen ;0,546;0,5169;0,4367;0,3206;0,4249;0,1414;0,3257;0,1718;0,5164;0,4307;0,475;0,9088;0,0476;0,2082;0,9474;0,7154;0,1777;0,7899;0,5427;0,01;0,521
,72,72,72,73,73,73,73,73,73,73,73,73,73,73,74,74,74,75,75,75,75,75,75,75,77
Fitness 26,46709, Gen ;0,546;0,5169;0,4367;0,3206;0,4249;0,1414;0,3257;0,1718;0,5164;0,4307;0,475;0,9088;0,0476;0,2082;0,9474;0,7154;0,1777;0,7899;0,5427;0,01;0,521
,88,111
Fitness 0,0005595513, Gen ;0,546;0,5169;0,4367;0,3206;0,4249;0,1414;0,3257;0,1718;0,5164;0,4307;0,475;0,9088;0,0476;0,2082;0,9474;0,7154;0,1777;0,7899;0,5427;0,01;0,521
,81,81,81,82,82,82,82,82,82,82,82,82,82,82,82,82,82,83,83,83,83,83,83,84,89
Fitness 44,89869, Gen ;0,546;0,5169;0,4367;0,3206;0,4249;0,1414;0,3257;0,1718;0,5164;0,4307;0,475;0,9088;0,0476;0,2082;0,9474;0,7154;0,1777;0,7899;0,5427;0,01;0,521

Fitness 0,0007624964, Gen ;0,546;0,5169;0,4367;0,3206;0,4249;0,1414;0,3257;0,1718;0,5164;0,4307;0,475;0,9088;0,0476;0,2082;0,9474;0,7154;0,1777;0,7899;0,5427;0,01;0,521
,151,153,153,153,153,154,154,154,154,155,155,155,155,155,156,156,156,156,157,157,158,158,158,159,159
Fitness 36,41927, Gen ;0,546;0,5169;0,4367;0,3206;0,4249;0,1414;0,3257;0,1718;0,5164;0,4307;0,475;0,9088;0,0476;0,2082;0,9474;0,7154;0,1777;0,7899;0,5427;0,01;0,521
,126,130,135,142,147,154
Fitness 0,0008184133, Gen ;0,546;0,5169;0,4367;0,3206;0,4249;0,1414;0,3257;0,1718;0,5164;0,4307;0,475;0,9088;0,0476;0,2082;0,9474;0,7154;0,1777;0,7899;0,5427;0,01;0,521
,86,86,86,86,86,86,86,86,86,86,86,86,87,91,91,91,91,91,91,91,92,92,92,92,92
Fitness 5,616864, Gen ;0,546;0,5169;0,4367;0,3206;0,4249;0,1414;0,3257;0,1718;0,5164;0,4307;0,475;0,9088;0,0476;0,2082;0,9474;0,7154;0,1777;0,7899;0,5427;0,01;0,521
,89,89,89,89,89,90,91,92,92,93,93,94,94,94,95,95,95,96,96,97,97,98,98,107
Fitness 0,0009373238, Gen ;0,546;0,5169;0,4367;0,3206;0,4249;0,1414;0,3257;0,1718;0,5164;0,4307;0,475;0,9088;0,0476;0,2082;0,9474;0,7154;0,1777;0,7899;0,5427;0,01;0,521
,125,126,127,128,128,128,129,129,130,131,132,134,135,135,137,140,140
Fitness 33,82472, Gen ;0,546;0,5169;0,4367;0,3206;0,4249;0,1414;0,3257;0,1718;0,5164;0,4307;0,475;0,9088;0,0476;0,2082;0,9474;0,7154;0,1777;0,7899;0,5427;0,01;0,521
,89,89,91,91,91,91,91,91,91,91,91,91,91,91,91,91,91,91,91,91,91,92,92,93
Fitness 0,001645553, Gen ;0,546;0,5169;0,4367;0,3206;0,4249;0,1414;0,3257;0,1718;0,5164;0,4307;0,475;0,9088;0,0476;0,2082;0,9474;0,7154;0,1777;0,7899;0,5427;0,01;0,521
,81,82,82,82,82,82,82,82,82,82,82,82,82,82,82,82,82,82,82,82,82,82,82,83,85
Fitness 0,0008862872, Gen ;0,546;0,5169;0,4367;0,3206;0,4249;0,1414;0,3257;0,1718;0,5164;0,4307;0,475;0,9088;0,0476;0,2082;0,9474;0,7154;0,1777;0,7899;0,5427;0,01;0,521
,89,93,94,94,94,94,94,94,94,94,95,95,95,95,95,95,95,95,95,95,95,95,95,95
Fitness 0,0007159043, Gen ;0,546;0,5169;0,4367;0,3206;0,4249;0,1414;0,3257;0,1718;0,5164;0,4307;0,475;0,9088;0,0476;0,2082;0,9474;0,7154;0,1777;0,7899;0,5427;0,01;0,521
,76,78,78,78,78,78,78,78,78,78,78,78,78,78,79,79,79,79,79,79,79,79,79,79,80
Fitness 38,74335, Gen ;0,546;0,5169;0,4367;0,3206;0,4249;0,1414;0,3257;0,1718;0,5164;0,4307;0,475;0,9088;0,0476;0,2082;0,9474;0,7154;0,1777;0,7899;0,5427;0,01;0,521
,106,109,109,110,112,113,114,114,114,114,115,115,115,120,122,122,122,122,122,123,123,123,123,124,124
Fitness 0,002265422, Gen ;0,546;0,5169;0,4367;0,3206;0,4249;0,1414;0,3257;0,1718;0,5164;0,4307;0,475;0,9088;0,0476;0,2082;0,9474;0,7154;0,1777;0,7899;0,5427;0,01;0,521
,83,83,83,83,83,83,83,83,83,83,83,83,83,83,83,84,84,84,84,84,84,84,84,84,84
Fitness 41,85694, Gen ;0,546;0,5169;0,4367;0,3206;0,4249;0,1414;0,3257;0,1718;0,5164;0,4307;0,475;0,9088;0,0476;0,2082;0,9474;0,7154;0,1777;0,7899;0,5427;0,01;0,521
,80,83,84,84,88,90,94
Fitness 16,81679, Gen ;0,546;0,5169;0,4367;0,3206;0,4249;0,1414;0,3257;0,1718;0,5164;0,4307;0,475;0,9088;0,0476;0,2082;0,9474;0,7154;0,1777;0,7899;0,5427;0,01;0,521
,81,81,81,82,82,82,82,82,82,82,83,83,83,83,87,88,88,88,89,89,93,95
Fitness 38,61386, Gen ;0,546;0,5169;0,4367;0,3206;0,4249;0,1414;0,3257;0,1718;0,5164;0,4307;0,475;0,9088;0,0476;0,2082;0,9474;0,7154;0,1777;0,7899;0,5427;0,01;0,521
,75,76,76,76,76,76,76,76,76,76,76,76,76,76,77,77,77,77,77,77,77,77,78,82
Fitness 0,0009522584, Gen ;0,546;0,5169;0,4367;0,3206;0,4249;0,1414;0,3257;0,1718;0,5164;0,4307;0,475;0,9088;0,0476;0,2082;0,9474;0,7154;0,1777;0,7899;0,5427;0,01;0,521
,175,175,175,177,177,177,179,181,184,184,190,190
Fitness 0,0007076518, Gen ;0,546;0,5169;0,4367;0,3206;0,4249;0,1414;0,3257;0,1718;0,5164;0,4307;0,475;0,9088;0,0476;0,2082;0,9474;0,7154;0,1777;0,7899;0,5427;0,01;0,521
,161,162,163,167,167,168,169,169,169,169,169,170,170,170,170,170,171,171,171,171,171,172,172,174,174
Fitness 0,0006704375, Gen ;0,546;0,5169;0,4367;0,3206;0,4249;0,1414;0,3257;0,1718;0,5164;0,4307;0,475;0,9088;0,0476;0,2082;0,9474;0,7154;0,1777;0,7899;0,5427;0,01;0,521
,74,75,75,76,77,78,78,79,80,80,80,80,80,81,81,81,81,81,81,81,81,81,81,82,82
Fitness 0,001515453, Gen ;0,546;0,5169;0,4367;0,3206;0,4249;0,1414;0,3257;0,1718;0,5164;0,4307;0,475;0,9088;0,0476;0,2082;0,9474;0,7154;0,1777;0,7899;0,5427;0,01;0,521
,82,85,85,85,85,85,85,86,86,86,86,86,87,87,87,87,87,87,88,90,90,91,91,95
Fitness 3,176498, Gen ;0,546;0,5169;0,4367;0,3206;0,4249;0,1414;0,3257;0,1718;0,5164;0,4307;0,475;0,9088;0,0476;0,2082;0,9474;0,7154;0,1777;0,7899;0,5427;0,01;0,521
,92,92,92,92,92,92,92,92,92,92,92,92,92,92,92,92,92,92,92,92,93,93,93,93,93
Fitness 40,59667, Gen ;0,546;0,5169;0,4367;0,3206;0,4249;0,1414;0,3257;0,1718;0,5164;0,4307;0,475;0,9088;0,0476;0,2082;0,9474;0,7154;0,1777;0,7899;0,5427;0,01;0,521
,87,87,87,87,87,87,87,87,87,87,87,87,87,87,87,87,87,87,88,88,88,88,88,88,89
Fitness 0,0004600974, Gen ;0,546;0,5169;0,4367;0,3206;0,4249;0,1414;0,3257;0,1718;0,5164;0,4307;0,475;0,9088;0,0476;0,2082;0,9474;0,7154;0,1777;0,7899;0,5427;0,01;0,521
,89,91,91,92,92,92,92,92,92,92,92,92,92,92,92,92,93,93,93,93,93,93,93,94,94
Fitness 32,38107, Gen ;0,546;0,5169;0,4367;0,3206;0,4249;0,1414;0,3257;0,1718;0,5164;0,4307;0,475;0,9088;0,0476;0,2082;0,9474;0,7154;0,1777;0,7899;0,5427;0,01;0,521
,76,234,235,237
