	5Ginelli ovc
	2 AI1 ovcarjev
Fitness 18.42546, Gen ;0.8864;0.6056;0.7239;0.6642;0.3412;0.2957;0.2618;0.0817;0.5442;0.0994;0.4921;0.0263;0.0546;0.9537;0.5359;0.8741;0.7257;0.7602;0.734;0.4347;0.812
,47,47,49,50,50
Fitness 19.20973, Gen ;0.8864;0.6056;0.7239;0.6642;0.3412;0.2957;0.2618;0.0817;0.5442;0.0994;0.4921;0.0263;0.0546;0.9537;0.5359;0.8741;0.7257;0.7602;0.734;0.4347;0.812
,42,44,46,46,48
Fitness 24.2028, Gen ;0.8864;0.6056;0.7239;0.6642;0.3412;0.2957;0.2618;0.0817;0.5442;0.0994;0.4921;0.0263;0.0546;0.9537;0.5359;0.8741;0.7257;0.7602;0.734;0.4347;0.812
,47,47,47,48,48
Fitness 25.68426, Gen ;0.8864;0.6056;0.7239;0.6642;0.3412;0.2957;0.2618;0.0817;0.5442;0.0994;0.4921;0.0263;0.0546;0.9537;0.5359;0.8741;0.7257;0.7602;0.734;0.4347;0.812
,63,63,64,65,66
Fitness 27.24055, Gen ;0.8864;0.6056;0.7239;0.6642;0.3412;0.2957;0.2618;0.0817;0.5442;0.0994;0.4921;0.0263;0.0546;0.9537;0.5359;0.8741;0.7257;0.7602;0.734;0.4347;0.812
,68,69,69,71,72
Fitness 21.23484, Gen ;0.8864;0.6056;0.7239;0.6642;0.3412;0.2957;0.2618;0.0817;0.5442;0.0994;0.4921;0.0263;0.0546;0.9537;0.5359;0.8741;0.7257;0.7602;0.734;0.4347;0.812
,58,60,64,64,66
Fitness 23.05934, Gen ;0.8864;0.6056;0.7239;0.6642;0.3412;0.2957;0.2618;0.0817;0.5442;0.0994;0.4921;0.0263;0.0546;0.9537;0.5359;0.8741;0.7257;0.7602;0.734;0.4347;0.812
,48,50,51,52,52
Fitness 21.96396, Gen ;0.8864;0.6056;0.7239;0.6642;0.3412;0.2957;0.2618;0.0817;0.5442;0.0994;0.4921;0.0263;0.0546;0.9537;0.5359;0.8741;0.7257;0.7602;0.734;0.4347;0.812
,63,66,67,67,68
Fitness 12.60236, Gen ;0.8864;0.6056;0.7239;0.6642;0.3412;0.2957;0.2618;0.0817;0.5442;0.0994;0.4921;0.0263;0.0546;0.9537;0.5359;0.8741;0.7257;0.7602;0.734;0.4347;0.812
,48,49,51,52,52
Fitness 10.21514, Gen ;0.8864;0.6056;0.7239;0.6642;0.3412;0.2957;0.2618;0.0817;0.5442;0.0994;0.4921;0.0263;0.0546;0.9537;0.5359;0.8741;0.7257;0.7602;0.734;0.4347;0.812
,55,56,56,57,57
Fitness 13.00367, Gen ;0.8864;0.6056;0.7239;0.6642;0.3412;0.2957;0.2618;0.0817;0.5442;0.0994;0.4921;0.0263;0.0546;0.9537;0.5359;0.8741;0.7257;0.7602;0.734;0.4347;0.812
,40,40,40,43,43
Fitness 19.95099, Gen ;0.8864;0.6056;0.7239;0.6642;0.3412;0.2957;0.2618;0.0817;0.5442;0.0994;0.4921;0.0263;0.0546;0.9537;0.5359;0.8741;0.7257;0.7602;0.734;0.4347;0.812
,37,37,37,40,41
Fitness 11.73835, Gen ;0.8864;0.6056;0.7239;0.6642;0.3412;0.2957;0.2618;0.0817;0.5442;0.0994;0.4921;0.0263;0.0546;0.9537;0.5359;0.8741;0.7257;0.7602;0.734;0.4347;0.812
,50,52,52,54,54
Fitness 20.01314, Gen ;0.8864;0.6056;0.7239;0.6642;0.3412;0.2957;0.2618;0.0817;0.5442;0.0994;0.4921;0.0263;0.0546;0.9537;0.5359;0.8741;0.7257;0.7602;0.734;0.4347;0.812
,55,55,55,55,56
Fitness 16.82975, Gen ;0.8864;0.6056;0.7239;0.6642;0.3412;0.2957;0.2618;0.0817;0.5442;0.0994;0.4921;0.0263;0.0546;0.9537;0.5359;0.8741;0.7257;0.7602;0.734;0.4347;0.812
,57,58,58,60,60
Fitness 26.37557, Gen ;0.8864;0.6056;0.7239;0.6642;0.3412;0.2957;0.2618;0.0817;0.5442;0.0994;0.4921;0.0263;0.0546;0.9537;0.5359;0.8741;0.7257;0.7602;0.734;0.4347;0.812
,59,60,60,62,62
Fitness 28.27637, Gen ;0.8864;0.6056;0.7239;0.6642;0.3412;0.2957;0.2618;0.0817;0.5442;0.0994;0.4921;0.0263;0.0546;0.9537;0.5359;0.8741;0.7257;0.7602;0.734;0.4347;0.812
,44,45,46,48,48
Fitness 18.78463, Gen ;0.8864;0.6056;0.7239;0.6642;0.3412;0.2957;0.2618;0.0817;0.5442;0.0994;0.4921;0.0263;0.0546;0.9537;0.5359;0.8741;0.7257;0.7602;0.734;0.4347;0.812
,53,53,55,56,57
Fitness 16.87047, Gen ;0.8864;0.6056;0.7239;0.6642;0.3412;0.2957;0.2618;0.0817;0.5442;0.0994;0.4921;0.0263;0.0546;0.9537;0.5359;0.8741;0.7257;0.7602;0.734;0.4347;0.812
,38,39,40,42,42
Fitness 15.38629, Gen ;0.8864;0.6056;0.7239;0.6642;0.3412;0.2957;0.2618;0.0817;0.5442;0.0994;0.4921;0.0263;0.0546;0.9537;0.5359;0.8741;0.7257;0.7602;0.734;0.4347;0.812
,47,48,50,50,51
Fitness 14.37972, Gen ;0.8864;0.6056;0.7239;0.6642;0.3412;0.2957;0.2618;0.0817;0.5442;0.0994;0.4921;0.0263;0.0546;0.9537;0.5359;0.8741;0.7257;0.7602;0.734;0.4347;0.812
,45,46,48,50,50
Fitness 22.71668, Gen ;0.8864;0.6056;0.7239;0.6642;0.3412;0.2957;0.2618;0.0817;0.5442;0.0994;0.4921;0.0263;0.0546;0.9537;0.5359;0.8741;0.7257;0.7602;0.734;0.4347;0.812
,49,51,52,52,53
Fitness 17.2145, Gen ;0.8864;0.6056;0.7239;0.6642;0.3412;0.2957;0.2618;0.0817;0.5442;0.0994;0.4921;0.0263;0.0546;0.9537;0.5359;0.8741;0.7257;0.7602;0.734;0.4347;0.812
,56,56,59,59,60
Fitness 27.15805, Gen ;0.8864;0.6056;0.7239;0.6642;0.3412;0.2957;0.2618;0.0817;0.5442;0.0994;0.4921;0.0263;0.0546;0.9537;0.5359;0.8741;0.7257;0.7602;0.734;0.4347;0.812
,46,46,49,49,49
Fitness 20.71195, Gen ;0.8864;0.6056;0.7239;0.6642;0.3412;0.2957;0.2618;0.0817;0.5442;0.0994;0.4921;0.0263;0.0546;0.9537;0.5359;0.8741;0.7257;0.7602;0.734;0.4347;0.812
,52,52,54,56,56
Fitness 21.4969, Gen ;0.8864;0.6056;0.7239;0.6642;0.3412;0.2957;0.2618;0.0817;0.5442;0.0994;0.4921;0.0263;0.0546;0.9537;0.5359;0.8741;0.7257;0.7602;0.734;0.4347;0.812
,41,44,45,45,46
Fitness 19.39088, Gen ;0.8864;0.6056;0.7239;0.6642;0.3412;0.2957;0.2618;0.0817;0.5442;0.0994;0.4921;0.0263;0.0546;0.9537;0.5359;0.8741;0.7257;0.7602;0.734;0.4347;0.812
,57,58,58,60,61
Fitness 15.54006, Gen ;0.8864;0.6056;0.7239;0.6642;0.3412;0.2957;0.2618;0.0817;0.5442;0.0994;0.4921;0.0263;0.0546;0.9537;0.5359;0.8741;0.7257;0.7602;0.734;0.4347;0.812
,40,40,40,43,44
Fitness 21.83411, Gen ;0.8864;0.6056;0.7239;0.6642;0.3412;0.2957;0.2618;0.0817;0.5442;0.0994;0.4921;0.0263;0.0546;0.9537;0.5359;0.8741;0.7257;0.7602;0.734;0.4347;0.812
,77,77,78,80,80
Fitness 17.72737, Gen ;0.8864;0.6056;0.7239;0.6642;0.3412;0.2957;0.2618;0.0817;0.5442;0.0994;0.4921;0.0263;0.0546;0.9537;0.5359;0.8741;0.7257;0.7602;0.734;0.4347;0.812
,44,45,46,47,47
Fitness 24.13192, Gen ;0.8864;0.6056;0.7239;0.6642;0.3412;0.2957;0.2618;0.0817;0.5442;0.0994;0.4921;0.0263;0.0546;0.9537;0.5359;0.8741;0.7257;0.7602;0.734;0.4347;0.812
,57,58,59,60,62
Fitness 15.08199, Gen ;0.8864;0.6056;0.7239;0.6642;0.3412;0.2957;0.2618;0.0817;0.5442;0.0994;0.4921;0.0263;0.0546;0.9537;0.5359;0.8741;0.7257;0.7602;0.734;0.4347;0.812
,40,40,41,42,45
Fitness 25.90992, Gen ;0.8864;0.6056;0.7239;0.6642;0.3412;0.2957;0.2618;0.0817;0.5442;0.0994;0.4921;0.0263;0.0546;0.9537;0.5359;0.8741;0.7257;0.7602;0.734;0.4347;0.812
,40,41,42,43,43
Fitness 7.413009, Gen ;0.8864;0.6056;0.7239;0.6642;0.3412;0.2957;0.2618;0.0817;0.5442;0.0994;0.4921;0.0263;0.0546;0.9537;0.5359;0.8741;0.7257;0.7602;0.734;0.4347;0.812
,49,49,51,52,52
Fitness 23.20661, Gen ;0.8864;0.6056;0.7239;0.6642;0.3412;0.2957;0.2618;0.0817;0.5442;0.0994;0.4921;0.0263;0.0546;0.9537;0.5359;0.8741;0.7257;0.7602;0.734;0.4347;0.812
,49,49,50,51,52
Fitness 14.72017, Gen ;0.8864;0.6056;0.7239;0.6642;0.3412;0.2957;0.2618;0.0817;0.5442;0.0994;0.4921;0.0263;0.0546;0.9537;0.5359;0.8741;0.7257;0.7602;0.734;0.4347;0.812
,66,66,67,68,69
Fitness 25.44888, Gen ;0.8864;0.6056;0.7239;0.6642;0.3412;0.2957;0.2618;0.0817;0.5442;0.0994;0.4921;0.0263;0.0546;0.9537;0.5359;0.8741;0.7257;0.7602;0.734;0.4347;0.812
,50,50,52,53,53
Fitness 26.14705, Gen ;0.8864;0.6056;0.7239;0.6642;0.3412;0.2957;0.2618;0.0817;0.5442;0.0994;0.4921;0.0263;0.0546;0.9537;0.5359;0.8741;0.7257;0.7602;0.734;0.4347;0.812
,58,58,58,59,60
Fitness 19.95051, Gen ;0.8864;0.6056;0.7239;0.6642;0.3412;0.2957;0.2618;0.0817;0.5442;0.0994;0.4921;0.0263;0.0546;0.9537;0.5359;0.8741;0.7257;0.7602;0.734;0.4347;0.812
,48,48,48,51,51
Fitness 19.46452, Gen ;0.8864;0.6056;0.7239;0.6642;0.3412;0.2957;0.2618;0.0817;0.5442;0.0994;0.4921;0.0263;0.0546;0.9537;0.5359;0.8741;0.7257;0.7602;0.734;0.4347;0.812
,49,50,50,53,53
