	1Ginelli ovc
	5 AI1 ovcarjev
Generacija 1, Fitness 60,28709, Gen ;0;0;0;0;0;0;0;0;0;0;0;0;0;0;0;0;0;0;0;0;0
,61
Generacija 1, Fitness 0,5, Gen ;0;0;0;0;0;0;0;0;0;0;0;0;0;0;0;0;0;0;0;0;0

Generacija 1, Fitness 3,704079, Gen ;0;0;0;0;0;0;0;0;0;0;0;0;0;0;0;0;0;0;0;0;0
,135
Generacija 1, Fitness 75,9004, Gen ;0;0;0;0;0;0;0;0;0;0;0;0;0;0;0;0;0;0;0;0;0
,52
Generacija 1, Fitness 88,89021, Gen ;0;0;0;0;0;0;0;0;0;0;0;0;0;0;0;0;0;0;0;0;0
,45
Generacija 1, Fitness 0,5, Gen ;0;0;0;0;0;0;0;0;0;0;0;0;0;0;0;0;0;0;0;0;0

Generacija 1, Fitness 0,5, Gen ;0;0;0;0;0;0;0;0;0;0;0;0;0;0;0;0;0;0;0;0;0

Generacija 1, Fitness 0,5, Gen ;0;0;0;0;0;0;0;0;0;0;0;0;0;0;0;0;0;0;0;0;0

Generacija 1, Fitness 0,5, Gen ;0;0;0;0;0;0;0;0;0;0;0;0;0;0;0;0;0;0;0;0;0

Generacija 1, Fitness 55,04409, Gen ;0;0;0;0;0;0;0;0;0;0;0;0;0;0;0;0;0;0;0;0;0
,65
Generacija 1, Fitness 0,5, Gen ;0;0;0;0;0;0;0;0;0;0;0;0;0;0;0;0;0;0;0;0;0

Generacija 1, Fitness 0,5, Gen ;0;0;0;0;0;0;0;0;0;0;0;0;0;0;0;0;0;0;0;0;0

Generacija 1, Fitness 2,741952, Gen ;0;0;0;0;0;0;0;0;0;0;0;0;0;0;0;0;0;0;0;0;0
,140
Generacija 1, Fitness 70,19051, Gen ;0;0;0;0;0;0;0;0;0;0;0;0;0;0;0;0;0;0;0;0;0
,55
Generacija 1, Fitness 0,5, Gen ;0;0;0;0;0;0;0;0;0;0;0;0;0;0;0;0;0;0;0;0;0

Generacija 1, Fitness 7,311762, Gen ;0;0;0;0;0;0;0;0;0;0;0;0;0;0;0;0;0;0;0;0;0
,122
Generacija 1, Fitness 0,5, Gen ;0;0;0;0;0;0;0;0;0;0;0;0;0;0;0;0;0;0;0;0;0

Generacija 1, Fitness 78,54711, Gen ;0;0;0;0;0;0;0;0;0;0;0;0;0;0;0;0;0;0;0;0;0
,50
Generacija 1, Fitness 0,5, Gen ;0;0;0;0;0;0;0;0;0;0;0;0;0;0;0;0;0;0;0;0;0

Generacija 1, Fitness 0,5, Gen ;0;0;0;0;0;0;0;0;0;0;0;0;0;0;0;0;0;0;0;0;0

Generacija 1, Fitness 78,71271, Gen ;0;0;0;0;0;0;0;0;0;0;0;0;0;0;0;0;0;0;0;0;0
,50
Generacija 1, Fitness 0,5, Gen ;0;0;0;0;0;0;0;0;0;0;0;0;0;0;0;0;0;0;0;0;0

Generacija 1, Fitness 0,5, Gen ;0;0;0;0;0;0;0;0;0;0;0;0;0;0;0;0;0;0;0;0;0

Generacija 1, Fitness 0,5, Gen ;0;0;0;0;0;0;0;0;0;0;0;0;0;0;0;0;0;0;0;0;0

Generacija 1, Fitness 0,5, Gen ;0;0;0;0;0;0;0;0;0;0;0;0;0;0;0;0;0;0;0;0;0

Generacija 1, Fitness 0,5, Gen ;0;0;0;0;0;0;0;0;0;0;0;0;0;0;0;0;0;0;0;0;0

Generacija 1, Fitness 67,69421, Gen ;0;0;0;0;0;0;0;0;0;0;0;0;0;0;0;0;0;0;0;0;0
,56
Generacija 1, Fitness 0,5000111, Gen ;0;0;0;0;0;0;0;0;0;0;0;0;0;0;0;0;0;0;0;0;0
,179
Generacija 1, Fitness 65,60072, Gen ;0;0;0;0;0;0;0;0;0;0;0;0;0;0;0;0;0;0;0;0;0
,58
Generacija 1, Fitness 0,5, Gen ;0;0;0;0;0;0;0;0;0;0;0;0;0;0;0;0;0;0;0;0;0

Generacija 1, Fitness 126,4411, Gen ;0;0;0;0;0;0;0;0;0;0;0;0;0;0;0;0;0;0;0;0;0
,28
Generacija 1, Fitness 45,95795, Gen ;0;0;0;0;0;0;0;0;0;0;0;0;0;0;0;0;0;0;0;0;0
,71
Generacija 1, Fitness 0,5, Gen ;0;0;0;0;0;0;0;0;0;0;0;0;0;0;0;0;0;0;0;0;0

Generacija 1, Fitness 0,5, Gen ;0;0;0;0;0;0;0;0;0;0;0;0;0;0;0;0;0;0;0;0;0

Generacija 1, Fitness 0,5, Gen ;0;0;0;0;0;0;0;0;0;0;0;0;0;0;0;0;0;0;0;0;0

Generacija 1, Fitness 1,486224, Gen ;0;0;0;0;0;0;0;0;0;0;0;0;0;0;0;0;0;0;0;0;0
,149
Generacija 1, Fitness 0,5, Gen ;0;0;0;0;0;0;0;0;0;0;0;0;0;0;0;0;0;0;0;0;0

Generacija 1, Fitness 0,5, Gen ;0;0;0;0;0;0;0;0;0;0;0;0;0;0;0;0;0;0;0;0;0

Generacija 1, Fitness 0,5, Gen ;0;0;0;0;0;0;0;0;0;0;0;0;0;0;0;0;0;0;0;0;0

Generacija 1, Fitness 47,27631, Gen ;0;0;0;0;0;0;0;0;0;0;0;0;0;0;0;0;0;0;0;0;0
,70
Generacija 1, Fitness 0,5, Gen ;0;0;0;0;0;0;0;0;0;0;0;0;0;0;0;0;0;0;0;0;0

Generacija 1, Fitness 0,5, Gen ;0;0;0;0;0;0;0;0;0;0;0;0;0;0;0;0;0;0;0;0;0

Generacija 1, Fitness 28,43636, Gen ;0;0;0;0;0;0;0;0;0;0;0;0;0;0;0;0;0;0;0;0;0
,88
Generacija 1, Fitness 0,5, Gen ;0;0;0;0;0;0;0;0;0;0;0;0;0;0;0;0;0;0;0;0;0

Generacija 1, Fitness 0,5, Gen ;0;0;0;0;0;0;0;0;0;0;0;0;0;0;0;0;0;0;0;0;0

Generacija 1, Fitness 64,51626, Gen ;0;0;0;0;0;0;0;0;0;0;0;0;0;0;0;0;0;0;0;0;0
,58
Generacija 1, Fitness 0,5, Gen ;0;0;0;0;0;0;0;0;0;0;0;0;0;0;0;0;0;0;0;0;0

Generacija 1, Fitness 93,61895, Gen ;0;0;0;0;0;0;0;0;0;0;0;0;0;0;0;0;0;0;0;0;0
,42
Generacija 1, Fitness 79,31207, Gen ;0;0;0;0;0;0;0;0;0;0;0;0;0;0;0;0;0;0;0;0;0
,50
Generacija 1, Fitness 0,5, Gen ;0;0;0;0;0;0;0;0;0;0;0;0;0;0;0;0;0;0;0;0;0

Generacija 1, Fitness 0,5, Gen ;0;0;0;0;0;0;0;0;0;0;0;0;0;0;0;0;0;0;0;0;0

Generacija 1, Fitness 41,81813, Gen ;0;0;0;0;0;0;0;0;0;0;0;0;0;0;0;0;0;0;0;0;0
,75
Generacija 1, Fitness 0,5, Gen ;0;0;0;0;0;0;0;0;0;0;0;0;0;0;0;0;0;0;0;0;0

Generacija 1, Fitness 0,5, Gen ;0;0;0;0;0;0;0;0;0;0;0;0;0;0;0;0;0;0;0;0;0

Generacija 1, Fitness 0,5, Gen ;0;0;0;0;0;0;0;0;0;0;0;0;0;0;0;0;0;0;0;0;0

Generacija 1, Fitness 0,5, Gen ;0;0;0;0;0;0;0;0;0;0;0;0;0;0;0;0;0;0;0;0;0

Generacija 1, Fitness 0,5, Gen ;0;0;0;0;0;0;0;0;0;0;0;0;0;0;0;0;0;0;0;0;0

Generacija 1, Fitness 0,5, Gen ;0;0;0;0;0;0;0;0;0;0;0;0;0;0;0;0;0;0;0;0;0

Generacija 1, Fitness 77,9987, Gen ;0;0;0;0;0;0;0;0;0;0;0;0;0;0;0;0;0;0;0;0;0
,50
Generacija 1, Fitness 67,42274, Gen ;0;0;0;0;0;0;0;0;0;0;0;0;0;0;0;0;0;0;0;0;0
,57
Generacija 1, Fitness 0,5, Gen ;0;0;0;0;0;0;0;0;0;0;0;0;0;0;0;0;0;0;0;0;0

Generacija 1, Fitness 4,608053, Gen ;0;0;0;0;0;0;0;0;0;0;0;0;0;0;0;0;0;0;0;0;0
,131
Generacija 1, Fitness 0,5, Gen ;0;0;0;0;0;0;0;0;0;0;0;0;0;0;0;0;0;0;0;0;0

Generacija 1, Fitness 0,5, Gen ;0;0;0;0;0;0;0;0;0;0;0;0;0;0;0;0;0;0;0;0;0

Generacija 1, Fitness 101,8698, Gen ;0;0;0;0;0;0;0;0;0;0;0;0;0;0;0;0;0;0;0;0;0
,38
Generacija 1, Fitness 73,37589, Gen ;0;0;0;0;0;0;0;0;0;0;0;0;0;0;0;0;0;0;0;0;0
,53
Generacija 1, Fitness 0,5, Gen ;0;0;0;0;0;0;0;0;0;0;0;0;0;0;0;0;0;0;0;0;0

Generacija 1, Fitness 0,5, Gen ;0;0;0;0;0;0;0;0;0;0;0;0;0;0;0;0;0;0;0;0;0

Generacija 1, Fitness 63,54464, Gen ;0;0;0;0;0;0;0;0;0;0;0;0;0;0;0;0;0;0;0;0;0
,59
Generacija 1, Fitness 0,5, Gen ;0;0;0;0;0;0;0;0;0;0;0;0;0;0;0;0;0;0;0;0;0

Generacija 1, Fitness 0,5, Gen ;0;0;0;0;0;0;0;0;0;0;0;0;0;0;0;0;0;0;0;0;0

Generacija 1, Fitness 0,5, Gen ;0;0;0;0;0;0;0;0;0;0;0;0;0;0;0;0;0;0;0;0;0

Generacija 1, Fitness 75,30386, Gen ;0;0;0;0;0;0;0;0;0;0;0;0;0;0;0;0;0;0;0;0;0
,52
Generacija 1, Fitness 68,70242, Gen ;0;0;0;0;0;0;0;0;0;0;0;0;0;0;0;0;0;0;0;0;0
,56
Generacija 1, Fitness 0,5, Gen ;0;0;0;0;0;0;0;0;0;0;0;0;0;0;0;0;0;0;0;0;0

Generacija 1, Fitness 80,16919, Gen ;0;0;0;0;0;0;0;0;0;0;0;0;0;0;0;0;0;0;0;0;0
,49
Generacija 1, Fitness 0,5, Gen ;0;0;0;0;0;0;0;0;0;0;0;0;0;0;0;0;0;0;0;0;0

Generacija 1, Fitness 6,160644, Gen ;0;0;0;0;0;0;0;0;0;0;0;0;0;0;0;0;0;0;0;0;0
,126
Generacija 1, Fitness 0,5, Gen ;0;0;0;0;0;0;0;0;0;0;0;0;0;0;0;0;0;0;0;0;0

Generacija 1, Fitness 72,05408, Gen ;0;0;0;0;0;0;0;0;0;0;0;0;0;0;0;0;0;0;0;0;0
,54
Generacija 1, Fitness 0,5, Gen ;0;0;0;0;0;0;0;0;0;0;0;0;0;0;0;0;0;0;0;0;0

Generacija 1, Fitness 0,5, Gen ;0;0;0;0;0;0;0;0;0;0;0;0;0;0;0;0;0;0;0;0;0

Generacija 1, Fitness 0,5, Gen ;0;0;0;0;0;0;0;0;0;0;0;0;0;0;0;0;0;0;0;0;0

Generacija 1, Fitness 0,5, Gen ;0;0;0;0;0;0;0;0;0;0;0;0;0;0;0;0;0;0;0;0;0

Generacija 1, Fitness 0,5, Gen ;0;0;0;0;0;0;0;0;0;0;0;0;0;0;0;0;0;0;0;0;0

Generacija 1, Fitness 0,5, Gen ;0;0;0;0;0;0;0;0;0;0;0;0;0;0;0;0;0;0;0;0;0

Generacija 1, Fitness 0,5, Gen ;0;0;0;0;0;0;0;0;0;0;0;0;0;0;0;0;0;0;0;0;0

Generacija 1, Fitness 69,26713, Gen ;0;0;0;0;0;0;0;0;0;0;0;0;0;0;0;0;0;0;0;0;0
,55
Generacija 1, Fitness 0,5, Gen ;0;0;0;0;0;0;0;0;0;0;0;0;0;0;0;0;0;0;0;0;0

Generacija 1, Fitness 0,5, Gen ;0;0;0;0;0;0;0;0;0;0;0;0;0;0;0;0;0;0;0;0;0

Generacija 1, Fitness 81,88448, Gen ;0;0;0;0;0;0;0;0;0;0;0;0;0;0;0;0;0;0;0;0;0
,48
Generacija 1, Fitness 0,5, Gen ;0;0;0;0;0;0;0;0;0;0;0;0;0;0;0;0;0;0;0;0;0

Generacija 1, Fitness 66,8989, Gen ;0;0;0;0;0;0;0;0;0;0;0;0;0;0;0;0;0;0;0;0;0
,57
Generacija 1, Fitness 0,5, Gen ;0;0;0;0;0;0;0;0;0;0;0;0;0;0;0;0;0;0;0;0;0

Generacija 1, Fitness 4,881761, Gen ;0;0;0;0;0;0;0;0;0;0;0;0;0;0;0;0;0;0;0;0;0
,130
Generacija 1, Fitness 0,5, Gen ;0;0;0;0;0;0;0;0;0;0;0;0;0;0;0;0;0;0;0;0;0

Generacija 1, Fitness 90,61588, Gen ;0;0;0;0;0;0;0;0;0;0;0;0;0;0;0;0;0;0;0;0;0
,44
Generacija 1, Fitness 68,38818, Gen ;0;0;0;0;0;0;0;0;0;0;0;0;0;0;0;0;0;0;0;0;0
,56
Generacija 1, Fitness 0,5, Gen ;0;0;0;0;0;0;0;0;0;0;0;0;0;0;0;0;0;0;0;0;0

Generacija 1, Fitness 0,5, Gen ;0;0;0;0;0;0;0;0;0;0;0;0;0;0;0;0;0;0;0;0;0

