	50Ginelli ovc
	4 AI1 ovcarjev
Fitness 222.8465, Gen ;0.6907;0.9821;0.9989;0.5195;0.0076;0.9591;0.168;0.9556;0.5651;0.9403;0.2702;0.7348;0.1656;0.4134;0.9806;0.9004;0.6155;0.339;0.5108;0.1651;0.9135
,44,44,44,44,44,44,44,44,44,44,44,44,44,44,44,44,44,44,44,44,44,44,44,44,44,44,44,44,44,44,44,44,44,44,44,44,44,44,44,45,45,45,45,45,45,45,46,47,48,48
Fitness 230.7947, Gen ;0.6907;0.9821;0.9989;0.5195;0.0076;0.9591;0.168;0.9556;0.5651;0.9403;0.2702;0.7348;0.1656;0.4134;0.9806;0.9004;0.6155;0.339;0.5108;0.1651;0.9135
,44,44,44,44,44,44,44,44,44,45,45,45,45,45,45,45,45,45,45,45,45,45,45,45,45,45,45,45,45,45,45,45,45,45,45,45,45,45,45,45,46,46,46,46,46,46,47,48,48,48
Fitness 236.1691, Gen ;0.6907;0.9821;0.9989;0.5195;0.0076;0.9591;0.168;0.9556;0.5651;0.9403;0.2702;0.7348;0.1656;0.4134;0.9806;0.9004;0.6155;0.339;0.5108;0.1651;0.9135
,46,46,46,46,46,46,46,46,46,46,46,46,46,47,47,47,47,47,47,47,47,47,47,47,47,47,47,47,47,47,47,47,47,47,47,47,47,47,47,47,48,48,48,48,48,49,49,50,50,50
Fitness 236.6165, Gen ;0.6907;0.9821;0.9989;0.5195;0.0076;0.9591;0.168;0.9556;0.5651;0.9403;0.2702;0.7348;0.1656;0.4134;0.9806;0.9004;0.6155;0.339;0.5108;0.1651;0.9135
,43,43,43,43,43,43,43,43,43,43,43,43,43,43,43,43,44,44,44,44,44,44,44,44,44,44,44,44,44,44,44,44,44,44,44,44,44,44,44,44,44,44,44,45,45,45,46,46,47,47
Fitness 238.1617, Gen ;0.6907;0.9821;0.9989;0.5195;0.0076;0.9591;0.168;0.9556;0.5651;0.9403;0.2702;0.7348;0.1656;0.4134;0.9806;0.9004;0.6155;0.339;0.5108;0.1651;0.9135
,44,44,44,44,44,44,44,44,44,44,44,44,44,44,44,44,44,44,44,44,44,44,44,44,44,44,44,44,44,44,44,44,44,44,44,44,45,45,45,45,45,45,45,45,45,45,46,47,47,48
Fitness 229.6047, Gen ;0.6907;0.9821;0.9989;0.5195;0.0076;0.9591;0.168;0.9556;0.5651;0.9403;0.2702;0.7348;0.1656;0.4134;0.9806;0.9004;0.6155;0.339;0.5108;0.1651;0.9135
,46,46,46,46,46,46,46,46,46,46,46,46,46,46,46,46,46,46,46,46,46,46,46,46,46,46,46,46,46,46,47,47,47,47,47,47,47,47,47,47,47,47,47,48,48,48,48,49,49,49
Fitness 224.791, Gen ;0.6907;0.9821;0.9989;0.5195;0.0076;0.9591;0.168;0.9556;0.5651;0.9403;0.2702;0.7348;0.1656;0.4134;0.9806;0.9004;0.6155;0.339;0.5108;0.1651;0.9135
,46,46,46,46,46,46,46,46,46,46,46,46,46,46,46,46,46,46,46,46,46,46,46,46,46,46,46,46,46,46,46,46,46,46,46,46,46,46,47,47,47,47,47,47,47,48,48,49,49,49
Fitness 213.1544, Gen ;0.6907;0.9821;0.9989;0.5195;0.0076;0.9591;0.168;0.9556;0.5651;0.9403;0.2702;0.7348;0.1656;0.4134;0.9806;0.9004;0.6155;0.339;0.5108;0.1651;0.9135
,43,43,43,43,43,43,43,43,43,43,43,43,43,43,43,43,43,43,43,43,43,43,43,43,43,43,43,43,43,43,43,43,43,43,43,43,43,43,43,43,44,44,44,44,44,44,45,46,46,47
Fitness 236.2754, Gen ;0.6907;0.9821;0.9989;0.5195;0.0076;0.9591;0.168;0.9556;0.5651;0.9403;0.2702;0.7348;0.1656;0.4134;0.9806;0.9004;0.6155;0.339;0.5108;0.1651;0.9135
,44,44,44,44,44,44,44,44,44,44,44,44,44,44,44,44,44,44,44,44,44,44,44,44,44,44,44,44,44,44,44,44,44,44,44,44,44,44,44,44,45,45,45,45,45,46,46,47,47,47
Fitness 230.2108, Gen ;0.6907;0.9821;0.9989;0.5195;0.0076;0.9591;0.168;0.9556;0.5651;0.9403;0.2702;0.7348;0.1656;0.4134;0.9806;0.9004;0.6155;0.339;0.5108;0.1651;0.9135
,45,45,45,45,45,45,45,45,45,45,45,45,45,45,45,45,45,45,45,45,45,45,45,45,45,45,45,45,45,45,45,45,45,45,45,45,46,46,46,46,46,46,46,46,47,47,47,48,48,49
Fitness 213.1871, Gen ;0.6907;0.9821;0.9989;0.5195;0.0076;0.9591;0.168;0.9556;0.5651;0.9403;0.2702;0.7348;0.1656;0.4134;0.9806;0.9004;0.6155;0.339;0.5108;0.1651;0.9135
,44,44,44,44,44,44,44,44,44,44,44,44,44,44,44,44,44,44,44,44,44,44,44,44,44,44,44,44,44,44,44,44,44,44,44,44,45,45,45,45,45,45,45,45,45,45,46,46,47,47
Fitness 213.6935, Gen ;0.6907;0.9821;0.9989;0.5195;0.0076;0.9591;0.168;0.9556;0.5651;0.9403;0.2702;0.7348;0.1656;0.4134;0.9806;0.9004;0.6155;0.339;0.5108;0.1651;0.9135
,46,46,46,46,46,46,46,46,46,46,46,46,46,46,46,46,46,46,46,46,46,46,46,46,46,46,46,46,46,46,47,47,47,47,47,47,47,47,47,47,47,47,47,47,48,48,48,50,50,50
Fitness 234.7152, Gen ;0.6907;0.9821;0.9989;0.5195;0.0076;0.9591;0.168;0.9556;0.5651;0.9403;0.2702;0.7348;0.1656;0.4134;0.9806;0.9004;0.6155;0.339;0.5108;0.1651;0.9135
,46,46,46,46,46,46,46,46,46,46,46,46,46,46,46,46,46,46,46,46,46,46,46,46,46,46,46,46,46,46,46,47,47,47,47,47,47,47,47,47,47,47,47,47,47,47,49,49,50,50
Fitness 232.7884, Gen ;0.6907;0.9821;0.9989;0.5195;0.0076;0.9591;0.168;0.9556;0.5651;0.9403;0.2702;0.7348;0.1656;0.4134;0.9806;0.9004;0.6155;0.339;0.5108;0.1651;0.9135
,45,45,45,45,45,45,45,45,45,45,45,45,45,45,45,45,45,45,45,45,45,45,45,45,45,45,45,45,45,45,45,45,45,45,45,46,46,46,46,46,46,46,46,46,46,46,47,48,48,49
Fitness 218.7138, Gen ;0.6907;0.9821;0.9989;0.5195;0.0076;0.9591;0.168;0.9556;0.5651;0.9403;0.2702;0.7348;0.1656;0.4134;0.9806;0.9004;0.6155;0.339;0.5108;0.1651;0.9135
,46,46,46,46,46,46,46,46,46,46,46,46,46,46,46,46,46,46,46,46,46,46,46,46,46,46,46,46,46,46,46,46,46,46,46,46,46,46,47,47,47,47,47,47,48,48,48,49,49,49
Fitness 228.4372, Gen ;0.6907;0.9821;0.9989;0.5195;0.0076;0.9591;0.168;0.9556;0.5651;0.9403;0.2702;0.7348;0.1656;0.4134;0.9806;0.9004;0.6155;0.339;0.5108;0.1651;0.9135
,45,45,45,45,45,45,45,45,45,45,45,45,45,45,45,45,45,45,45,45,45,45,45,45,45,45,46,46,46,46,46,46,46,46,46,46,46,46,46,46,47,47,47,47,47,47,48,49,49,56
Fitness 214.0462, Gen ;0.6907;0.9821;0.9989;0.5195;0.0076;0.9591;0.168;0.9556;0.5651;0.9403;0.2702;0.7348;0.1656;0.4134;0.9806;0.9004;0.6155;0.339;0.5108;0.1651;0.9135
,47,47,47,47,47,47,47,47,47,47,47,47,47,47,47,47,47,47,47,47,47,47,47,47,47,47,47,47,47,48,48,48,48,48,48,48,48,48,48,48,48,48,48,48,48,48,50,50,50,51
Fitness 212.4961, Gen ;0.6907;0.9821;0.9989;0.5195;0.0076;0.9591;0.168;0.9556;0.5651;0.9403;0.2702;0.7348;0.1656;0.4134;0.9806;0.9004;0.6155;0.339;0.5108;0.1651;0.9135
,46,46,46,46,46,46,46,46,46,46,46,46,46,46,46,46,46,46,46,46,46,46,46,46,46,46,46,47,47,47,47,47,47,47,47,47,47,47,47,47,47,47,47,47,47,47,48,48,50,50
Fitness 223.9749, Gen ;0.6907;0.9821;0.9989;0.5195;0.0076;0.9591;0.168;0.9556;0.5651;0.9403;0.2702;0.7348;0.1656;0.4134;0.9806;0.9004;0.6155;0.339;0.5108;0.1651;0.9135
,45,45,45,45,45,45,45,45,46,46,46,46,46,46,46,46,46,46,46,46,46,46,46,46,46,46,46,46,46,46,46,46,46,46,46,46,46,46,46,47,47,47,47,47,47,47,47,48,49,49
Fitness 218.3599, Gen ;0.6907;0.9821;0.9989;0.5195;0.0076;0.9591;0.168;0.9556;0.5651;0.9403;0.2702;0.7348;0.1656;0.4134;0.9806;0.9004;0.6155;0.339;0.5108;0.1651;0.9135
,44,44,44,44,44,44,44,44,44,44,45,45,45,45,45,45,45,45,45,45,45,45,45,45,45,45,45,45,45,45,45,45,45,45,45,45,45,45,45,45,45,45,45,46,46,46,46,48,48,48
Fitness 196.4338, Gen ;0.6907;0.9821;0.9989;0.5195;0.0076;0.9591;0.168;0.9556;0.5651;0.9403;0.2702;0.7348;0.1656;0.4134;0.9806;0.9004;0.6155;0.339;0.5108;0.1651;0.9135
,46,46,46,47,47,47,47,47,47,47,47,47,47,47,47,47,47,47,47,47,47,47,47,47,47,47,47,47,47,47,47,47,47,47,47,47,47,47,47,47,48,48,48,48,48,48,49,49,50,51
Fitness 207.6562, Gen ;0.6907;0.9821;0.9989;0.5195;0.0076;0.9591;0.168;0.9556;0.5651;0.9403;0.2702;0.7348;0.1656;0.4134;0.9806;0.9004;0.6155;0.339;0.5108;0.1651;0.9135
,42,42,42,42,42,42,42,42,42,42,42,42,42,42,43,43,43,43,43,43,43,43,43,43,43,43,43,43,43,43,43,43,43,43,43,43,43,43,43,43,43,44,44,44,44,45,45,46,46,47
Fitness 212.6691, Gen ;0.6907;0.9821;0.9989;0.5195;0.0076;0.9591;0.168;0.9556;0.5651;0.9403;0.2702;0.7348;0.1656;0.4134;0.9806;0.9004;0.6155;0.339;0.5108;0.1651;0.9135
,43,43,43,43,43,43,43,43,43,43,43,43,43,43,43,43,43,43,43,43,43,43,43,43,43,43,43,43,43,43,43,43,43,44,44,44,44,44,44,44,44,44,44,44,45,45,45,45,46,47
Fitness 219.5681, Gen ;0.6907;0.9821;0.9989;0.5195;0.0076;0.9591;0.168;0.9556;0.5651;0.9403;0.2702;0.7348;0.1656;0.4134;0.9806;0.9004;0.6155;0.339;0.5108;0.1651;0.9135
,45,45,45,45,45,45,45,45,45,45,45,45,45,45,45,45,45,45,45,45,45,45,45,45,46,46,46,46,46,46,46,46,46,46,46,46,46,46,46,46,46,46,46,46,46,47,48,48,49,49
Fitness 224.7065, Gen ;0.6907;0.9821;0.9989;0.5195;0.0076;0.9591;0.168;0.9556;0.5651;0.9403;0.2702;0.7348;0.1656;0.4134;0.9806;0.9004;0.6155;0.339;0.5108;0.1651;0.9135
,46,46,46,46,46,46,46,46,46,46,46,46,46,46,46,46,46,46,46,46,46,47,47,47,47,47,47,47,47,47,47,47,47,47,47,47,47,47,47,47,47,47,47,47,48,48,48,49,49,50
Fitness 211.4664, Gen ;0.6907;0.9821;0.9989;0.5195;0.0076;0.9591;0.168;0.9556;0.5651;0.9403;0.2702;0.7348;0.1656;0.4134;0.9806;0.9004;0.6155;0.339;0.5108;0.1651;0.9135
,42,42,42,43,43,43,43,43,43,43,43,43,43,43,43,43,43,43,43,43,43,43,43,43,43,43,43,43,43,43,43,43,43,43,43,43,43,43,43,43,43,43,44,44,45,46,46,46,46,46
Fitness 234.9128, Gen ;0.6907;0.9821;0.9989;0.5195;0.0076;0.9591;0.168;0.9556;0.5651;0.9403;0.2702;0.7348;0.1656;0.4134;0.9806;0.9004;0.6155;0.339;0.5108;0.1651;0.9135
,44,44,44,44,44,44,44,44,44,44,44,44,44,44,44,44,44,44,44,44,44,44,44,44,44,44,44,44,45,45,45,45,45,45,45,45,45,45,45,45,45,45,45,45,45,46,46,47,48,48
Fitness 236.5999, Gen ;0.6907;0.9821;0.9989;0.5195;0.0076;0.9591;0.168;0.9556;0.5651;0.9403;0.2702;0.7348;0.1656;0.4134;0.9806;0.9004;0.6155;0.339;0.5108;0.1651;0.9135
,44,44,44,44,44,44,44,44,44,44,44,44,44,44,44,44,44,44,44,44,44,44,44,44,44,44,44,44,44,44,44,44,44,44,44,44,44,45,45,45,45,45,45,45,46,47,47,47,47,48
Fitness 221.5076, Gen ;0.6907;0.9821;0.9989;0.5195;0.0076;0.9591;0.168;0.9556;0.5651;0.9403;0.2702;0.7348;0.1656;0.4134;0.9806;0.9004;0.6155;0.339;0.5108;0.1651;0.9135
,45,45,45,45,45,45,45,45,45,45,45,45,45,45,45,45,45,45,45,45,45,45,45,45,45,45,45,45,45,45,46,46,46,46,46,46,46,46,46,46,46,46,46,46,46,46,47,48,48,48
Fitness 213.4358, Gen ;0.6907;0.9821;0.9989;0.5195;0.0076;0.9591;0.168;0.9556;0.5651;0.9403;0.2702;0.7348;0.1656;0.4134;0.9806;0.9004;0.6155;0.339;0.5108;0.1651;0.9135
,43,43,43,43,43,43,43,43,43,43,43,43,43,43,43,43,43,43,43,43,43,43,43,43,43,43,43,43,43,43,43,43,43,43,43,43,44,44,44,44,44,44,44,45,45,45,45,46,46,46
Fitness 242.9158, Gen ;0.6907;0.9821;0.9989;0.5195;0.0076;0.9591;0.168;0.9556;0.5651;0.9403;0.2702;0.7348;0.1656;0.4134;0.9806;0.9004;0.6155;0.339;0.5108;0.1651;0.9135
,45,45,45,45,45,45,45,45,45,45,45,45,45,45,45,45,45,45,45,45,45,45,45,45,45,45,45,45,45,45,45,45,45,45,45,46,46,46,46,46,46,46,46,46,46,47,47,48,48,48
Fitness 226.0325, Gen ;0.6907;0.9821;0.9989;0.5195;0.0076;0.9591;0.168;0.9556;0.5651;0.9403;0.2702;0.7348;0.1656;0.4134;0.9806;0.9004;0.6155;0.339;0.5108;0.1651;0.9135
,46,46,46,46,46,46,46,46,46,46,46,46,46,46,46,46,46,46,46,46,46,46,46,46,46,46,46,46,46,46,46,46,46,46,46,46,46,47,47,47,47,47,47,47,47,47,47,47,50,50
Fitness 227.2667, Gen ;0.6907;0.9821;0.9989;0.5195;0.0076;0.9591;0.168;0.9556;0.5651;0.9403;0.2702;0.7348;0.1656;0.4134;0.9806;0.9004;0.6155;0.339;0.5108;0.1651;0.9135
,45,45,45,45,45,45,45,45,45,45,45,45,45,45,45,45,45,45,45,45,45,45,45,45,45,45,45,45,45,45,45,45,45,45,45,45,46,46,46,46,46,46,46,47,47,48,48,48,48,49
Fitness 221.8329, Gen ;0.6907;0.9821;0.9989;0.5195;0.0076;0.9591;0.168;0.9556;0.5651;0.9403;0.2702;0.7348;0.1656;0.4134;0.9806;0.9004;0.6155;0.339;0.5108;0.1651;0.9135
,42,42,42,42,42,42,42,42,42,42,42,42,42,42,42,42,42,42,42,42,42,42,42,42,42,42,42,42,42,42,42,42,42,42,42,42,42,42,42,43,43,43,43,43,43,43,44,45,45,45
Fitness 235.9783, Gen ;0.6907;0.9821;0.9989;0.5195;0.0076;0.9591;0.168;0.9556;0.5651;0.9403;0.2702;0.7348;0.1656;0.4134;0.9806;0.9004;0.6155;0.339;0.5108;0.1651;0.9135
,46,46,46,46,46,46,46,46,46,47,47,47,47,47,47,47,47,47,47,47,47,47,47,47,47,47,47,47,47,47,47,47,47,47,47,47,47,47,47,47,48,48,48,48,48,48,49,50,50,50
Fitness 223.0795, Gen ;0.6907;0.9821;0.9989;0.5195;0.0076;0.9591;0.168;0.9556;0.5651;0.9403;0.2702;0.7348;0.1656;0.4134;0.9806;0.9004;0.6155;0.339;0.5108;0.1651;0.9135
,48,48,48,48,48,48,48,48,48,48,48,48,48,48,48,48,48,48,48,48,48,48,48,48,48,48,48,48,48,48,48,48,48,48,49,49,49,49,49,49,49,49,49,49,49,50,51,51,51,52
Fitness 215.1746, Gen ;0.6907;0.9821;0.9989;0.5195;0.0076;0.9591;0.168;0.9556;0.5651;0.9403;0.2702;0.7348;0.1656;0.4134;0.9806;0.9004;0.6155;0.339;0.5108;0.1651;0.9135
,50,50,50,50,50,50,50,50,50,50,50,50,50,50,50,50,50,50,50,50,50,50,51,51,51,51,51,51,51,51,51,51,51,51,51,51,51,51,51,51,51,51,51,51,52,52,53,53,54,54
Fitness 224.1611, Gen ;0.6907;0.9821;0.9989;0.5195;0.0076;0.9591;0.168;0.9556;0.5651;0.9403;0.2702;0.7348;0.1656;0.4134;0.9806;0.9004;0.6155;0.339;0.5108;0.1651;0.9135
,42,42,42,42,42,42,42,42,42,42,42,42,42,42,42,42,42,42,42,42,42,42,42,42,42,43,43,43,43,43,43,43,43,43,43,43,43,43,43,43,43,43,43,44,44,45,45,45,46,46
Fitness 242.6605, Gen ;0.6907;0.9821;0.9989;0.5195;0.0076;0.9591;0.168;0.9556;0.5651;0.9403;0.2702;0.7348;0.1656;0.4134;0.9806;0.9004;0.6155;0.339;0.5108;0.1651;0.9135
,47,47,47,47,47,47,47,47,47,47,47,47,47,47,47,47,47,47,47,47,47,47,47,47,47,47,48,48,48,48,48,48,48,48,48,48,48,48,48,48,48,49,49,49,49,50,50,51,51,52
Fitness 212.7111, Gen ;0.6907;0.9821;0.9989;0.5195;0.0076;0.9591;0.168;0.9556;0.5651;0.9403;0.2702;0.7348;0.1656;0.4134;0.9806;0.9004;0.6155;0.339;0.5108;0.1651;0.9135
,51,51,51,51,51,51,51,51,51,51,51,51,51,51,51,51,51,51,51,51,51,51,51,51,51,51,51,51,51,51,51,51,51,52,52,52,52,52,52,52,52,52,52,52,52,53,53,53,55,55
