	10PopravljenStroembom ovc
	3 AI1 ovcarjev
Fitness 40.91065, Gen ;0.9765;0.8647;0.8169;0.2349;0.0918;0.7506;0.3705;0.9884;0.8473;0.695;0.4123;0.742;0.0923;0.3374;0.8035;0.557;0.0375;0.9016;0.1833;0.326;0.5349
,46,46,46,46,47,47,47,47,47,51
Fitness 42.92091, Gen ;0.9765;0.8647;0.8169;0.2349;0.0918;0.7506;0.3705;0.9884;0.8473;0.695;0.4123;0.742;0.0923;0.3374;0.8035;0.557;0.0375;0.9016;0.1833;0.326;0.5349
,47,47,47,47,47,47,48,48,48,49
Fitness 42.96571, Gen ;0.9765;0.8647;0.8169;0.2349;0.0918;0.7506;0.3705;0.9884;0.8473;0.695;0.4123;0.742;0.0923;0.3374;0.8035;0.557;0.0375;0.9016;0.1833;0.326;0.5349
,47,47,47,47,47,48,48,48,48,48
Fitness 42.98648, Gen ;0.9765;0.8647;0.8169;0.2349;0.0918;0.7506;0.3705;0.9884;0.8473;0.695;0.4123;0.742;0.0923;0.3374;0.8035;0.557;0.0375;0.9016;0.1833;0.326;0.5349
,51,51,51,51,51,52,52,52,52,53
Fitness 47.14907, Gen ;0.9765;0.8647;0.8169;0.2349;0.0918;0.7506;0.3705;0.9884;0.8473;0.695;0.4123;0.742;0.0923;0.3374;0.8035;0.557;0.0375;0.9016;0.1833;0.326;0.5349
,46,46,46,46,46,46,46,46,46,47
Fitness 41.22071, Gen ;0.9765;0.8647;0.8169;0.2349;0.0918;0.7506;0.3705;0.9884;0.8473;0.695;0.4123;0.742;0.0923;0.3374;0.8035;0.557;0.0375;0.9016;0.1833;0.326;0.5349
,50,50,50,50,51,51,51,51,52,57
Fitness 43.65419, Gen ;0.9765;0.8647;0.8169;0.2349;0.0918;0.7506;0.3705;0.9884;0.8473;0.695;0.4123;0.742;0.0923;0.3374;0.8035;0.557;0.0375;0.9016;0.1833;0.326;0.5349
,57,57,58,58,58,58,58,58,58,58
Fitness 43.32182, Gen ;0.9765;0.8647;0.8169;0.2349;0.0918;0.7506;0.3705;0.9884;0.8473;0.695;0.4123;0.742;0.0923;0.3374;0.8035;0.557;0.0375;0.9016;0.1833;0.326;0.5349
,53,53,53,53,54,54,54,54,54,57
Fitness 38.16306, Gen ;0.9765;0.8647;0.8169;0.2349;0.0918;0.7506;0.3705;0.9884;0.8473;0.695;0.4123;0.742;0.0923;0.3374;0.8035;0.557;0.0375;0.9016;0.1833;0.326;0.5349
,49,49,49,49,49,49,49,50,50,50
Fitness 45.49658, Gen ;0.9765;0.8647;0.8169;0.2349;0.0918;0.7506;0.3705;0.9884;0.8473;0.695;0.4123;0.742;0.0923;0.3374;0.8035;0.557;0.0375;0.9016;0.1833;0.326;0.5349
,51,52,52,52,52,52,52,52,52,52
Fitness 36.20211, Gen ;0.9765;0.8647;0.8169;0.2349;0.0918;0.7506;0.3705;0.9884;0.8473;0.695;0.4123;0.742;0.0923;0.3374;0.8035;0.557;0.0375;0.9016;0.1833;0.326;0.5349
,51,51,51,51,52,52,52,52,53,58
Fitness 31.30343, Gen ;0.9765;0.8647;0.8169;0.2349;0.0918;0.7506;0.3705;0.9884;0.8473;0.695;0.4123;0.742;0.0923;0.3374;0.8035;0.557;0.0375;0.9016;0.1833;0.326;0.5349
,53,53,53,54,54,54,54,54,54,58
Fitness 34.83257, Gen ;0.9765;0.8647;0.8169;0.2349;0.0918;0.7506;0.3705;0.9884;0.8473;0.695;0.4123;0.742;0.0923;0.3374;0.8035;0.557;0.0375;0.9016;0.1833;0.326;0.5349
,51,51,51,51,52,52,52,52,52,55
Fitness 41.28512, Gen ;0.9765;0.8647;0.8169;0.2349;0.0918;0.7506;0.3705;0.9884;0.8473;0.695;0.4123;0.742;0.0923;0.3374;0.8035;0.557;0.0375;0.9016;0.1833;0.326;0.5349
,62,62,62,62,62,63,63,63,63,63
Fitness 37.8321, Gen ;0.9765;0.8647;0.8169;0.2349;0.0918;0.7506;0.3705;0.9884;0.8473;0.695;0.4123;0.742;0.0923;0.3374;0.8035;0.557;0.0375;0.9016;0.1833;0.326;0.5349
,61,61,61,61,61,61,61,62,62,62
Fitness 34.57584, Gen ;0.9765;0.8647;0.8169;0.2349;0.0918;0.7506;0.3705;0.9884;0.8473;0.695;0.4123;0.742;0.0923;0.3374;0.8035;0.557;0.0375;0.9016;0.1833;0.326;0.5349
,52,52,53,53,53,53,53,53,53,55
Fitness 33.22224, Gen ;0.9765;0.8647;0.8169;0.2349;0.0918;0.7506;0.3705;0.9884;0.8473;0.695;0.4123;0.742;0.0923;0.3374;0.8035;0.557;0.0375;0.9016;0.1833;0.326;0.5349
,45,45,45,45,46,53,124,124,172,173
Fitness 37.03533, Gen ;0.9765;0.8647;0.8169;0.2349;0.0918;0.7506;0.3705;0.9884;0.8473;0.695;0.4123;0.742;0.0923;0.3374;0.8035;0.557;0.0375;0.9016;0.1833;0.326;0.5349
,45,46,46,46,46,46,46,47,47,49
Fitness 26.88828, Gen ;0.9765;0.8647;0.8169;0.2349;0.0918;0.7506;0.3705;0.9884;0.8473;0.695;0.4123;0.742;0.0923;0.3374;0.8035;0.557;0.0375;0.9016;0.1833;0.326;0.5349
,49,49,49,49,50,50,50,50,50,56
Fitness 27.92789, Gen ;0.9765;0.8647;0.8169;0.2349;0.0918;0.7506;0.3705;0.9884;0.8473;0.695;0.4123;0.742;0.0923;0.3374;0.8035;0.557;0.0375;0.9016;0.1833;0.326;0.5349
,46,46,46,46,46,46,47,47,47,47
Fitness 35.69968, Gen ;0.9765;0.8647;0.8169;0.2349;0.0918;0.7506;0.3705;0.9884;0.8473;0.695;0.4123;0.742;0.0923;0.3374;0.8035;0.557;0.0375;0.9016;0.1833;0.326;0.5349
,53,53,54,54,54,54,54,54,55,58
Fitness 0.0258185, Gen ;0.9765;0.8647;0.8169;0.2349;0.0918;0.7506;0.3705;0.9884;0.8473;0.695;0.4123;0.742;0.0923;0.3374;0.8035;0.557;0.0375;0.9016;0.1833;0.326;0.5349
,46,46,46,46,47,47,47,47,47,47
Fitness 44.46727, Gen ;0.9765;0.8647;0.8169;0.2349;0.0918;0.7506;0.3705;0.9884;0.8473;0.695;0.4123;0.742;0.0923;0.3374;0.8035;0.557;0.0375;0.9016;0.1833;0.326;0.5349
,59,59,59,59,59,59,59,59,59,61
Fitness 37.49132, Gen ;0.9765;0.8647;0.8169;0.2349;0.0918;0.7506;0.3705;0.9884;0.8473;0.695;0.4123;0.742;0.0923;0.3374;0.8035;0.557;0.0375;0.9016;0.1833;0.326;0.5349
,41,41,42,42,42,42,42,43,51,51
Fitness 44.88446, Gen ;0.9765;0.8647;0.8169;0.2349;0.0918;0.7506;0.3705;0.9884;0.8473;0.695;0.4123;0.742;0.0923;0.3374;0.8035;0.557;0.0375;0.9016;0.1833;0.326;0.5349
,46,46,46,47,47,47,47,47,47,49
Fitness 33.61026, Gen ;0.9765;0.8647;0.8169;0.2349;0.0918;0.7506;0.3705;0.9884;0.8473;0.695;0.4123;0.742;0.0923;0.3374;0.8035;0.557;0.0375;0.9016;0.1833;0.326;0.5349
,49,49,49,49,50,50,50,50,50,51
Fitness 45.25805, Gen ;0.9765;0.8647;0.8169;0.2349;0.0918;0.7506;0.3705;0.9884;0.8473;0.695;0.4123;0.742;0.0923;0.3374;0.8035;0.557;0.0375;0.9016;0.1833;0.326;0.5349
,56,56,56,56,56,57,57,57,57,57
Fitness 29.14175, Gen ;0.9765;0.8647;0.8169;0.2349;0.0918;0.7506;0.3705;0.9884;0.8473;0.695;0.4123;0.742;0.0923;0.3374;0.8035;0.557;0.0375;0.9016;0.1833;0.326;0.5349
,55,55,56,56,56,56,56,56,56,56
Fitness 44.48923, Gen ;0.9765;0.8647;0.8169;0.2349;0.0918;0.7506;0.3705;0.9884;0.8473;0.695;0.4123;0.742;0.0923;0.3374;0.8035;0.557;0.0375;0.9016;0.1833;0.326;0.5349
,54,54,54,54,54,54,55,55,55,59
Fitness 43.76728, Gen ;0.9765;0.8647;0.8169;0.2349;0.0918;0.7506;0.3705;0.9884;0.8473;0.695;0.4123;0.742;0.0923;0.3374;0.8035;0.557;0.0375;0.9016;0.1833;0.326;0.5349
,53,53,54,54,54,54,54,54,55,59
Fitness 40.38121, Gen ;0.9765;0.8647;0.8169;0.2349;0.0918;0.7506;0.3705;0.9884;0.8473;0.695;0.4123;0.742;0.0923;0.3374;0.8035;0.557;0.0375;0.9016;0.1833;0.326;0.5349
,58,58,59,59,59,59,59,59,59,61
Fitness 33.04717, Gen ;0.9765;0.8647;0.8169;0.2349;0.0918;0.7506;0.3705;0.9884;0.8473;0.695;0.4123;0.742;0.0923;0.3374;0.8035;0.557;0.0375;0.9016;0.1833;0.326;0.5349
,46,46,46,47,47,47,47,47,48,52
Fitness 33.58957, Gen ;0.9765;0.8647;0.8169;0.2349;0.0918;0.7506;0.3705;0.9884;0.8473;0.695;0.4123;0.742;0.0923;0.3374;0.8035;0.557;0.0375;0.9016;0.1833;0.326;0.5349
,58,59,59,59,59,60,60,60,61,63
Fitness 33.01818, Gen ;0.9765;0.8647;0.8169;0.2349;0.0918;0.7506;0.3705;0.9884;0.8473;0.695;0.4123;0.742;0.0923;0.3374;0.8035;0.557;0.0375;0.9016;0.1833;0.326;0.5349
,49,49,49,49,49,50,50,50,50,50
Fitness 32.94772, Gen ;0.9765;0.8647;0.8169;0.2349;0.0918;0.7506;0.3705;0.9884;0.8473;0.695;0.4123;0.742;0.0923;0.3374;0.8035;0.557;0.0375;0.9016;0.1833;0.326;0.5349
,58,58,58,59,59,59,59,59,59,59
Fitness 29.81913, Gen ;0.9765;0.8647;0.8169;0.2349;0.0918;0.7506;0.3705;0.9884;0.8473;0.695;0.4123;0.742;0.0923;0.3374;0.8035;0.557;0.0375;0.9016;0.1833;0.326;0.5349
,51,51,51,51,52,52,52,52,55,55
Fitness 41.4576, Gen ;0.9765;0.8647;0.8169;0.2349;0.0918;0.7506;0.3705;0.9884;0.8473;0.695;0.4123;0.742;0.0923;0.3374;0.8035;0.557;0.0375;0.9016;0.1833;0.326;0.5349
,48,48,48,48,48,49,49,49,49,49
Fitness 28.57134, Gen ;0.9765;0.8647;0.8169;0.2349;0.0918;0.7506;0.3705;0.9884;0.8473;0.695;0.4123;0.742;0.0923;0.3374;0.8035;0.557;0.0375;0.9016;0.1833;0.326;0.5349
,65,65,65,66,66,66,66,66,66,67
Fitness 41.0019, Gen ;0.9765;0.8647;0.8169;0.2349;0.0918;0.7506;0.3705;0.9884;0.8473;0.695;0.4123;0.742;0.0923;0.3374;0.8035;0.557;0.0375;0.9016;0.1833;0.326;0.5349
,56,56,56,56,56,57,57,57,57,57
Fitness 30.6921, Gen ;0.9765;0.8647;0.8169;0.2349;0.0918;0.7506;0.3705;0.9884;0.8473;0.695;0.4123;0.742;0.0923;0.3374;0.8035;0.557;0.0375;0.9016;0.1833;0.326;0.5349
,155,155,155,156,156,156,156,156
