	10PopravljenStroembom ovc
	1 AI1 ovcarjev
Fitness 13.30981, Gen ;0.3147;0.9428;0.6821;0.7;0.2592;0.3555;0.4664;0.2442;0.8178;0.4343;0.4202;0.8538;0.1427;0.4438;0.6656;0.5753;0.2115;0.5283;0.686;0.3126;0.0938
,93,93,93,93,94,94,94,94,94,94
Fitness 14.31724, Gen ;0.3147;0.9428;0.6821;0.7;0.2592;0.3555;0.4664;0.2442;0.8178;0.4343;0.4202;0.8538;0.1427;0.4438;0.6656;0.5753;0.2115;0.5283;0.686;0.3126;0.0938
,69,70,70,70,70,70,70,70,71,71
Fitness 15.4353, Gen ;0.3147;0.9428;0.6821;0.7;0.2592;0.3555;0.4664;0.2442;0.8178;0.4343;0.4202;0.8538;0.1427;0.4438;0.6656;0.5753;0.2115;0.5283;0.686;0.3126;0.0938
,74,74,74,74,74,74,74,74,74,75
Fitness 18.55352, Gen ;0.3147;0.9428;0.6821;0.7;0.2592;0.3555;0.4664;0.2442;0.8178;0.4343;0.4202;0.8538;0.1427;0.4438;0.6656;0.5753;0.2115;0.5283;0.686;0.3126;0.0938
,70,70,70,71,71,71,71,71,71,71
Fitness 24.28134, Gen ;0.3147;0.9428;0.6821;0.7;0.2592;0.3555;0.4664;0.2442;0.8178;0.4343;0.4202;0.8538;0.1427;0.4438;0.6656;0.5753;0.2115;0.5283;0.686;0.3126;0.0938
,80,80,81,81,81,81,81,81,81,82
Fitness 7.561304, Gen ;0.3147;0.9428;0.6821;0.7;0.2592;0.3555;0.4664;0.2442;0.8178;0.4343;0.4202;0.8538;0.1427;0.4438;0.6656;0.5753;0.2115;0.5283;0.686;0.3126;0.0938
,65,65,65,66,66,66,66,66,66,66
Fitness 20.59045, Gen ;0.3147;0.9428;0.6821;0.7;0.2592;0.3555;0.4664;0.2442;0.8178;0.4343;0.4202;0.8538;0.1427;0.4438;0.6656;0.5753;0.2115;0.5283;0.686;0.3126;0.0938

Fitness 17.4789, Gen ;0.3147;0.9428;0.6821;0.7;0.2592;0.3555;0.4664;0.2442;0.8178;0.4343;0.4202;0.8538;0.1427;0.4438;0.6656;0.5753;0.2115;0.5283;0.686;0.3126;0.0938
,75,75,75,76,76,76,76,76,76,77
Fitness 19.99833, Gen ;0.3147;0.9428;0.6821;0.7;0.2592;0.3555;0.4664;0.2442;0.8178;0.4343;0.4202;0.8538;0.1427;0.4438;0.6656;0.5753;0.2115;0.5283;0.686;0.3126;0.0938
,80,80,81,81,81,81,81,81,81,82
Fitness 13.04442, Gen ;0.3147;0.9428;0.6821;0.7;0.2592;0.3555;0.4664;0.2442;0.8178;0.4343;0.4202;0.8538;0.1427;0.4438;0.6656;0.5753;0.2115;0.5283;0.686;0.3126;0.0938

Fitness 24.20698, Gen ;0.3147;0.9428;0.6821;0.7;0.2592;0.3555;0.4664;0.2442;0.8178;0.4343;0.4202;0.8538;0.1427;0.4438;0.6656;0.5753;0.2115;0.5283;0.686;0.3126;0.0938
,92,95,96,96,96,96,96,97,97,100
Fitness 0.00790382, Gen ;0.3147;0.9428;0.6821;0.7;0.2592;0.3555;0.4664;0.2442;0.8178;0.4343;0.4202;0.8538;0.1427;0.4438;0.6656;0.5753;0.2115;0.5283;0.686;0.3126;0.0938
,83,83,83,84,84,84,84,84,84,85
Fitness 16.23737, Gen ;0.3147;0.9428;0.6821;0.7;0.2592;0.3555;0.4664;0.2442;0.8178;0.4343;0.4202;0.8538;0.1427;0.4438;0.6656;0.5753;0.2115;0.5283;0.686;0.3126;0.0938
,83,83,83,83,84,84,84,84,84,84
Fitness 13.38845, Gen ;0.3147;0.9428;0.6821;0.7;0.2592;0.3555;0.4664;0.2442;0.8178;0.4343;0.4202;0.8538;0.1427;0.4438;0.6656;0.5753;0.2115;0.5283;0.686;0.3126;0.0938

Fitness 0.007285206, Gen ;0.3147;0.9428;0.6821;0.7;0.2592;0.3555;0.4664;0.2442;0.8178;0.4343;0.4202;0.8538;0.1427;0.4438;0.6656;0.5753;0.2115;0.5283;0.686;0.3126;0.0938
,111,111,112,112,112,112,112,112,112,113
Fitness 6.255477, Gen ;0.3147;0.9428;0.6821;0.7;0.2592;0.3555;0.4664;0.2442;0.8178;0.4343;0.4202;0.8538;0.1427;0.4438;0.6656;0.5753;0.2115;0.5283;0.686;0.3126;0.0938
,92,92,92,93,93,93,93,93,93,93
Fitness 11.76, Gen ;0.3147;0.9428;0.6821;0.7;0.2592;0.3555;0.4664;0.2442;0.8178;0.4343;0.4202;0.8538;0.1427;0.4438;0.6656;0.5753;0.2115;0.5283;0.686;0.3126;0.0938
,76,77,77,77,77,77,77,77,78,78
Fitness 11.7768, Gen ;0.3147;0.9428;0.6821;0.7;0.2592;0.3555;0.4664;0.2442;0.8178;0.4343;0.4202;0.8538;0.1427;0.4438;0.6656;0.5753;0.2115;0.5283;0.686;0.3126;0.0938
,124,124,125,125,125,125,125,125,125,125
Fitness 0.00652524, Gen ;0.3147;0.9428;0.6821;0.7;0.2592;0.3555;0.4664;0.2442;0.8178;0.4343;0.4202;0.8538;0.1427;0.4438;0.6656;0.5753;0.2115;0.5283;0.686;0.3126;0.0938
,54,54,55,55,55,55,55,55,55,55
Fitness 2.873895, Gen ;0.3147;0.9428;0.6821;0.7;0.2592;0.3555;0.4664;0.2442;0.8178;0.4343;0.4202;0.8538;0.1427;0.4438;0.6656;0.5753;0.2115;0.5283;0.686;0.3126;0.0938
,92,93,93,93,93,93,93,93,93,93
Fitness 8.088372, Gen ;0.3147;0.9428;0.6821;0.7;0.2592;0.3555;0.4664;0.2442;0.8178;0.4343;0.4202;0.8538;0.1427;0.4438;0.6656;0.5753;0.2115;0.5283;0.686;0.3126;0.0938

Fitness 15.23894, Gen ;0.3147;0.9428;0.6821;0.7;0.2592;0.3555;0.4664;0.2442;0.8178;0.4343;0.4202;0.8538;0.1427;0.4438;0.6656;0.5753;0.2115;0.5283;0.686;0.3126;0.0938
,81,81,81,81,82,82,82,82,82,82
Fitness 1.204936, Gen ;0.3147;0.9428;0.6821;0.7;0.2592;0.3555;0.4664;0.2442;0.8178;0.4343;0.4202;0.8538;0.1427;0.4438;0.6656;0.5753;0.2115;0.5283;0.686;0.3126;0.0938
,100,105,106,106,106,106,106,106,106,107
Fitness 34.99806, Gen ;0.3147;0.9428;0.6821;0.7;0.2592;0.3555;0.4664;0.2442;0.8178;0.4343;0.4202;0.8538;0.1427;0.4438;0.6656;0.5753;0.2115;0.5283;0.686;0.3126;0.0938
,68,68,68,68,68,68,69,69,69,69
Fitness 7.919159, Gen ;0.3147;0.9428;0.6821;0.7;0.2592;0.3555;0.4664;0.2442;0.8178;0.4343;0.4202;0.8538;0.1427;0.4438;0.6656;0.5753;0.2115;0.5283;0.686;0.3126;0.0938
,129,135,136,136,136,136,136,136,136,136
Fitness 0.005786887, Gen ;0.3147;0.9428;0.6821;0.7;0.2592;0.3555;0.4664;0.2442;0.8178;0.4343;0.4202;0.8538;0.1427;0.4438;0.6656;0.5753;0.2115;0.5283;0.686;0.3126;0.0938
,68,68,68,68,68,68,68,68,69,69
Fitness 13.22001, Gen ;0.3147;0.9428;0.6821;0.7;0.2592;0.3555;0.4664;0.2442;0.8178;0.4343;0.4202;0.8538;0.1427;0.4438;0.6656;0.5753;0.2115;0.5283;0.686;0.3126;0.0938
,93,93,93,93,93,93,93,93,94,94
Fitness 4.054902, Gen ;0.3147;0.9428;0.6821;0.7;0.2592;0.3555;0.4664;0.2442;0.8178;0.4343;0.4202;0.8538;0.1427;0.4438;0.6656;0.5753;0.2115;0.5283;0.686;0.3126;0.0938
,121,121,122,122,122,122,122,122,122,122
Fitness 21.5701, Gen ;0.3147;0.9428;0.6821;0.7;0.2592;0.3555;0.4664;0.2442;0.8178;0.4343;0.4202;0.8538;0.1427;0.4438;0.6656;0.5753;0.2115;0.5283;0.686;0.3126;0.0938
,77,78,78,78,78,78,78,78,78,79
Fitness 0.4878229, Gen ;0.3147;0.9428;0.6821;0.7;0.2592;0.3555;0.4664;0.2442;0.8178;0.4343;0.4202;0.8538;0.1427;0.4438;0.6656;0.5753;0.2115;0.5283;0.686;0.3126;0.0938
,66,66,66,66,66,66,67,67,67,67
Fitness 21.94145, Gen ;0.3147;0.9428;0.6821;0.7;0.2592;0.3555;0.4664;0.2442;0.8178;0.4343;0.4202;0.8538;0.1427;0.4438;0.6656;0.5753;0.2115;0.5283;0.686;0.3126;0.0938
,81,82,82,82,82,82,82,82,82,83
Fitness 7.890577, Gen ;0.3147;0.9428;0.6821;0.7;0.2592;0.3555;0.4664;0.2442;0.8178;0.4343;0.4202;0.8538;0.1427;0.4438;0.6656;0.5753;0.2115;0.5283;0.686;0.3126;0.0938
,68,69,69,69,69,69,69,70,70,70
Fitness 1.559565, Gen ;0.3147;0.9428;0.6821;0.7;0.2592;0.3555;0.4664;0.2442;0.8178;0.4343;0.4202;0.8538;0.1427;0.4438;0.6656;0.5753;0.2115;0.5283;0.686;0.3126;0.0938
,110,110,110,111,111,111,111,111,111,112
Fitness 15.15297, Gen ;0.3147;0.9428;0.6821;0.7;0.2592;0.3555;0.4664;0.2442;0.8178;0.4343;0.4202;0.8538;0.1427;0.4438;0.6656;0.5753;0.2115;0.5283;0.686;0.3126;0.0938
,82,82,83,83,83,83,83,83,83,83
Fitness 23.39956, Gen ;0.3147;0.9428;0.6821;0.7;0.2592;0.3555;0.4664;0.2442;0.8178;0.4343;0.4202;0.8538;0.1427;0.4438;0.6656;0.5753;0.2115;0.5283;0.686;0.3126;0.0938
,98,98,98,98,98,98,98,98,99,99
Fitness 12.67694, Gen ;0.3147;0.9428;0.6821;0.7;0.2592;0.3555;0.4664;0.2442;0.8178;0.4343;0.4202;0.8538;0.1427;0.4438;0.6656;0.5753;0.2115;0.5283;0.686;0.3126;0.0938
,109,109,109,109,109,110,110,110,110,110
Fitness 21.05392, Gen ;0.3147;0.9428;0.6821;0.7;0.2592;0.3555;0.4664;0.2442;0.8178;0.4343;0.4202;0.8538;0.1427;0.4438;0.6656;0.5753;0.2115;0.5283;0.686;0.3126;0.0938
,124,125,125,125,125,125,125,126,126,126
Fitness 3.062827, Gen ;0.3147;0.9428;0.6821;0.7;0.2592;0.3555;0.4664;0.2442;0.8178;0.4343;0.4202;0.8538;0.1427;0.4438;0.6656;0.5753;0.2115;0.5283;0.686;0.3126;0.0938
,91,91,91,91,92,92,92,92,92,92
Fitness 12.59378, Gen ;0.3147;0.9428;0.6821;0.7;0.2592;0.3555;0.4664;0.2442;0.8178;0.4343;0.4202;0.8538;0.1427;0.4438;0.6656;0.5753;0.2115;0.5283;0.686;0.3126;0.0938
,112,113,113,113,113,113,113,114,114,161
Fitness 6.060969, Gen ;0.3147;0.9428;0.6821;0.7;0.2592;0.3555;0.4664;0.2442;0.8178;0.4343;0.4202;0.8538;0.1427;0.4438;0.6656;0.5753;0.2115;0.5283;0.686;0.3126;0.0938
,82,82,82,82,82,82,82,83,83,83
