	100PopravljenStroembom ovc
	2 AI1 ovcarjev
Fitness 15,81011, Gen ;0,9288;0,2041;0,6184;0,98;0,1497;0,6115;0,1937;0,2716;0,8962;0,7539;0,5832;0,3548;0,0312;0,1016;0,9353;0,1623;0,6761;0,4213;0,789;0,579;0,3482
,154,155,157,157,157,157,157,157,157,157,157,157,157,157,157,157,157,157,157,157,157,157,158,158,158,158,158,158,158,158,158,158,158,158,158,158,158,158,158,158,158,158,158,158,158,158,158,158,158,158,158,158,158,158,158,158,159,159,159,159,159,159,159,159,159,159,159,159,159,159,159,159,159,160,160,160,160,160,160,160,160,160,160,161,161,161,161,161,162,162,171,171,172,172,172,172,172,173,173,173
Fitness 20,32993, Gen ;0,9288;0,2041;0,6184;0,98;0,1497;0,6115;0,1937;0,2716;0,8962;0,7539;0,5832;0,3548;0,0312;0,1016;0,9353;0,1623;0,6761;0,4213;0,789;0,579;0,3482
,138,139,139,139,139,139,139,139,139,139,139,139,139,139,139,139,139,139,139,139,139,139,139,139,139,139,139,140,140,140,140,140,140,140,140,140,140,140,140,140,140,140,140,140,140,140,140,140,140,140,140,140,140,140,140,140,140,140,140,140,140,140,140,140,140,140,141,141,141,141,141,141,141,141,141,141,141,141,141,141,141,141,141,141,141,142,142,142,142,142,142,142,142,142,143,143,143,143,143,143
Fitness 20,77362, Gen ;0,9288;0,2041;0,6184;0,98;0,1497;0,6115;0,1937;0,2716;0,8962;0,7539;0,5832;0,3548;0,0312;0,1016;0,9353;0,1623;0,6761;0,4213;0,789;0,579;0,3482
,167,167,167,167,167,167,167,167,167,167,167,167,167,168,168,168,168,168,168,168,168,168,168,168,168,168,168,169,169,169,169,169,169,169,170,170,170,170,170,170,170,171,171,171,172,172,172,172,172,172,172,172,172,172,172,172,172,172,172,172,172,172,173,173,173,173,173,173,173,173,173,173,173,173,173,173,174,174,174,174,174,174,174,174,174,174,174,174,174,174,175,175,175,175,175,175,176,176
Fitness 3,637197, Gen ;0,9288;0,2041;0,6184;0,98;0,1497;0,6115;0,1937;0,2716;0,8962;0,7539;0,5832;0,3548;0,0312;0,1016;0,9353;0,1623;0,6761;0,4213;0,789;0,579;0,3482
,89,89,89,89,89,89,89,89,89,90,90,90,90,90,90,90,90,90,90,90,90,90,90,90,90,90,90,90,90,90,90,90,90,90,90,90,90,90,90,90,90,90,91,91,91,91,91,91,91,91,91,91,91,91,91,91,91,91,91,91,91,91,91,91,91,91,91,91,92,92,92,92,92,92,92,92,92,92,92,92,92,92,93,93,93,93,93,93,93,93,93,94,94,94,94,94,95,95,95,96
Fitness 9,43991, Gen ;0,9288;0,2041;0,6184;0,98;0,1497;0,6115;0,1937;0,2716;0,8962;0,7539;0,5832;0,3548;0,0312;0,1016;0,9353;0,1623;0,6761;0,4213;0,789;0,579;0,3482
,132,132,132,132,132,133,133,133,133,133,133,135,135,135,136,136,137,137,137,137,138,138,138,138,138,138,138,139,139,139,139,142,142,144,145,145,145,145,146,146,146,147,147,147,147,147,147,148,148,148,148,148,148,148,148,148,148,148,148,148,149,149,149,149,149,149,149,149,149,149,149,149,150,150,150,150,150,150,150,151,151,151,151,151,151,151,152,152,152,152,153,154,214,227,228,229,229,231
Fitness 0,0003800442, Gen ;0,9288;0,2041;0,6184;0,98;0,1497;0,6115;0,1937;0,2716;0,8962;0,7539;0,5832;0,3548;0,0312;0,1016;0,9353;0,1623;0,6761;0,4213;0,789;0,579;0,3482
,120,120,121,121,121,121,121,121,121,121,121,121,121,121,121,121,121,121,121,121,121,121,121,121,121,121,121,121,121,121,122,122,122,122,122,122,122,122,122,122,122,122,122,122,122,122,122,122,122,122,122,122,122,122,122,122,122,122,122,122,122,122,122,122,122,123,123,123,123,123,123,123,123,123,123,123,123,123,123,123,123,123,123,123,124,124,124,124,124,124,124,124,124,124,125,125,125,125,125,129
Fitness 31,43199, Gen ;0,9288;0,2041;0,6184;0,98;0,1497;0,6115;0,1937;0,2716;0,8962;0,7539;0,5832;0,3548;0,0312;0,1016;0,9353;0,1623;0,6761;0,4213;0,789;0,579;0,3482
,98,104,104,104,104,104,105,105,105,105,105,105,105,105,105,105,105,105,105,105,105,105,105,105,105,105,105,105,106,106,106,106,106,106,106,106,106,106,106,106,106,106,106,106,106,106,106,106,106,106,106,106,106,106,106,106,107,107,107,107,107,107,107,107,107,107,107,107,107,107,107,107,107,107,107,107,108,108,108,108,108,108,108,108,108,108,108,109,110,110,113,116,117,118,205
Fitness 0,0003786201, Gen ;0,9288;0,2041;0,6184;0,98;0,1497;0,6115;0,1937;0,2716;0,8962;0,7539;0,5832;0,3548;0,0312;0,1016;0,9353;0,1623;0,6761;0,4213;0,789;0,579;0,3482
,101,101,101,102,102,102,102,102,102,102,102,102,102,102,102,102,102,102,102,102,102,102,102,102,102,102,102,102,102,102,102,102,102,102,102,102,102,102,102,102,102,102,102,102,102,102,103,103,103,103,103,103,103,103,103,103,103,103,103,103,103,103,103,103,103,103,103,103,103,103,104,104,104,104,104,104,104,104,104,104,105,105,105,105,105,105,105,106,106,106,106,107,107,107,107,107,107,108,108,110
Fitness 14,75762, Gen ;0,9288;0,2041;0,6184;0,98;0,1497;0,6115;0,1937;0,2716;0,8962;0,7539;0,5832;0,3548;0,0312;0,1016;0,9353;0,1623;0,6761;0,4213;0,789;0,579;0,3482
,101,101,101,101,101,101,102,102,102,102,102,102,102,102,102,102,102,102,102,102,102,102,102,102,102,102,102,102,102,102,102,102,102,102,102,102,102,102,102,102,103,103,103,103,103,103,103,103,103,103,103,103,103,103,103,103,103,103,103,103,103,103,103,103,104,104,104,104,104,104,104,104,104,104,104,104,104,104,104,104,105,105,105,105,105,105,105,105,105,106,106,106,106,106,106,106,107,107,107,108
Fitness 0,000191156, Gen ;0,9288;0,2041;0,6184;0,98;0,1497;0,6115;0,1937;0,2716;0,8962;0,7539;0,5832;0,3548;0,0312;0,1016;0,9353;0,1623;0,6761;0,4213;0,789;0,579;0,3482
,89,89,89,89,89,89,89,89,90,90,90,90,90,90,90,91,91,91,91,91,91,92,92,92,92,93,93,93,94,94,94,94,94,94,94,94,94,94,94,94,94,94,94,94,94,94,94,94,94,94,94,94,94,94,94,94,94,94,95,95,95,95,95,95,95,95,95,95,95,95,95,95,95,95,95,95,95,96,96,96,96,96,96,96,96,97,97,97,97,97,97,98,99,99,142,147,169,169,169,170
Fitness 23,57802, Gen ;0,9288;0,2041;0,6184;0,98;0,1497;0,6115;0,1937;0,2716;0,8962;0,7539;0,5832;0,3548;0,0312;0,1016;0,9353;0,1623;0,6761;0,4213;0,789;0,579;0,3482
,190,190,190,190,190,190,190,190,190,190,190,191,191,191,191,191,191,191,191,191,191,191,191,191,191,191,191,191,191,191,191,191,191,191,191,191,191,191,191,191,191,192,192,192,192,192,192,192,192,192,192,192,192,192,192,192,192,192,193,194,228,229,229,229,229,229,229,229,229,230,230,230,230,230,230,230,230,230,231,231,231,231,231,232,232,232,232,232,232,232,234,235,236
Fitness 24,31627, Gen ;0,9288;0,2041;0,6184;0,98;0,1497;0,6115;0,1937;0,2716;0,8962;0,7539;0,5832;0,3548;0,0312;0,1016;0,9353;0,1623;0,6761;0,4213;0,789;0,579;0,3482
,88,88,88,88,88,88,88,88,88,88,88,88,88,88,88,88,88,88,88,88,88,88,88,88,88,89,89,89,89,89,89,89,89,89,89,89,89,89,89,89,89,89,89,89,89,89,89,89,89,89,89,89,90,90,90,90,90,90,90,90,90,90,90,90,90,90,90,90,90,90,90,90,90,90,90,90,90,91,91,91,91,91,91,91,91,91,91,91,91,91,91,91,91,91,91,91,92,92,92,93
Fitness 6,973835, Gen ;0,9288;0,2041;0,6184;0,98;0,1497;0,6115;0,1937;0,2716;0,8962;0,7539;0,5832;0,3548;0,0312;0,1016;0,9353;0,1623;0,6761;0,4213;0,789;0,579;0,3482
,101,101,101,101,101,102,102,102,102,102,102,102,102,102,102,102,102,102,102,102,102,102,102,102,102,102,102,102,102,102,102,102,102,102,102,102,103,103,103,103,103,103,103,103,103,103,103,103,103,103,103,103,103,103,103,103,103,103,103,103,103,103,103,104,104,104,104,104,104,104,104,104,104,104,104,104,104,104,104,104,104,105,105,105,105,105,105,105,105,105,106,106,106,106,106,106,107,107,108,109
Fitness 0,0003882315, Gen ;0,9288;0,2041;0,6184;0,98;0,1497;0,6115;0,1937;0,2716;0,8962;0,7539;0,5832;0,3548;0,0312;0,1016;0,9353;0,1623;0,6761;0,4213;0,789;0,579;0,3482
,179,179,179,179,179,179,180,180,180,180,180,180,180,180,180,180,180,180,180,180,180,180,180,180,180,180,180,180,180,180,180,180,180,180,180,180,180,180,180,180,180,180,180,180,180,180,180,180,180,180,180,181,181,181,181,181,181,181,181,181,181,181,181,181,181,181,181,181,181,181,181,181,181,181,181,181,181,181,181,181,182,182,182,182,182,182,182,182,182,182,182,182,183,183,183,183,184,184,184,184
Fitness 33,2477, Gen ;0,9288;0,2041;0,6184;0,98;0,1497;0,6115;0,1937;0,2716;0,8962;0,7539;0,5832;0,3548;0,0312;0,1016;0,9353;0,1623;0,6761;0,4213;0,789;0,579;0,3482
,209
Fitness 23,94298, Gen ;0,9288;0,2041;0,6184;0,98;0,1497;0,6115;0,1937;0,2716;0,8962;0,7539;0,5832;0,3548;0,0312;0,1016;0,9353;0,1623;0,6761;0,4213;0,789;0,579;0,3482
,126,129,129,230,231,231,231,232,232,232,232,232,233,234,234,236
Fitness 1,863157, Gen ;0,9288;0,2041;0,6184;0,98;0,1497;0,6115;0,1937;0,2716;0,8962;0,7539;0,5832;0,3548;0,0312;0,1016;0,9353;0,1623;0,6761;0,4213;0,789;0,579;0,3482
,89,89,89,89,90,90,90,90,90,90,90,90,90,90,90,90,90,90,90,90,90,90,90,90,90,90,91,91,91,91,91,91,91,91,91,91,91,91,91,91,91,91,91,91,91,92,92,92,92,92,92,92,92,92,92,92,93,94,94,95,95,95,95,95,95,95,96,96,96,96,96,96,96,96,96,96,96,96,96,96,96,96,97,97,97,97,97,97,97,97,97,98,98,98,98,99,99,99,99,99
Fitness 0,0002418525, Gen ;0,9288;0,2041;0,6184;0,98;0,1497;0,6115;0,1937;0,2716;0,8962;0,7539;0,5832;0,3548;0,0312;0,1016;0,9353;0,1623;0,6761;0,4213;0,789;0,579;0,3482
,132,133,133,133,133,133,133,133,134,134,134,134,134,134,135,135,135,135,135,136,136,136,136,136,136,137,137,137,138,143,143,143,143,144,144,144,144,144,144,144,144,144,144,144,144,145,145,145,145,145,145,145,145,145,145,145,145,145,145,145,146,146,146,146,146,146,146,146,146,146,146,146,146,147,147,147,147,147,147,147,147,147,147,147,148,148,148,148,148,148,148,149,149,149,149,149,150,150,150,167
Fitness 0,0005408393, Gen ;0,9288;0,2041;0,6184;0,98;0,1497;0,6115;0,1937;0,2716;0,8962;0,7539;0,5832;0,3548;0,0312;0,1016;0,9353;0,1623;0,6761;0,4213;0,789;0,579;0,3482
,124,124,124,124,124,124,124,124,124,124,125,125,125,125,125,125,125,125,125,125,125,125,125,125,125,125,125,125,125,125,125,125,125,125,125,125,126,126,126,126,126,126,126,126,126,126,126,126,126,126,126,126,126,126,127,127,127,127,127,127,127,127,127,127,127,127,127,127,127,127,127,128,128,128,128,128,128,128,128,128,129,129,129,129,129,129,129,130,130,130,130,130,130,131,131,131,131,132,132,177
Fitness 29,56568, Gen ;0,9288;0,2041;0,6184;0,98;0,1497;0,6115;0,1937;0,2716;0,8962;0,7539;0,5832;0,3548;0,0312;0,1016;0,9353;0,1623;0,6761;0,4213;0,789;0,579;0,3482
,144,144,144,144,144,145,145,145,146,147,151,151,152,152,152,152,152,152,152,152,152,152,152,152,152,152,152,152,152,152,152,152,152,152,152,152,152,152,152,152,152,153,153,153,153,153,153,153,153,153,153,153,153,153,153,153,153,153,153,153,153,153,153,153,153,153,153,153,153,153,154,154,154,154,154,154,154,154,155,155,155,155,155,155,155,155,156,156,156,157,157,157,205,212,213,213,214,214,215,220
Fitness 5,197307, Gen ;0,9288;0,2041;0,6184;0,98;0,1497;0,6115;0,1937;0,2716;0,8962;0,7539;0,5832;0,3548;0,0312;0,1016;0,9353;0,1623;0,6761;0,4213;0,789;0,579;0,3482
,86,87,87,87,87,87,87,87,87,87,87,87,87,87,87,87,87,87,87,87,87,87,87,87,87,87,87,87,87,87,87,87,87,87,87,87,87,87,87,87,88,88,88,88,88,88,88,88,88,88,88,88,88,88,88,88,88,88,88,88,88,88,88,89,89,89,89,89,89,89,89,89,90,90,90,90,90,90,90,90,90,90,91,91,91,91,91,91,91,91,92,92,93,93,94,94,94,94,95,95
Fitness 4,467241, Gen ;0,9288;0,2041;0,6184;0,98;0,1497;0,6115;0,1937;0,2716;0,8962;0,7539;0,5832;0,3548;0,0312;0,1016;0,9353;0,1623;0,6761;0,4213;0,789;0,579;0,3482
,170,170,170,170,171,171,171,171,171,171,171,171,171,171,171,171,171,171,171,172,172,172,172,172,172,172,172,172,172,172,172,172,172,173,173,173,173,173,173,177,178,179,179,179,179,179,179,179,179,179,180,180,180,180,180,180,180,180,180,180,180,180,180,180,180,181,181,181,181,181,181,181,181,181,181,181,182,182,182,182,182,182,182,182,183,183,183,183,183,183,183,183,183,184,184,188
Fitness 0,3249456, Gen ;0,9288;0,2041;0,6184;0,98;0,1497;0,6115;0,1937;0,2716;0,8962;0,7539;0,5832;0,3548;0,0312;0,1016;0,9353;0,1623;0,6761;0,4213;0,789;0,579;0,3482
,124,124,124,124,124,124,124,124,124,124,124,124,124,124,124,124,124,124,124,124,124,124,124,124,124,124,124,124,125,125,125,125,125,125,125,125,125,125,125,125,125,125,125,125,125,125,125,125,125,125,125,125,125,125,125,125,125,125,125,125,125,125,125,125,125,125,125,125,125,125,125,126,126,126,126,126,126,126,126,126,126,126,126,126,126,126,127,127,127,127,127,127,127,127,127,128,128,129,129,129
Fitness 32,48849, Gen ;0,9288;0,2041;0,6184;0,98;0,1497;0,6115;0,1937;0,2716;0,8962;0,7539;0,5832;0,3548;0,0312;0,1016;0,9353;0,1623;0,6761;0,4213;0,789;0,579;0,3482
,127,127,127,127,127,127,127,127,127,127,127,127,127,127,128,128,128,128,128,128,128,128,128,128,128,128,128,128,128,128,128,128,128,128,128,128,128,128,128,128,128,128,128,128,129,129,129,129,129,129,129,129,129,129,129,129,129,129,129,129,129,129,129,129,129,130,130,130,130,130,130,130,130,130,131,131,131,131,131,131,131,131,132,132,132,132,132,132,132,132,132,132,133,133,133,133,134,135
Fitness 0,0002767413, Gen ;0,9288;0,2041;0,6184;0,98;0,1497;0,6115;0,1937;0,2716;0,8962;0,7539;0,5832;0,3548;0,0312;0,1016;0,9353;0,1623;0,6761;0,4213;0,789;0,579;0,3482
,107,107,107,107,107,107,107,108,108,108,108,108,108,108,108,108,108,108,108,108,108,108,108,108,108,108,108,108,108,108,108,108,108,108,108,108,108,108,108,108,109,109,109,109,109,109,109,109,109,109,109,109,109,109,109,109,109,109,109,109,109,109,109,109,109,109,109,109,109,110,110,110,110,110,110,110,110,110,110,110,110,110,110,110,110,110,110,111,111,111,111,111,111,111,111,111,111,112,112,158
Fitness 14,28948, Gen ;0,9288;0,2041;0,6184;0,98;0,1497;0,6115;0,1937;0,2716;0,8962;0,7539;0,5832;0,3548;0,0312;0,1016;0,9353;0,1623;0,6761;0,4213;0,789;0,579;0,3482
,113,113,113,113,113,114,114,114,114,114,114,114,114,114,114,114,114,114,114,114,114,114,114,114,114,114,114,114,114,114,114,114,114,114,114,114,114,114,114,115,115,115,115,115,115,115,115,115,115,115,115,115,115,115,115,115,115,115,115,115,115,115,115,116,116,116,116,116,116,116,116,116,116,116,116,116,116,116,116,116,116,116,116,116,117,117,117,117,117,117,117,117,117,117,118,118,118,118,118,119
Fitness 0,000333999, Gen ;0,9288;0,2041;0,6184;0,98;0,1497;0,6115;0,1937;0,2716;0,8962;0,7539;0,5832;0,3548;0,0312;0,1016;0,9353;0,1623;0,6761;0,4213;0,789;0,579;0,3482
,120,120,120,120,120,120,120,120,120,120,120,120,120,120,120,120,120,120,120,120,120,120,120,120,120,121,121,121,121,121,121,121,121,121,121,121,121,121,121,121,121,121,121,121,121,121,121,121,121,121,121,121,121,121,121,121,122,122,122,122,122,122,122,122,122,122,122,122,122,123,123,123,123,123,123,123,123,123,123,123,123,124,124,124,124,124,124,124,124,125,125,125,125,125,125,126,126,126,126,126
Fitness 8,86825, Gen ;0,9288;0,2041;0,6184;0,98;0,1497;0,6115;0,1937;0,2716;0,8962;0,7539;0,5832;0,3548;0,0312;0,1016;0,9353;0,1623;0,6761;0,4213;0,789;0,579;0,3482
,141,142,142,142,142,142,142,142,142,142,142,143,143,143,143,143,143,144,144,144,144,144,144,145,145,145,145,145,147,147,147,147,148,149,149,149,149,149,149,149,149,149,149,149,149,150,150,150,150,150,150,150,150,150,150,150,150,150,150,150,150,150,150,150,150,150,150,150,150,150,150,151,151,151,151,151,151,151,151,152,152,152,152,152,152,152,152,152,153,153,153,153,153,153,153,153,153,153,155,219
Fitness 18,65826, Gen ;0,9288;0,2041;0,6184;0,98;0,1497;0,6115;0,1937;0,2716;0,8962;0,7539;0,5832;0,3548;0,0312;0,1016;0,9353;0,1623;0,6761;0,4213;0,789;0,579;0,3482
,149,149,149,149,149,149,150,150,150,150,150,150,150,150,150,150,151,151,151,151,152,152,152,152,152,158,168,168,168,169,169,169,169,169,170,170,171,172,172,172,172,173,173,174,224
Fitness 15,46782, Gen ;0,9288;0,2041;0,6184;0,98;0,1497;0,6115;0,1937;0,2716;0,8962;0,7539;0,5832;0,3548;0,0312;0,1016;0,9353;0,1623;0,6761;0,4213;0,789;0,579;0,3482
,139,140,141,141,141,141,141,141,141,142,142,142,142,142,142,142,142,142,142,142,142,142,142,142,142,142,142,142,142,142,142,142,142,142,142,142,142,143,143,143,143,143,143,143,143,143,143,143,143,143,143,143,143,143,143,143,143,144,144,144,144,144,144,144,144,144,144,144,144,144,144,144,144,145,145,145,145,145,146,146,146,146,146,146,146,147,147,147,147,148,148,148,148,148,149,149,149,149,161,192
Fitness 0,4116543, Gen ;0,9288;0,2041;0,6184;0,98;0,1497;0,6115;0,1937;0,2716;0,8962;0,7539;0,5832;0,3548;0,0312;0,1016;0,9353;0,1623;0,6761;0,4213;0,789;0,579;0,3482
,186,191,198,198,198,198,198,198,198,198,198,198,198,198,198,199,199,199,199,199,199,199,199,199,199,199,199,199,199,199,199,199,199,199,200,200,200,200,200,200,200,200,200,200,200,201,201,201,201,201,201,202,202,202,202,202,202,202,202,202,203,203,203,203,203,203,203,203,203,203,203,203,203,203,203,203,203,203,204,204,204,204,204,204,204,204,204,205,205,205,205,205,205,205,206,206,206,209
Fitness 0,0003644416, Gen ;0,9288;0,2041;0,6184;0,98;0,1497;0,6115;0,1937;0,2716;0,8962;0,7539;0,5832;0,3548;0,0312;0,1016;0,9353;0,1623;0,6761;0,4213;0,789;0,579;0,3482
,124,125,125,127,128,131,133,135,136,143,148,149,150,155
Fitness 2,252035, Gen ;0,9288;0,2041;0,6184;0,98;0,1497;0,6115;0,1937;0,2716;0,8962;0,7539;0,5832;0,3548;0,0312;0,1016;0,9353;0,1623;0,6761;0,4213;0,789;0,579;0,3482
,95,116,116,116,116,116,116,116,116,116,116,117,117,117,117,117,117,117,117,117,117,117,117,117,117,117,117,118,118,118,118,118,118,119,119,119,120,120,128,128,128,128,128,128,128,128,128,129,129,129,129,129,129,129,129,129,129,129,129,129,129,129,129,129,129,129,129,129,129,129,129,130,130,130,130,130,130,130,130,130,130,130,130,130,130,130,130,131,131,131,131,132,132,132,133,133,133,134
Fitness 0,00035564, Gen ;0,9288;0,2041;0,6184;0,98;0,1497;0,6115;0,1937;0,2716;0,8962;0,7539;0,5832;0,3548;0,0312;0,1016;0,9353;0,1623;0,6761;0,4213;0,789;0,579;0,3482
,150,150,150,150,150,150,151,151,151,151,151,151,151,151,151,151,151,151,151,151,151,151,151,151,151,151,151,151,152,152,152,152,152,152,152,152,152,152,152,152,152,152,152,152,152,152,152,152,152,152,152,152,152,152,152,152,152,152,153,153,153,153,153,153,153,153,153,153,153,153,153,153,153,153,153,153,153,153,153,153,153,153,154,154,154,154,154,154,154,155,155,155,155,155,155,155,156,156,158,158
Fitness 0,0004634115, Gen ;0,9288;0,2041;0,6184;0,98;0,1497;0,6115;0,1937;0,2716;0,8962;0,7539;0,5832;0,3548;0,0312;0,1016;0,9353;0,1623;0,6761;0,4213;0,789;0,579;0,3482
,186,186,186,187,187,188,188,188,189,190,190,191,192,192,196,196,197,197,197,197,197,197,197,197,197,197,197,197,197,197,197,197,197,197,198,198,198,198,198,198,198,198,198,198,198,198,198,198,198,198,198,198,198,198,198,198,198,199,199,199,199,199,199,199,199,199,199,199,199,199,199,199,199,199,200,200,200,200,200,200,200,200,200,200,200,200,200,200,200,200,200,200,201,201,201,201,201,201,201,202
Fitness 0,0002304079, Gen ;0,9288;0,2041;0,6184;0,98;0,1497;0,6115;0,1937;0,2716;0,8962;0,7539;0,5832;0,3548;0,0312;0,1016;0,9353;0,1623;0,6761;0,4213;0,789;0,579;0,3482
,135,135,135,135,135,135,135,136,136,136,136,136,136,136,136,136,136,136,136,136,136,136,136,136,136,136,136,136,136,136,136,136,136,136,136,136,136,136,136,136,136,136,136,137,137,137,137,137,137,137,137,137,137,137,137,137,137,137,137,137,137,137,137,137,137,137,138,138,138,138,138,138,138,138,138,138,138,139,140,141,142,155,156
Fitness 6,021301, Gen ;0,9288;0,2041;0,6184;0,98;0,1497;0,6115;0,1937;0,2716;0,8962;0,7539;0,5832;0,3548;0,0312;0,1016;0,9353;0,1623;0,6761;0,4213;0,789;0,579;0,3482
,122,122,122,122,122,123,123,123,123,123,123,123,123,123,123,123,123,123,123,123,123,123,123,123,123,123,124,124,124,124,124,124,124,124,124,124,124,124,124,124,124,124,124,124,124,124,124,124,124,124,124,124,124,125,125,125,125,125,125,125,125,125,125,125,125,125,126,126,126,126,127,128,128,128,128,128,128,129,129,129,129,129,130,130,130,130,130,131,131,131,132,132,133,133,134,173,173,198,199
Fitness 0,6039692, Gen ;0,9288;0,2041;0,6184;0,98;0,1497;0,6115;0,1937;0,2716;0,8962;0,7539;0,5832;0,3548;0,0312;0,1016;0,9353;0,1623;0,6761;0,4213;0,789;0,579;0,3482
,152,159,161,162,162,172,174,176,185,186,194,208,237
Fitness 0,0002004284, Gen ;0,9288;0,2041;0,6184;0,98;0,1497;0,6115;0,1937;0,2716;0,8962;0,7539;0,5832;0,3548;0,0312;0,1016;0,9353;0,1623;0,6761;0,4213;0,789;0,579;0,3482
,229,230,235,235,235,235,235,235,235,235,236,236,236,236,236,236,236,236,236,236,236,236,236,236,236,236,236,236,237,237,237,237,237,237,237,237,237,237,237,237,237,237,237,237,237,237,237,237,237,237,237,237,237,237,237,237,237,237,238,238,238,238,238,238,238,238,238,238,238,238,238,238,238,238,238,238,238,238,238,238,238,238,239,239,239,239,239,239,239,239,239
Fitness 0,000492157, Gen ;0,9288;0,2041;0,6184;0,98;0,1497;0,6115;0,1937;0,2716;0,8962;0,7539;0,5832;0,3548;0,0312;0,1016;0,9353;0,1623;0,6761;0,4213;0,789;0,579;0,3482
,111,111,111,111,111,112,112,112,112,112,112,112,112,112,112,112,112,112,112,112,112,112,112,112,112,112,112,112,112,112,112,112,112,112,112,112,113,113,113,113,113,113,113,113,113,113,113,113,113,113,113,113,113,113,113,113,113,113,113,113,113,113,113,114,114,114,114,114,114,114,114,114,114,114,114,114,114,115,115,115,115,115,115,115,115,115,115,115,116,116,116,116,116,116,116,116,116,117,118,119
Fitness 0,0004084476, Gen ;0,9288;0,2041;0,6184;0,98;0,1497;0,6115;0,1937;0,2716;0,8962;0,7539;0,5832;0,3548;0,0312;0,1016;0,9353;0,1623;0,6761;0,4213;0,789;0,579;0,3482
,132,132,132,132,133,133,133,133,134,134,134,135,136,141,141,145,145,146,146,147,148,149,151,162,162,163,163,163,163,163,164,169,170,170,171,172,172,175,175,175,176,176,176,176,176,176,176,176,176,176,176,176,176,176,176,176,176,176,176,176,176,177,177,177,177,177,177,177,177,177,177,177,177,177,177,177,177,178,178,178,178,178,178,178,178,178,178,179,179,179,179,179,179,179,180,180,180,181
Fitness 0,000502264, Gen ;0,9288;0,2041;0,6184;0,98;0,1497;0,6115;0,1937;0,2716;0,8962;0,7539;0,5832;0,3548;0,0312;0,1016;0,9353;0,1623;0,6761;0,4213;0,789;0,579;0,3482
,97,140,140,140,141,141,141,141,141,141,141,141,141,141,141,141,141,141,141,141,142,142,142,142,142,142,142,142,142,142,142,142,142,142,142,142,142,142,142,142,142,142,142,142,142,142,142,142,142,142,142,142,142,142,142,142,142,142,143,143,143,143,143,143,143,143,143,143,143,143,143,143,143,144,144,145,145,145,145,146,206,206,206,207,207,207,208,208,208,208,208,209,210
Fitness 18,81493, Gen ;0,9288;0,2041;0,6184;0,98;0,1497;0,6115;0,1937;0,2716;0,8962;0,7539;0,5832;0,3548;0,0312;0,1016;0,9353;0,1623;0,6761;0,4213;0,789;0,579;0,3482
,168,168,169,169,169,169,170,170,170,170,170,170,170,170,171,171,171,171,171,171,171,171,171,171,171,172,172,172,172,172,172,172,172,172,172,172,172,172,172,172,173,173,173,173,173,173,173,173,173,173,174,174,174,176,176,176,176,176,176,177,177,177,177,177,177,177,177,178,178,178,178,179,179,179,180,180,181
Fitness 0,0001011926, Gen ;0,9288;0,2041;0,6184;0,98;0,1497;0,6115;0,1937;0,2716;0,8962;0,7539;0,5832;0,3548;0,0312;0,1016;0,9353;0,1623;0,6761;0,4213;0,789;0,579;0,3482
,121,121,122,122,122,122,122,122,122,122,122,123,123,123,123,123,123,123,123,123,123,124,124,124,124,124,124,124,124,124,125,126,126,126,126,126,126,126,126,126,127,127,127,127,128,128,128,128,128,128,129,129,129,129,129,132,134,134,135,135,135,135,135,135,137,141
Fitness 0,0003433285, Gen ;0,9288;0,2041;0,6184;0,98;0,1497;0,6115;0,1937;0,2716;0,8962;0,7539;0,5832;0,3548;0,0312;0,1016;0,9353;0,1623;0,6761;0,4213;0,789;0,579;0,3482
,90,90,90,91,91,91,91,91,91,91,91,91,91,91,91,91,91,91,91,91,91,91,91,91,91,91,91,91,91,91,91,91,91,91,91,91,91,91,91,91,91,91,91,91,91,92,92,92,92,92,92,92,92,92,92,92,92,92,92,92,92,92,92,92,92,92,92,92,92,92,92,92,92,92,92,93,93,93,93,93,93,93,93,93,93,93,94,94,94,94,94,94,94,95,95,95,109,109,109,109
Fitness 0,0003704854, Gen ;0,9288;0,2041;0,6184;0,98;0,1497;0,6115;0,1937;0,2716;0,8962;0,7539;0,5832;0,3548;0,0312;0,1016;0,9353;0,1623;0,6761;0,4213;0,789;0,579;0,3482
,148,149,149,149,149,149,149,149,149,150,150,150,150,150,150,150,150,150,150,150,150,150,150,150,150,150,150,150,150,150,151,151,151,151,151,151,151,151,151,151,152,152,152,152,153,153,153,153,154,154,156,158,159,159,159,160,160,161,161,161,161,162,162,162,162,162,162,162,162,163,163,163,163,164,164,164,164,164,164,164,164,165,165,165,165,165,165,166,166,166,166,167,167,167,168,168,171
Fitness 0,0003363942, Gen ;0,9288;0,2041;0,6184;0,98;0,1497;0,6115;0,1937;0,2716;0,8962;0,7539;0,5832;0,3548;0,0312;0,1016;0,9353;0,1623;0,6761;0,4213;0,789;0,579;0,3482
,136,136,136,136,136,136,136,137,137,137,137,137,137,137,137,137,137,137,137,137,137,137,137,137,137,137,137,137,137,137,137,137,137,137,137,137,137,138,138,138,138,138,138,138,138,138,138,138,138,138,138,138,138,138,138,138,138,138,138,138,138,138,138,138,138,138,138,138,139,139,139,139,139,139,139,139,139,139,139,139,139,139,139,140,140,140,140,140,140,140,140,140,141,141,141,141,142,142,142,143
Fitness 25,50762, Gen ;0,9288;0,2041;0,6184;0,98;0,1497;0,6115;0,1937;0,2716;0,8962;0,7539;0,5832;0,3548;0,0312;0,1016;0,9353;0,1623;0,6761;0,4213;0,789;0,579;0,3482
,167,167,167,167,167,167,167,167,167,167,167,168,168,168,168,168,168,168,168,168,168,168,168,168,168,168,168,168,168,168,168,168,168,168,168,168,168,169,169,169,169,169,169,169,169,169,169,169,169,169,169,169,169,169,169,169,169,170,170,170,170,170,170,170,170,171,171,174,213,228,229,229
Fitness 0,0002379528, Gen ;0,9288;0,2041;0,6184;0,98;0,1497;0,6115;0,1937;0,2716;0,8962;0,7539;0,5832;0,3548;0,0312;0,1016;0,9353;0,1623;0,6761;0,4213;0,789;0,579;0,3482
,114,115,115,115,115,115,115,115,116,116,116,116,116,116,116,116,116,116,116,116,116,116,116,116,116,116,116,116,116,116,116,116,116,116,116,116,117,117,117,117,117,117,117,117,117,117,117,117,117,117,117,117,117,117,117,117,117,117,117,117,117,117,117,117,117,117,117,117,117,117,117,117,118,118,118,118,118,118,118,118,118,118,118,118,118,119,119,119,119,119,119,119,119,119,120,120,121,124
Fitness 9,622327, Gen ;0,9288;0,2041;0,6184;0,98;0,1497;0,6115;0,1937;0,2716;0,8962;0,7539;0,5832;0,3548;0,0312;0,1016;0,9353;0,1623;0,6761;0,4213;0,789;0,579;0,3482
,130,131,134,135,136,136,138,140,141,142,145,146,149
Fitness 0,0004143667, Gen ;0,9288;0,2041;0,6184;0,98;0,1497;0,6115;0,1937;0,2716;0,8962;0,7539;0,5832;0,3548;0,0312;0,1016;0,9353;0,1623;0,6761;0,4213;0,789;0,579;0,3482
,125,126,126,127,127,127,127,127,127,127,128,128,128,128,128,128,128,128,128,129,129,129,129,130,130,132,134,135,142,143,214
Fitness 0,0001427693, Gen ;0,9288;0,2041;0,6184;0,98;0,1497;0,6115;0,1937;0,2716;0,8962;0,7539;0,5832;0,3548;0,0312;0,1016;0,9353;0,1623;0,6761;0,4213;0,789;0,579;0,3482
,180,180,180,180,180,181,181,181,181,181,181,181,181,181,181,181,181,181,181,181,181,181,181,181,181,181,181,181,181,181,181,182,182,182,182,182,182,182,182,182,182,182,182,182,182,182,182,182,182,182,182,182,182,182,182,182,183,183,183,183,183,183,183,183,183,183,183,183,183,185,185,185,185,185,185,185,185,185,185,185,186,186,186,186,186,187,187,187,187,187,188,188,188,188,188,190,190,200
Fitness 0,0004351873, Gen ;0,9288;0,2041;0,6184;0,98;0,1497;0,6115;0,1937;0,2716;0,8962;0,7539;0,5832;0,3548;0,0312;0,1016;0,9353;0,1623;0,6761;0,4213;0,789;0,579;0,3482
,137,137,137,138,138,141,142,142,142,142,142,142,142,142,142,142,142,142,142,142,142,142,142,143,143,143,143,143,143,143,143,143,143,143,143,143,143,143,143,143,143,143,143,143,144,144,144,144,144,144,144,144,144,144,144,144,144,144,144,144,144,144,144,144,144,145,145,145,145,145,145,145,145,145,145,145,145,145,145,145,145,146,146,146,146,146,147,147,148,148,149,151
Fitness 0,0002402719, Gen ;0,9288;0,2041;0,6184;0,98;0,1497;0,6115;0,1937;0,2716;0,8962;0,7539;0,5832;0,3548;0,0312;0,1016;0,9353;0,1623;0,6761;0,4213;0,789;0,579;0,3482
,100,179,182,182,188,191,191,192,194,195,195,195,195,195,195,195,195,195,195,195,195,195,195,195,195,195,195,195,196,196,196,196,196,196,196,196,196,196,196,196,196,196,196,196,196,196,196,196,196,196,196,196,196,196,196,196,196,196,196,196,196,196,196,196,196,196,196,196,196,196,196,196,197,197,197,197,197,197,197,197,197,197,197,197,197,197,197,198,198,198,198,198,198,198,198,199,199
Fitness 0,0002031578, Gen ;0,9288;0,2041;0,6184;0,98;0,1497;0,6115;0,1937;0,2716;0,8962;0,7539;0,5832;0,3548;0,0312;0,1016;0,9353;0,1623;0,6761;0,4213;0,789;0,579;0,3482
,138,138,138,138,139,139,139,139,139,140,140,140,140,140,140,140,141,141,141,141,141,141,142,142,142,142,143,143,143,143,143,143,143,143,143,143,143,143,143,143,143,143,143,143,143,143,143,143,143,143,143,143,143,144,144,144,144,144,144,144,144,144,144,144,144,144,144,144,144,144,144,144,144,144,144,144,144,145,145,145,145,145,145,145,145,145,146,146,146,146,146,146,146,146,146,147,147,147,149
Fitness 0,0004303152, Gen ;0,9288;0,2041;0,6184;0,98;0,1497;0,6115;0,1937;0,2716;0,8962;0,7539;0,5832;0,3548;0,0312;0,1016;0,9353;0,1623;0,6761;0,4213;0,789;0,579;0,3482
,115,115,115,115,115,115,115,115,116,116,116,116,116,116,116,116,116,116,116,116,116,116,116,116,116,116,117,117,117,117,117,117,117,117,117,117,117,117,117,117,117,117,118,118,118,118,118,118,118,118,119,119,119,119,120,120,120,120,120,120,120,120,120,120,120,120,120,121,121,121,121,121,121,121,121,121,121,121,121,122,122,122,122,122,122,122,122,123,123,123,123,123,123,123,124,124,124,125,125,125
Fitness 0,0002300878, Gen ;0,9288;0,2041;0,6184;0,98;0,1497;0,6115;0,1937;0,2716;0,8962;0,7539;0,5832;0,3548;0,0312;0,1016;0,9353;0,1623;0,6761;0,4213;0,789;0,579;0,3482
,95,95,95,96,96,96,96,96,96,96,96,96,96,96,96,96,97,97,97,97,97,97,97,97,97,98,98,98,98,98,98,98,98,99,99,99,99,100,101,101,102,102,102,102,102,102,102,103,103,103,103,103,103,103,103,103,103,103,103,103,103,103,103,104,104,104,104,104,104,104,104,104,104,104,104,104,105,105,105,105,105,105,105,105,105,105,105,105,105,106,106,106,106,106,107,107,107,108,108,125
Fitness 0,0005193317, Gen ;0,9288;0,2041;0,6184;0,98;0,1497;0,6115;0,1937;0,2716;0,8962;0,7539;0,5832;0,3548;0,0312;0,1016;0,9353;0,1623;0,6761;0,4213;0,789;0,579;0,3482
,236,237,239
Fitness 16,21501, Gen ;0,9288;0,2041;0,6184;0,98;0,1497;0,6115;0,1937;0,2716;0,8962;0,7539;0,5832;0,3548;0,0312;0,1016;0,9353;0,1623;0,6761;0,4213;0,789;0,579;0,3482
,97,97,97,97,97,97,97,97,97,97,97,97,97,97,97,97,97,98,98,98,98,98,98,98,98,98,98,98,98,98,98,98,98,98,98,98,98,98,98,98,98,98,98,98,98,98,98,98,98,98,99,99,99,99,99,99,99,99,99,99,99,99,99,99,99,99,99,99,99,100,100,100,100,100,100,100,100,100,100,100,101,101,101,101,101,101,101,101,101,102,102,103,104,108,108,108,110,111,112,150
Fitness 18,53332, Gen ;0,9288;0,2041;0,6184;0,98;0,1497;0,6115;0,1937;0,2716;0,8962;0,7539;0,5832;0,3548;0,0312;0,1016;0,9353;0,1623;0,6761;0,4213;0,789;0,579;0,3482
,112,112,112,112,112,112,112,112,112,112,112,112,113,113,113,113,113,113,113,113,113,113,113,113,113,113,113,113,113,113,113,113,113,113,113,113,113,113,113,113,113,113,113,113,113,113,113,113,113,113,114,114,114,114,114,114,114,114,114,114,114,114,114,114,114,114,114,114,114,114,114,114,114,114,114,114,114,114,114,114,115,115,115,115,115,115,115,115,115,115,115,116,116,116,116,116,116,116,118,118
Fitness 0,0005173606, Gen ;0,9288;0,2041;0,6184;0,98;0,1497;0,6115;0,1937;0,2716;0,8962;0,7539;0,5832;0,3548;0,0312;0,1016;0,9353;0,1623;0,6761;0,4213;0,789;0,579;0,3482
,192,193,193,193,194,194,194,194,194,194,194,194,194,194,194,194,194,194,194,194,194,194,194,194,194,194,194,194,194,195,195,195,195,195,195,195,195,195,195,195,195,195,195,195,195,195,195,195,195,195,195,195,195,196,196,196,196,196,196,196,196,196,196,196,196,196,196,196,196,196,196,196,196,196,196,196,197,197,197,197,197,197,197,197,197,198,198,198,198,198,198,198,198,199,199,199,199,199,200,200
Fitness 11,54934, Gen ;0,9288;0,2041;0,6184;0,98;0,1497;0,6115;0,1937;0,2716;0,8962;0,7539;0,5832;0,3548;0,0312;0,1016;0,9353;0,1623;0,6761;0,4213;0,789;0,579;0,3482
,128,128,128,129,129,129,129,129,129,129,129,129,129,129,130,130,130,130,130,130,130,130,130,130,130,130,130,130,130,130,130,130,130,130,130,131,131,131,131,131,131,131,131,132,132,132,134,134,134,134,134,135,135,135,135,135,135,135,135,135,136,136,136,140,218,219,219,219,219,220,220,220,220,221,221,221,223,223,224,226,226,226,228
Fitness 18,98021, Gen ;0,9288;0,2041;0,6184;0,98;0,1497;0,6115;0,1937;0,2716;0,8962;0,7539;0,5832;0,3548;0,0312;0,1016;0,9353;0,1623;0,6761;0,4213;0,789;0,579;0,3482
,85,85,85,85,85,85,85,85,86,86,86,86,86,86,86,86,86,86,86,86,86,86,86,86,86,86,86,86,86,87,87,87,87,87,87,87,87,87,87,87,87,87,87,87,87,87,87,87,87,87,88,88,88,88,88,88,88,88,88,88,88,88,88,89,89,89,90,92,92,92,92,92,92,92,93,93,93,93,93,93,93,93,93,94,94,94,94,94,94,94,94,94,95,95,95,95,96,96,96,96
Fitness 0,7076454, Gen ;0,9288;0,2041;0,6184;0,98;0,1497;0,6115;0,1937;0,2716;0,8962;0,7539;0,5832;0,3548;0,0312;0,1016;0,9353;0,1623;0,6761;0,4213;0,789;0,579;0,3482
,95,96,96,96,96,96,96,96,96,96,96,96,96,96,96,96,96,96,96,96,96,96,96,96,96,96,96,96,96,96,96,96,96,97,97,97,97,97,97,97,97,97,97,97,97,97,97,97,97,97,97,97,97,97,97,97,97,97,97,97,97,97,97,98,98,98,98,98,98,98,98,98,98,98,98,98,99,99,99,99,99,99,100,100,100,100,100,100,100,100,100,101,101,101,101,102,102,102,102,103
Fitness 0,0003050169, Gen ;0,9288;0,2041;0,6184;0,98;0,1497;0,6115;0,1937;0,2716;0,8962;0,7539;0,5832;0,3548;0,0312;0,1016;0,9353;0,1623;0,6761;0,4213;0,789;0,579;0,3482
,120,123,127,127,127,127,127,127,127,127,127,127,128,128,128,128,128,128,128,128,128,128,128,128,128,128,128,128,129,129,129,130,130,130,130,130
Fitness 31,59355, Gen ;0,9288;0,2041;0,6184;0,98;0,1497;0,6115;0,1937;0,2716;0,8962;0,7539;0,5832;0,3548;0,0312;0,1016;0,9353;0,1623;0,6761;0,4213;0,789;0,579;0,3482
,155,183,201
Fitness 27,25195, Gen ;0,9288;0,2041;0,6184;0,98;0,1497;0,6115;0,1937;0,2716;0,8962;0,7539;0,5832;0,3548;0,0312;0,1016;0,9353;0,1623;0,6761;0,4213;0,789;0,579;0,3482
,141,144,145,145,145,145,145,145,145,145,145,145,145,145,145,145,145,146,146,146,146,146,146,146,146,146,146,146,146,146,146,146,146,146,146,146,146,146,146,146,147,147,147,147,147,147,147,147,147,147,147,147,147,147,147,147,147,147,147,147,147,147,147,148,148,148,148,148,148,148,148,148,148,148,148,148,148,149,149,149,149,149,149,149,149,150,150,150,150,150,150,150,151,151,151,151,151,152,152,152
Fitness 0,0002248285, Gen ;0,9288;0,2041;0,6184;0,98;0,1497;0,6115;0,1937;0,2716;0,8962;0,7539;0,5832;0,3548;0,0312;0,1016;0,9353;0,1623;0,6761;0,4213;0,789;0,579;0,3482
,135,135,136,136,136,136,136,136,136,136,136,137,137,137,137,138,138,138,138,138,138,138,139,139,139,139,139,139,139,139,139,139,139,139,139,139,139,139,139,139,139,139,139,139,139,139,139,139,139,139,139,139,139,139,140,140,140,140,140,140,140,140,140,140,140,140,140,140,140,140,140,140,140,140,140,140,140,140,140,140,140,140,140,140,140,141,141,141,141,141,141,141,141,141,141,141,141,141,141,148
Fitness 0,000443742, Gen ;0,9288;0,2041;0,6184;0,98;0,1497;0,6115;0,1937;0,2716;0,8962;0,7539;0,5832;0,3548;0,0312;0,1016;0,9353;0,1623;0,6761;0,4213;0,789;0,579;0,3482
,101,101,103,103,105,105,105,105,105,105,106,106,106,106,106,106,106,106,106,106,106,106,106,106,106,106,106,106,106,106,106,106,106,106,106,106,106,106,106,106,106,106,107,107,107,107,107,107,107,107,107,107,107,107,107,107,107,107,107,107,107,107,107,107,107,107,107,107,107,107,108,108,108,108,108,108,108,108,108,108,108,108,108,109,109,109,109,109,109,109,109,109,109,109,109,110,112,112,112,112
Fitness 7,283335, Gen ;0,9288;0,2041;0,6184;0,98;0,1497;0,6115;0,1937;0,2716;0,8962;0,7539;0,5832;0,3548;0,0312;0,1016;0,9353;0,1623;0,6761;0,4213;0,789;0,579;0,3482
,145,145,145,145,145,145,145,145,145,145,145,146,146,146,146,146,146,146,146,146,146,146,146,146,146,146,146,146,146,146,146,146,146,146,147,147,147,147,147,147,147,147,147,147,147,147,147,147,147,147,147,147,147,147,147,147,147,147,148,148,148,148,148,148,148,148,148,148,148,148,148,148,148,148,149,149,149,149,150,150,150,150,151,151,153
Fitness 8,617712, Gen ;0,9288;0,2041;0,6184;0,98;0,1497;0,6115;0,1937;0,2716;0,8962;0,7539;0,5832;0,3548;0,0312;0,1016;0,9353;0,1623;0,6761;0,4213;0,789;0,579;0,3482
,111,111,112,112,112,112,112,112,112,112,112,112,112,112,112,112,112,112,112,112,112,112,112,112,112,112,112,112,112,112,112,112,112,112,113,113,113,113,113,113,113,113,113,113,113,113,113,113,113,113,113,113,113,113,113,113,113,113,113,113,113,113,113,113,113,113,113,113,114,114,114,114,114,114,114,114,114,114,114,115,115,115,115,115,115,115,115,115,115,115,115,115,115,115,116,116,117,117,120,125
Fitness 22,04184, Gen ;0,9288;0,2041;0,6184;0,98;0,1497;0,6115;0,1937;0,2716;0,8962;0,7539;0,5832;0,3548;0,0312;0,1016;0,9353;0,1623;0,6761;0,4213;0,789;0,579;0,3482
,108,108,109,109,109,109,109,109,109,109,109,109,109,109,109,109,109,109,109,109,109,109,109,109,109,109,109,109,109,109,109,109,109,109,109,109,109,109,109,109,109,109,110,110,110,110,110,110,110,110,110,110,110,110,110,110,110,110,110,110,110,110,110,110,110,110,110,110,110,110,110,111,111,111,111,111,111,111,111,111,111,111,111,111,111,111,111,111,112,112,112,112,112,113,113,113,113,114,115,115
Fitness 0,0003058509, Gen ;0,9288;0,2041;0,6184;0,98;0,1497;0,6115;0,1937;0,2716;0,8962;0,7539;0,5832;0,3548;0,0312;0,1016;0,9353;0,1623;0,6761;0,4213;0,789;0,579;0,3482
,126,126,126,126,126,126,126,126,126,126,126,126,126,126,127,127,127,127,127,127,127,127,127,127,127,127,127,127,127,127,127,127,127,127,127,127,127,127,127,127,128,128,128,128,128,128,128,128,128,128,128,128,128,128,128,128,128,129,129,129,129,129,129,129,129,131,139,184,185,185,185,185,185,185,185,185,186,186,187,189,189,203,203,204,205,205
Fitness 16,89664, Gen ;0,9288;0,2041;0,6184;0,98;0,1497;0,6115;0,1937;0,2716;0,8962;0,7539;0,5832;0,3548;0,0312;0,1016;0,9353;0,1623;0,6761;0,4213;0,789;0,579;0,3482
,131,131,131,131,131,131,131,131,131,131,132,132,132,132,132,132,132,132,132,132,132,132,132,132,132,133,133,133,133,133,133,133,133,133,133,133,133,133,133,134,134,134,134,134,134,134,134,134,134,134,134,134,134,135,135,135,135,135,135,135,135,135,135,135,135,135,135,135,135,135,135,135,135,136,136,136,136,136,136,136,136,137,137,137,137,137,137,137,137,137,138,138,138,139,140,140,140,141,141,142
Fitness 20,60691, Gen ;0,9288;0,2041;0,6184;0,98;0,1497;0,6115;0,1937;0,2716;0,8962;0,7539;0,5832;0,3548;0,0312;0,1016;0,9353;0,1623;0,6761;0,4213;0,789;0,579;0,3482
,231,231,231,231,231,231,231,232,232,232,232,233,233,233,233,234,235,236
Fitness 0,0003229531, Gen ;0,9288;0,2041;0,6184;0,98;0,1497;0,6115;0,1937;0,2716;0,8962;0,7539;0,5832;0,3548;0,0312;0,1016;0,9353;0,1623;0,6761;0,4213;0,789;0,579;0,3482
,156,157,157,157,157,157,158,158,158,158,158,158,160,161,163,163,165,167,167,168,168,168,168,168,168,169,169,169,169,169,169,169,169,169,169,169,169,169,169,169,170,170,170,170,170,170,170,170,170,170,170,171,171,171,171,171,171,171,171,171,171,171,171,171,172,172,172,172,172,172,172,172,172,172,172,172,172,173,175
Fitness 10,2683, Gen ;0,9288;0,2041;0,6184;0,98;0,1497;0,6115;0,1937;0,2716;0,8962;0,7539;0,5832;0,3548;0,0312;0,1016;0,9353;0,1623;0,6761;0,4213;0,789;0,579;0,3482
,119,119,119,119,119,119,119,119,119,119,119,119,119,119,119,119,119,119,120,120,120,120,120,120,120,120,120,120,120,120,120,120,120,120,120,120,120,120,120,120,120,120,120,120,120,120,120,120,120,120,120,120,120,120,120,120,121,121,121,121,121,121,121,121,121,121,121,121,121,121,121,121,121,121,122,122,122,122,122,122,122,122,122,122,122,123,123,123,123,123,123,123,123,123,123,124,124,124,125,130
Fitness 0,000525538, Gen ;0,9288;0,2041;0,6184;0,98;0,1497;0,6115;0,1937;0,2716;0,8962;0,7539;0,5832;0,3548;0,0312;0,1016;0,9353;0,1623;0,6761;0,4213;0,789;0,579;0,3482
,83,83,83,83,83,83,83,83,83,83,83,83,83,84,84,84,84,84,84,84,84,84,84,84,84,84,84,84,84,84,84,84,84,84,84,84,84,84,84,84,84,84,84,84,84,84,84,84,85,85,85,85,85,85,85,85,85,85,85,85,85,85,85,85,85,85,85,85,86,86,86,86,86,86,86,86,86,87,87,87,87,88,89,89,89,89,89,89,89,89,90,90,90,90,90,90,90,90,91,91
Fitness 0,0002791636, Gen ;0,9288;0,2041;0,6184;0,98;0,1497;0,6115;0,1937;0,2716;0,8962;0,7539;0,5832;0,3548;0,0312;0,1016;0,9353;0,1623;0,6761;0,4213;0,789;0,579;0,3482
,226
Fitness 14,68583, Gen ;0,9288;0,2041;0,6184;0,98;0,1497;0,6115;0,1937;0,2716;0,8962;0,7539;0,5832;0,3548;0,0312;0,1016;0,9353;0,1623;0,6761;0,4213;0,789;0,579;0,3482
,165,165,165,165,165,165,165,165,165,165,166,166,166,166,166,166,166,166,166,166,166,166,166,166,166,166,166,166,166,166,166,166,166,166,166,166,166,166,166,166,166,167,167,167,167,167,167,167,167,167,167,167,167,167,167,167,167,167,167,167,167,167,167,167,167,167,168,168,168,168,168,168,168,168,168,168,168,168,168,168,168,168,168,168,168,169,169,169,169,169,169,169,169,169,169,169,170,170,170,170
Fitness 34,78242, Gen ;0,9288;0,2041;0,6184;0,98;0,1497;0,6115;0,1937;0,2716;0,8962;0,7539;0,5832;0,3548;0,0312;0,1016;0,9353;0,1623;0,6761;0,4213;0,789;0,579;0,3482
,184
Fitness 0,0004023981, Gen ;0,9288;0,2041;0,6184;0,98;0,1497;0,6115;0,1937;0,2716;0,8962;0,7539;0,5832;0,3548;0,0312;0,1016;0,9353;0,1623;0,6761;0,4213;0,789;0,579;0,3482
,180,180,180,180,180,180,180,181,181,181,181,181,181,181,181,181,181,181,181,181,181,181,181,181,181,181,181,181,181,181,181,181,181,181,181,182,182,182,182,182,182,182,182,182,182,182,182,182,182,182,182,183,183,183,183,183,183,183,183,183,183,184,184,184,184,184,185,185,186,186,189,190,190,190,190,190,190,190,190,190,191,191,191,191,191,191,191,191,191,192,192,192,192,192,192,192,192,193,193,193
Fitness 3,583338, Gen ;0,9288;0,2041;0,6184;0,98;0,1497;0,6115;0,1937;0,2716;0,8962;0,7539;0,5832;0,3548;0,0312;0,1016;0,9353;0,1623;0,6761;0,4213;0,789;0,579;0,3482
,189,197,198
Fitness 0,0004090596, Gen ;0,9288;0,2041;0,6184;0,98;0,1497;0,6115;0,1937;0,2716;0,8962;0,7539;0,5832;0,3548;0,0312;0,1016;0,9353;0,1623;0,6761;0,4213;0,789;0,579;0,3482
,122,122,122,122,122,122,122,123,123,123,123,123,123,123,123,123,123,123,123,123,123,123,123,123,123,123,123,123,123,123,123,123,123,123,123,123,123,123,124,124,124,124,124,124,124,124,124,124,124,124,124,124,124,124,124,124,124,124,124,124,124,124,124,124,124,124,124,124,125,125,125,125,125,125,125,125,125,125,125,125,125,125,125,125,125,125,125,125,125,126,126,126,126,126,126,126,126,126,126,129
Fitness 1,232511, Gen ;0,9288;0,2041;0,6184;0,98;0,1497;0,6115;0,1937;0,2716;0,8962;0,7539;0,5832;0,3548;0,0312;0,1016;0,9353;0,1623;0,6761;0,4213;0,789;0,579;0,3482
,217,217,217,217,217,217,218,218,218,218,218,218,218,218,218,218,218,218,218,218,218,218,218,218,218,218,218,218,218,218,218,218,218,218,218,218,218,218,219,219,219,219,219,219,219,219,219,219,219,219,219,219,219,219,219,219,219,219,219,219,219,219,219,220,220,220,220,220,220,220,221,221,221,221,221,222,224,224,224,226,226,227,228
Fitness 0,0002873591, Gen ;0,9288;0,2041;0,6184;0,98;0,1497;0,6115;0,1937;0,2716;0,8962;0,7539;0,5832;0,3548;0,0312;0,1016;0,9353;0,1623;0,6761;0,4213;0,789;0,579;0,3482
,175,175,175,175,175,175,175,175,175,175,175,175,175,175,175,175,176,176,176,176,176,176,176,176,176,176,176,176,176,176,176,176,176,176,176,176,176,176,176,177,177,177,177,177,177,177,177,177,177,177,177,177,177,177,177,177,177,177,177,177,177,177,177,177,177,177,178,178,178,178,178,178,178,178,178,178,178,178,179,179,179,179,179,179,179,179,179,179,179,180,180,180,180,180,180,180,181,181,183,186
Fitness 14,50203, Gen ;0,9288;0,2041;0,6184;0,98;0,1497;0,6115;0,1937;0,2716;0,8962;0,7539;0,5832;0,3548;0,0312;0,1016;0,9353;0,1623;0,6761;0,4213;0,789;0,579;0,3482
,159,159,160,160,160,160,160,161,161,162,167,167,168,168,168,168,168,168,168,168,168,169,169,169,169,169,169,170,170,170,170,170,170,170,170,170,170,170,170,170,170,171,171,171,171,171,171,171,171,171,172,172,172,172,172,172,173,175,179,179,180,180,180,180,180,181,181,181,181,181,181,182,182,182,182,182,182,182,182,183,183,183,183,183,183,184,184,184,185,225,225,225,225,225,225,226,227,227,228
Fitness 0,0004960254, Gen ;0,9288;0,2041;0,6184;0,98;0,1497;0,6115;0,1937;0,2716;0,8962;0,7539;0,5832;0,3548;0,0312;0,1016;0,9353;0,1623;0,6761;0,4213;0,789;0,579;0,3482
,147,147,147,147,147,147,147,147,147,147,147,147,147,147,147,147,147,147,147,147,148,148,148,148,148,148,148,148,148,148,148,148,148,148,148,148,148,148,148,148,148,148,148,148,148,148,148,148,148,148,148,148,148,148,148,148,149,149,149,149,149,149,149,149,149,149,149,149,149,149,149,149,149,149,149,150,150,150,150,150,150,150,150,150,150,150,151,151,164,164,165,165,166,166,166,167,237
Fitness 1,848512, Gen ;0,9288;0,2041;0,6184;0,98;0,1497;0,6115;0,1937;0,2716;0,8962;0,7539;0,5832;0,3548;0,0312;0,1016;0,9353;0,1623;0,6761;0,4213;0,789;0,579;0,3482
,109,109,109,109,109,109,109,109,109,109,109,109,109,110,110,110,110,110,110,110,110,110,110,110,110,110,110,110,110,110,110,110,110,110,110,110,110,110,110,110,110,111,111,111,111,111,111,111,111,111,111,111,111,111,111,111,111,111,111,111,111,111,111,111,111,111,111,111,111,111,112,112,112,112,112,112,112,112,112,112,112,112,113,113,113,113,113,113,113,113,113,113,113,113,113,114,114,114,114,115
Fitness 0,000226586, Gen ;0,9288;0,2041;0,6184;0,98;0,1497;0,6115;0,1937;0,2716;0,8962;0,7539;0,5832;0,3548;0,0312;0,1016;0,9353;0,1623;0,6761;0,4213;0,789;0,579;0,3482
,107,227
Fitness 0,0002932728, Gen ;0,9288;0,2041;0,6184;0,98;0,1497;0,6115;0,1937;0,2716;0,8962;0,7539;0,5832;0,3548;0,0312;0,1016;0,9353;0,1623;0,6761;0,4213;0,789;0,579;0,3482
,81,81,81,81,81,81,81,81,81,81,81,81,81,82,82,82,82,82,82,82,82,82,82,82,82,82,82,82,82,82,82,82,82,82,82,82,82,82,82,82,82,83,83,83,83,83,83,83,83,83,83,83,83,83,83,83,83,83,83,83,84,84,84,84,84,84,84,84,84,84,84,84,84,85,85,85,86,87,89,90,90,90,90,90,91,91,91,91,91,91,91,92,92,92,92,92,92,93,93,95
Fitness 20,48252, Gen ;0,9288;0,2041;0,6184;0,98;0,1497;0,6115;0,1937;0,2716;0,8962;0,7539;0,5832;0,3548;0,0312;0,1016;0,9353;0,1623;0,6761;0,4213;0,789;0,579;0,3482
,113,113,113,113,114,114,114,114,114,114,115,117,133,142,143,143,144,144,144,145,145,146,146,146,146,146,146,146,146,146,147,147,147,147,147,147,147,147,147,148,148,148,148,148,148,148,148,148,148,149,149,149,149,149,149,149,149,149,150,150,150,150,150,150,150,150,151,151,151,151,151,151,151,151,151,152,152,152,152,152,152,152,152,152,152,153,153,153,153,153,153,153,153,153,154,154,154,155,172
Fitness 0,0002603764, Gen ;0,9288;0,2041;0,6184;0,98;0,1497;0,6115;0,1937;0,2716;0,8962;0,7539;0,5832;0,3548;0,0312;0,1016;0,9353;0,1623;0,6761;0,4213;0,789;0,579;0,3482
,191,191,191,191,191,191,191,192,192,192,192,192,192,192,192,192,192,192,192,192,192,192,192,192,192,192,192,192,192,193,193,193,193,193,193,193,193,193,193,193,193,193,193,193,193,193,193,193,193,193,193,193,193,193,193,194,194,194,194,194,194,194,194,194,194,194,194,194,194,194,194,194,194,195,195,195,195,195,195,195,195,195,195,195,196,196,196,196,196,196,196,196,196,196,197,197,197,202
Fitness 33,16576, Gen ;0,9288;0,2041;0,6184;0,98;0,1497;0,6115;0,1937;0,2716;0,8962;0,7539;0,5832;0,3548;0,0312;0,1016;0,9353;0,1623;0,6761;0,4213;0,789;0,579;0,3482
,137,138,139,146,148,148,148,148,149,149,149,149,149,150,150,150,151,152,152,155,155,188,212,214,221
Fitness 0,0002281442, Gen ;0,9288;0,2041;0,6184;0,98;0,1497;0,6115;0,1937;0,2716;0,8962;0,7539;0,5832;0,3548;0,0312;0,1016;0,9353;0,1623;0,6761;0,4213;0,789;0,579;0,3482
,107,107,108,108,108,108,108,108,108,108,108,108,108,108,108,108,108,108,108,108,108,108,108,108,109,109,109,109,109,109,109,109,109,109,109,109,109,109,109,109,109,109,109,109,109,109,109,109,109,109,109,109,109,109,110,110,110,110,110,110,110,110,110,110,110,110,110,110,110,110,111,111,111,111,111,111,111,111,111,111,111,111,111,111,111,111,111,111,112,112,112,112,112,112,113,113,114,121,157,158
Fitness 0,0004354086, Gen ;0,9288;0,2041;0,6184;0,98;0,1497;0,6115;0,1937;0,2716;0,8962;0,7539;0,5832;0,3548;0,0312;0,1016;0,9353;0,1623;0,6761;0,4213;0,789;0,579;0,3482
,106,106,106,106,106,106,106,106,106,106,106,106,106,107,107,107,107,107,107,107,107,107,107,107,107,107,107,107,107,107,107,107,107,107,107,107,107,107,107,107,107,107,107,107,107,107,107,107,107,107,107,107,107,107,108,108,108,108,108,108,108,108,108,108,108,108,108,108,108,108,108,108,108,108,108,108,108,108,109,109,109,109,109,109,109,109,110,110,110,110,110,110,110,111,111,111,112,112,112,112
Fitness 0,0004211296, Gen ;0,9288;0,2041;0,6184;0,98;0,1497;0,6115;0,1937;0,2716;0,8962;0,7539;0,5832;0,3548;0,0312;0,1016;0,9353;0,1623;0,6761;0,4213;0,789;0,579;0,3482
,137,138,138,138,138,138,138,138,138,138,138,138,138,138,138,138,138,138,138,138,138,138,138,138,138,138,139,139,139,139,139,139,139,139,139,139,139,139,139,139,139,139,139,139,139,140,140,140,140,140,140,140,140,140,140,140,140,140,140,140,140,140,140,141,141,141,141,141,141,141,141,141,141,141,141,141,141,141,141,141,142,142,142,142,142,142,143,143,143,143,143,143,143,143,143,143,144,144,144,156
Fitness 8,819503, Gen ;0,9288;0,2041;0,6184;0,98;0,1497;0,6115;0,1937;0,2716;0,8962;0,7539;0,5832;0,3548;0,0312;0,1016;0,9353;0,1623;0,6761;0,4213;0,789;0,579;0,3482
,93,93,93,93,93,93,93,93,93,93,94,94,94,94,94,94,94,94,94,94,94,94,94,94,94,94,94,94,94,94,94,94,94,94,94,94,95,95,95,95,95,95,95,95,95,95,95,95,95,95,95,95,95,95,95,95,96,96,96,96,96,96,96,96,96,96,96,96,96,96,96,96,96,96,96,97,97,97,97,97,97,97,97,97,97,97,97,98,98,98,98,98,98,98,99,99,99,99,99,100
Fitness 21,92458, Gen ;0,9288;0,2041;0,6184;0,98;0,1497;0,6115;0,1937;0,2716;0,8962;0,7539;0,5832;0,3548;0,0312;0,1016;0,9353;0,1623;0,6761;0,4213;0,789;0,579;0,3482
,116,116,116,116,116,116,116,116,117,117,117,117,117,117,117,117,117,117,117,117,117,117,117,117,117,117,117,117,117,117,117,117,117,117,118,118,118,118,118,118,118,118,118,118,118,118,118,118,118,118,118,118,118,118,118,118,118,118,118,118,118,118,118,118,119,119,119,119,119,119,119,119,119,119,119,119,119,119,120,120,120,120,120,120,120,120,120,120,120,120,120,121,121,121,122,122,122,122,136,136
Fitness 7,141544, Gen ;0,9288;0,2041;0,6184;0,98;0,1497;0,6115;0,1937;0,2716;0,8962;0,7539;0,5832;0,3548;0,0312;0,1016;0,9353;0,1623;0,6761;0,4213;0,789;0,579;0,3482
,127,127,127,128,128,128,128,128,128,128,128,128,128,128,129,129,129,129,129,129,129,129,129,130,130,130,130,130,130,130,131,131,131,131,131,133,133,133,137,139,147,147,147,147,147,147,147,147,147,148,148,148,148,148,148,148,148,148,148,148,148,148,148,148,148,148,148,148,148,148,148,148,148,149,149,149,149,149,149,149,149,149,150,150,150,150,150,150,150,150,150,150,150,151,151,152,152,152,152
