	75PopravljenStroembom ovc
	1 AI1 ovcarjev
Fitness 28.55959, Gen ;0.9244;0.6362;0.8672;0.6121;0.4271;0.8496;0.3055;0.7574;0.9599;0.614;0.3821;0.6571;0.1641;0.3787;0.6468;0.5871;0.4875;0.6082;0.9445;0.6363;0.3297
,125,125,125,125,125,125,125,125,125,125,125,125,125,125,125,125,125,126,126,126,126,126,126,126,126,126,126,126,126,126,126,126,126,126,126,126,126,126,126,126,126,126,127,127,127,127,127,127,127,127,127,127,127,127,127,127,127,127,127,127,127,127,127,127,127,127,127,127,127,127,127,127,127,128,128
Fitness 32.25273, Gen ;0.9244;0.6362;0.8672;0.6121;0.4271;0.8496;0.3055;0.7574;0.9599;0.614;0.3821;0.6571;0.1641;0.3787;0.6468;0.5871;0.4875;0.6082;0.9445;0.6363;0.3297
,154,154,154,154,154,154,154,154,155,155,155,155,155,155,155,155,155,155,155,155,155,155,155,155,155,155,155,155,155,155,155,156,156,156,156,156,156,156,156,156,156,156,156,156,156,156,156,156,156,156,156,156,156,156,156,156,156,156,156,156,156,156,156,157,157,157,157,157,157,157,157,158,158,158,159
Fitness 68.74403, Gen ;0.9244;0.6362;0.8672;0.6121;0.4271;0.8496;0.3055;0.7574;0.9599;0.614;0.3821;0.6571;0.1641;0.3787;0.6468;0.5871;0.4875;0.6082;0.9445;0.6363;0.3297
,112,112,112,112,112,112,112,112,112,112,112,112,112,112,112,112,112,112,112,112,112,112,113,113,113,113,113,113,113,113,113,113,113,113,113,113,113,113,113,113,113,113,113,113,113,113,113,113,113,113,113,113,113,113,113,113,113,113,114,114,114,114,114,114,114,114,114,114,114,114,114,114,114,114,115
Fitness 83.95802, Gen ;0.9244;0.6362;0.8672;0.6121;0.4271;0.8496;0.3055;0.7574;0.9599;0.614;0.3821;0.6571;0.1641;0.3787;0.6468;0.5871;0.4875;0.6082;0.9445;0.6363;0.3297
,99,99,99,99,99,99,99,99,99,99,99,99,99,99,99,100,100,100,100,100,100,100,100,100,100,100,100,100,100,100,100,100,100,100,100,100,100,100,100,100,100,100,100,100,100,100,100,101,101,101,101,101,101,101,101,101,101,101,101,101,101,101,101,101,101,101,101,101,101,101,101,101,101,102,102
Fitness 94.36069, Gen ;0.9244;0.6362;0.8672;0.6121;0.4271;0.8496;0.3055;0.7574;0.9599;0.614;0.3821;0.6571;0.1641;0.3787;0.6468;0.5871;0.4875;0.6082;0.9445;0.6363;0.3297
,134,134,134,134,134,135,135,135,135,135,135,135,135,135,135,135,135,135,135,135,135,135,135,135,135,135,135,135,135,135,135,135,135,135,135,135,135,135,135,135,136,136,136,136,136,136,136,136,136,136,136,136,136,136,136,136,136,136,136,137,137,137,137,137,137,137,137,137,137,137,137,137,137,137,138
Fitness 7.77907, Gen ;0.9244;0.6362;0.8672;0.6121;0.4271;0.8496;0.3055;0.7574;0.9599;0.614;0.3821;0.6571;0.1641;0.3787;0.6468;0.5871;0.4875;0.6082;0.9445;0.6363;0.3297
,84,84,84,84,84,84,84,85,85,85,85,85,85,85,85,85,85,85,85,85,85,85,85,85,85,85,85,85,85,85,86,86,86,86,86,86,86,86,86,86,86,86,86,86,86,86,86,86,86,86,86,86,86,86,86,86,86,86,86,86,86,86,86,86,86,87,87,87,87,87,87,87,87,87,87
Fitness 0.2163798, Gen ;0.9244;0.6362;0.8672;0.6121;0.4271;0.8496;0.3055;0.7574;0.9599;0.614;0.3821;0.6571;0.1641;0.3787;0.6468;0.5871;0.4875;0.6082;0.9445;0.6363;0.3297
,114,114,114,114,114,114,114,115,115,115,115,115,115,115,115,115,115,115,115,115,115,115,115,115,115,115,115,115,115,115,115,115,115,115,115,116,116,116,116,116,116,116,116,116,116,116,116,116,116,116,116,116,116,116,116,116,116,116,116,116,116,116,116,116,116,116,116,116,116,116,116,117,117,117,117
Fitness 19.28991, Gen ;0.9244;0.6362;0.8672;0.6121;0.4271;0.8496;0.3055;0.7574;0.9599;0.614;0.3821;0.6571;0.1641;0.3787;0.6468;0.5871;0.4875;0.6082;0.9445;0.6363;0.3297
,89,89,89,89,89,89,89,89,89,89,89,89,89,89,89,89,89,89,89,89,89,89,89,89,89,89,90,90,90,90,90,90,90,90,90,90,90,90,90,90,90,90,90,90,90,90,90,90,90,90,90,90,90,90,91,91,91,91,91,91,91,91,91,91,91,91,91,91,91,91,91,91,91,91,91
Fitness 39.73179, Gen ;0.9244;0.6362;0.8672;0.6121;0.4271;0.8496;0.3055;0.7574;0.9599;0.614;0.3821;0.6571;0.1641;0.3787;0.6468;0.5871;0.4875;0.6082;0.9445;0.6363;0.3297
,93,93,93,93,93,93,93,93,93,93,93,93,93,93,93,93,93,93,93,93,93,93,93,93,93,93,93,93,93,93,93,93,93,93,93,93,93,93,93,93,93,93,94,94,94,94,94,94,94,94,94,94,94,94,94,94,94,94,94,94,94,94,94,94,94,94,94,94,94,94,94,95,95,95,95
Fitness 3.232992, Gen ;0.9244;0.6362;0.8672;0.6121;0.4271;0.8496;0.3055;0.7574;0.9599;0.614;0.3821;0.6571;0.1641;0.3787;0.6468;0.5871;0.4875;0.6082;0.9445;0.6363;0.3297
,120,120,120,120,120,120,120,120,120,120,120,120,120,120,120,120,120,120,120,120,120,120,120,120,120,120,120,120,120,120,120,120,120,120,121,121,121,121,121,121,121,121,121,121,121,121,121,121,121,121,121,121,121,121,121,121,121,121,121,121,121,121,121,121,121,121,122,122,122,122,122,122,122,122,122
Fitness 80.17438, Gen ;0.9244;0.6362;0.8672;0.6121;0.4271;0.8496;0.3055;0.7574;0.9599;0.614;0.3821;0.6571;0.1641;0.3787;0.6468;0.5871;0.4875;0.6082;0.9445;0.6363;0.3297
,142,143,144,144,146,146,146,147,147,147,147,147,147,147,147,147,147,147,148,148,148,148,148,148,148,148,148,148,148,148,148,148,148,148,149,149,149,149,149,149,149,149,149,149,149,149,149,149,149,149,149,149,149,149,149,149,149,149,149,149,149,149,149,150,150,150,150,150,150,150,150,151,151,151,151
Fitness 16.73973, Gen ;0.9244;0.6362;0.8672;0.6121;0.4271;0.8496;0.3055;0.7574;0.9599;0.614;0.3821;0.6571;0.1641;0.3787;0.6468;0.5871;0.4875;0.6082;0.9445;0.6363;0.3297
,89,89,89,89,89,89,89,89,90,90,90,90,90,90,90,90,90,90,90,90,90,90,90,90,90,90,90,90,90,90,90,90,90,90,90,90,90,91,91,91,91,91,91,91,91,91,91,91,91,91,91,91,91,91,91,91,91,91,91,91,91,91,91,91,92,92,92,92,92,92,92,92,92,92,92
Fitness 66.63172, Gen ;0.9244;0.6362;0.8672;0.6121;0.4271;0.8496;0.3055;0.7574;0.9599;0.614;0.3821;0.6571;0.1641;0.3787;0.6468;0.5871;0.4875;0.6082;0.9445;0.6363;0.3297
,131,132,132,132,132,132,132,132,132,132,132,132,132,132,132,133,133,133,133,133,133,133,133,133,133,133,133,133,133,133,133,133,133,133,133,133,133,133,133,133,133,133,133,133,133,133,133,134,134,134,134,134,134,134,134,134,134,134,134,134,134,134,134,134,134,134,134,134,134,135,135,135,135,136,138
Fitness 55.8663, Gen ;0.9244;0.6362;0.8672;0.6121;0.4271;0.8496;0.3055;0.7574;0.9599;0.614;0.3821;0.6571;0.1641;0.3787;0.6468;0.5871;0.4875;0.6082;0.9445;0.6363;0.3297
,104,104,104,105,105,105,105,105,105,105,105,105,105,105,105,105,105,105,105,105,105,105,105,105,105,105,105,105,105,105,105,105,105,105,105,105,105,105,105,106,106,106,106,106,106,106,106,106,106,106,106,106,106,106,106,106,106,106,106,106,106,106,106,106,106,107,107,107,107,107,107,107,107,109,110
Fitness 11.45643, Gen ;0.9244;0.6362;0.8672;0.6121;0.4271;0.8496;0.3055;0.7574;0.9599;0.614;0.3821;0.6571;0.1641;0.3787;0.6468;0.5871;0.4875;0.6082;0.9445;0.6363;0.3297
,103,103,103,103,103,103,103,103,103,103,103,104,104,104,104,104,104,104,104,104,104,104,104,104,104,104,104,104,104,104,104,104,104,104,104,104,104,104,104,104,104,105,105,105,105,105,105,105,105,105,105,105,105,105,105,105,105,105,105,105,105,105,105,105,105,105,105,105,105,105,105,105,106,107,108
Fitness 0.716734, Gen ;0.9244;0.6362;0.8672;0.6121;0.4271;0.8496;0.3055;0.7574;0.9599;0.614;0.3821;0.6571;0.1641;0.3787;0.6468;0.5871;0.4875;0.6082;0.9445;0.6363;0.3297
,111,111,111,111,111,111,111,111,111,111,111,111,111,111,112,112,112,112,112,112,112,112,112,112,112,112,112,112,112,112,112,112,112,113,113,113,113,113,113,113,113,113,113,113,113,113,113,113,113,113,113,113,113,113,113,113,113,113,113,113,113,113,113,113,113,113,113,114,114,114,114,114,114,114,114
Fitness 63.85007, Gen ;0.9244;0.6362;0.8672;0.6121;0.4271;0.8496;0.3055;0.7574;0.9599;0.614;0.3821;0.6571;0.1641;0.3787;0.6468;0.5871;0.4875;0.6082;0.9445;0.6363;0.3297
,113,114,114,114,114,114,114,114,114,114,114,114,114,114,114,114,114,114,114,114,115,115,115,115,115,115,115,115,115,115,115,115,115,115,115,115,115,115,115,115,115,115,115,115,115,115,115,115,115,115,115,115,115,115,115,115,115,116,116,116,116,116,116,116,116,116,116,116,116,116,116,116,116,116,116
Fitness 3.725552, Gen ;0.9244;0.6362;0.8672;0.6121;0.4271;0.8496;0.3055;0.7574;0.9599;0.614;0.3821;0.6571;0.1641;0.3787;0.6468;0.5871;0.4875;0.6082;0.9445;0.6363;0.3297
,91,91,91,91,91,91,91,91,91,91,91,92,92,93,93,93,93,93,93,93,93,93,94,94,94,94,94,94,95,96,96,97,97,97,97,97,98,98,98,98,98,98,98,98,98,98,98,98,98,98,98,99,99,99,99,99,99,99,99,99,99,99,99,99,99,100,100,100,100,100,101,101,101,102,104
Fitness 27.67254, Gen ;0.9244;0.6362;0.8672;0.6121;0.4271;0.8496;0.3055;0.7574;0.9599;0.614;0.3821;0.6571;0.1641;0.3787;0.6468;0.5871;0.4875;0.6082;0.9445;0.6363;0.3297
,86,86,86,86,86,86,86,86,86,86,86,86,86,86,86,86,86,86,86,86,86,86,86,87,87,87,87,87,87,87,87,87,87,87,87,87,87,87,87,87,87,87,87,87,87,87,87,87,87,87,87,87,87,87,87,88,88,88,88,88,88,88,88,88,88,88,88,88,88,88,88,88,88,88,89
Fitness 30.38902, Gen ;0.9244;0.6362;0.8672;0.6121;0.4271;0.8496;0.3055;0.7574;0.9599;0.614;0.3821;0.6571;0.1641;0.3787;0.6468;0.5871;0.4875;0.6082;0.9445;0.6363;0.3297
,156,159,159,159,160,160,160,160,160,160,160,160,160,160,160,160,160,161,161,161,161,161,161,161,161,161,161,161,161,161,161,162,162,162,162,162,162,162,162,162,162,162,162,163,163,163,163,163,163,163,164,164,164,165,165,170,173,177,180
Fitness 19.83215, Gen ;0.9244;0.6362;0.8672;0.6121;0.4271;0.8496;0.3055;0.7574;0.9599;0.614;0.3821;0.6571;0.1641;0.3787;0.6468;0.5871;0.4875;0.6082;0.9445;0.6363;0.3297
,119,119,119,119,119,119,119,120,120,120,120,120,120,120,120,120,120,120,120,120,120,120,120,120,120,120,120,120,120,120,120,120,120,120,120,120,120,120,120,120,120,120,120,120,120,120,120,120,120,120,120,120,120,120,121,121,121,121,121,121,121,121,121,121,121,121,121,121,121,122,122,122,122,122,122
Fitness 17.24577, Gen ;0.9244;0.6362;0.8672;0.6121;0.4271;0.8496;0.3055;0.7574;0.9599;0.614;0.3821;0.6571;0.1641;0.3787;0.6468;0.5871;0.4875;0.6082;0.9445;0.6363;0.3297
,80,80,80,80,80,80,80,80,80,80,81,81,81,81,81,81,81,81,81,81,81,81,81,81,81,81,81,81,81,81,81,81,81,81,81,81,81,81,82,82,82,82,82,82,82,82,82,82,82,82,82,82,82,82,82,82,82,82,82,82,82,82,82,82,82,82,82,82,82,82,82,83,83,83,83
Fitness 41.63073, Gen ;0.9244;0.6362;0.8672;0.6121;0.4271;0.8496;0.3055;0.7574;0.9599;0.614;0.3821;0.6571;0.1641;0.3787;0.6468;0.5871;0.4875;0.6082;0.9445;0.6363;0.3297
,118,118,118,118,118,119,119,119,119,119,119,119,119,119,119,119,119,119,119,119,119,119,119,119,119,119,119,119,119,119,119,119,119,119,119,119,119,120,120,120,120,120,120,120,120,120,120,120,120,120,120,120,120,120,120,120,121,121,121,121,121,121,121,121,121,121,121,121,121,121,121,121,121,122,123
Fitness 75.40866, Gen ;0.9244;0.6362;0.8672;0.6121;0.4271;0.8496;0.3055;0.7574;0.9599;0.614;0.3821;0.6571;0.1641;0.3787;0.6468;0.5871;0.4875;0.6082;0.9445;0.6363;0.3297
,105,105,105,105,105,105,105,105,105,105,105,105,105,105,105,105,105,105,105,105,105,105,105,105,105,106,106,106,106,106,106,106,106,106,106,106,106,106,106,106,106,106,106,106,106,106,106,106,106,106,106,106,106,107,107,107,107,107,107,107,107,107,107,107,107,107,107,107,107,107,107,107,107,107,107
Fitness 0.007450563, Gen ;0.9244;0.6362;0.8672;0.6121;0.4271;0.8496;0.3055;0.7574;0.9599;0.614;0.3821;0.6571;0.1641;0.3787;0.6468;0.5871;0.4875;0.6082;0.9445;0.6363;0.3297
,117,117,117,117,117,117,117,117,117,117,117,117,117,117,117,117,117,117,118,118,118,118,118,118,118,118,118,118,118,118,118,118,118,118,118,118,118,118,118,118,118,118,119,119,119,119,119,119,119,119,119,119,119,119,119,119,119,119,119,119,119,119,119,119,120,120,120,120,120,120,120,120,120,120,120
Fitness 11.96829, Gen ;0.9244;0.6362;0.8672;0.6121;0.4271;0.8496;0.3055;0.7574;0.9599;0.614;0.3821;0.6571;0.1641;0.3787;0.6468;0.5871;0.4875;0.6082;0.9445;0.6363;0.3297
,110,110,110,110,110,110,110,110,110,110,110,110,110,110,110,110,110,110,110,110,110,110,110,110,110,110,110,110,110,110,110,110,110,110,110,110,110,110,111,111,111,111,111,111,111,111,111,111,111,111,111,111,111,111,111,111,111,111,111,111,112,112,112,112,112,112,112,112,112,112,112,112,112,112,113
Fitness 96.07767, Gen ;0.9244;0.6362;0.8672;0.6121;0.4271;0.8496;0.3055;0.7574;0.9599;0.614;0.3821;0.6571;0.1641;0.3787;0.6468;0.5871;0.4875;0.6082;0.9445;0.6363;0.3297
,88,93,93,93,93,93,93,93,93,93,94,94,94,94,94,94,94,94,94,94,94,94,94,94,94,94,94,94,94,94,94,94,94,94,94,94,94,94,94,94,94,94,94,94,94,95,95,95,95,95,95,95,95,95,95,95,95,95,95,95,95,95,95,95,95,95,95,95,95,95,95,95,96,96,96
Fitness 11.83704, Gen ;0.9244;0.6362;0.8672;0.6121;0.4271;0.8496;0.3055;0.7574;0.9599;0.614;0.3821;0.6571;0.1641;0.3787;0.6468;0.5871;0.4875;0.6082;0.9445;0.6363;0.3297
,100,100,101,101,101,101,101,101,101,101,101,101,101,101,101,101,101,101,101,101,101,101,101,102,102,102,102,102,102,102,102,102,102,102,102,102,102,102,102,102,102,102,102,102,102,102,102,102,102,102,102,102,103,103,103,103,103,103,103,103,103,103,103,103,103,103,103,103,103,103,103,103,103,103,104
Fitness 29.40725, Gen ;0.9244;0.6362;0.8672;0.6121;0.4271;0.8496;0.3055;0.7574;0.9599;0.614;0.3821;0.6571;0.1641;0.3787;0.6468;0.5871;0.4875;0.6082;0.9445;0.6363;0.3297
,124,124,124,124,124,124,124,124,124,124,124,124,124,124,124,124,124,124,124,124,124,124,124,124,124,124,124,124,124,124,124,124,124,124,124,124,124,124,124,124,124,124,124,124,125,125,125,125,125,125,125,125,125,125,125,125,125,125,125,125,125,125,125,125,125,125,125,125,125,126,126,126,126,126,126
Fitness 13.57622, Gen ;0.9244;0.6362;0.8672;0.6121;0.4271;0.8496;0.3055;0.7574;0.9599;0.614;0.3821;0.6571;0.1641;0.3787;0.6468;0.5871;0.4875;0.6082;0.9445;0.6363;0.3297
,123,123,126,126,126,126,126,127,127,127,127,127,127,127,127,127,127,127,127,127,128,128,128,128,128,128,128,128,128,128,128,129,129,129,129,129,129,129,129,129,129,129,130,130,130,130,130,130,130,130,130,130,131,131,131,132,132,132,132,133,136,140,149,152,154,156,161
Fitness 21.9842, Gen ;0.9244;0.6362;0.8672;0.6121;0.4271;0.8496;0.3055;0.7574;0.9599;0.614;0.3821;0.6571;0.1641;0.3787;0.6468;0.5871;0.4875;0.6082;0.9445;0.6363;0.3297
,89,89,89,89,89,89,89,89,89,89,89,89,89,89,89,89,89,89,89,89,89,89,90,90,90,90,90,90,90,90,90,90,90,90,90,90,90,90,90,90,90,90,90,90,90,90,90,90,90,90,90,90,90,90,90,90,90,91,91,91,91,91,91,91,91,91,91,91,91,91,91,91,91,91,91
Fitness 54.26436, Gen ;0.9244;0.6362;0.8672;0.6121;0.4271;0.8496;0.3055;0.7574;0.9599;0.614;0.3821;0.6571;0.1641;0.3787;0.6468;0.5871;0.4875;0.6082;0.9445;0.6363;0.3297
,85,85,85,85,85,85,85,85,85,85,85,85,86,86,86,86,86,86,86,86,86,86,86,86,86,86,86,86,86,86,86,86,86,86,86,87,87,87,87,87,87,87,87,87,87,87,87,87,87,87,87,87,87,87,87,87,87,87,87,87,87,87,87,87,87,87,87,87,87,87,87,87,87,87,88
Fitness 35.63277, Gen ;0.9244;0.6362;0.8672;0.6121;0.4271;0.8496;0.3055;0.7574;0.9599;0.614;0.3821;0.6571;0.1641;0.3787;0.6468;0.5871;0.4875;0.6082;0.9445;0.6363;0.3297
,95,95,95,95,95,95,95,95,95,95,95,95,95,95,95,95,95,95,95,95,95,95,95,95,95,95,95,95,95,96,96,96,96,96,96,96,96,96,96,96,96,96,96,96,96,96,96,96,96,96,96,96,96,96,96,96,96,96,96,96,96,96,96,96,96,96,96,96,96,96,96,97,97,97,97
Fitness 8.591061, Gen ;0.9244;0.6362;0.8672;0.6121;0.4271;0.8496;0.3055;0.7574;0.9599;0.614;0.3821;0.6571;0.1641;0.3787;0.6468;0.5871;0.4875;0.6082;0.9445;0.6363;0.3297
,91,91,91,91,91,91,91,91,91,91,91,91,91,91,91,91,91,91,91,91,91,91,91,91,92,92,92,92,92,92,92,92,92,92,92,92,92,92,92,92,92,92,92,92,93,93,93,93,93,93,93,93,93,93,94,94,94,94,94,95,95,95,96,99,99,99,100,100,100,101,101,101,101,101,102
Fitness 0.008396059, Gen ;0.9244;0.6362;0.8672;0.6121;0.4271;0.8496;0.3055;0.7574;0.9599;0.614;0.3821;0.6571;0.1641;0.3787;0.6468;0.5871;0.4875;0.6082;0.9445;0.6363;0.3297
,108,108,108,108,108,108,108,108,108,108,108,108,108,108,108,108,108,108,109,109,109,109,109,109,109,109,109,109,109,109,109,109,109,109,109,109,109,109,109,109,109,109,109,109,109,109,109,109,109,109,109,109,109,109,109,109,109,109,109,109,109,109,109,109,109,109,109,109,109,109,109,110,110,110,112
Fitness 65.93705, Gen ;0.9244;0.6362;0.8672;0.6121;0.4271;0.8496;0.3055;0.7574;0.9599;0.614;0.3821;0.6571;0.1641;0.3787;0.6468;0.5871;0.4875;0.6082;0.9445;0.6363;0.3297
,88,88,88,88,88,88,88,88,88,88,88,88,88,88,88,88,88,88,88,88,88,88,88,88,88,89,89,89,89,89,89,89,89,89,89,89,89,89,89,89,89,89,89,89,89,89,89,89,89,89,89,89,89,89,89,89,89,89,89,89,89,89,89,89,89,89,89,89,89,89,89,89,90,90,90
Fitness 77.30846, Gen ;0.9244;0.6362;0.8672;0.6121;0.4271;0.8496;0.3055;0.7574;0.9599;0.614;0.3821;0.6571;0.1641;0.3787;0.6468;0.5871;0.4875;0.6082;0.9445;0.6363;0.3297
,119,119,119,119,119,119,119,119,119,119,119,119,119,119,119,119,119,119,120,120,120,120,120,120,120,120,120,120,120,120,120,120,120,120,120,120,120,120,120,120,120,120,120,120,120,120,120,120,120,120,121,121,121,121,121,121,121,121,121,121,121,121,121,121,121,121,121,121,121,121,121,121,121,121,122
Fitness 50.93573, Gen ;0.9244;0.6362;0.8672;0.6121;0.4271;0.8496;0.3055;0.7574;0.9599;0.614;0.3821;0.6571;0.1641;0.3787;0.6468;0.5871;0.4875;0.6082;0.9445;0.6363;0.3297
,85,85,85,85,85,85,85,85,85,85,85,85,85,85,85,85,85,85,85,85,85,85,85,86,86,86,86,86,86,86,86,86,86,86,86,86,86,86,86,86,86,86,86,86,86,86,86,86,86,86,86,86,86,86,86,86,86,86,86,86,86,86,86,86,86,86,86,86,86,86,86,86,87,87,87
Fitness 47.31245, Gen ;0.9244;0.6362;0.8672;0.6121;0.4271;0.8496;0.3055;0.7574;0.9599;0.614;0.3821;0.6571;0.1641;0.3787;0.6468;0.5871;0.4875;0.6082;0.9445;0.6363;0.3297
,110,110,110,110,110,110,110,110,110,110,110,110,110,110,110,110,110,110,110,110,110,110,110,110,110,110,110,110,110,110,110,110,110,110,110,110,111,111,111,111,111,111,111,111,111,111,111,111,111,111,111,111,111,111,111,111,111,111,111,111,111,111,111,111,111,111,111,111,112,112,112,112,112,112,112
Fitness 23.78625, Gen ;0.9244;0.6362;0.8672;0.6121;0.4271;0.8496;0.3055;0.7574;0.9599;0.614;0.3821;0.6571;0.1641;0.3787;0.6468;0.5871;0.4875;0.6082;0.9445;0.6363;0.3297
,114,114,114,114,114,114,114,114,114,114,114,114,114,114,115,115,115,115,115,115,115,115,115,115,115,115,115,115,115,115,115,115,115,115,115,115,115,115,115,115,115,115,115,116,116,116,116,116,116,116,116,116,116,116,116,116,116,116,116,116,116,116,116,116,116,116,116,116,116,117,117,117,117,117,118
