	25PopravljenStroembom ovc
	2 AI1 ovcarjev
Fitness 37,94236, Gen ;0,9757;0,783;0,6199;0,7541;0,5416;0,6291;0,6334;0,2777;0,861;0,8086;0,422;0,4112;0,3816;0,8796;0,9876;0,6109;0,2404;0,1438;0,8477;0,1964;0,5397
,133,133,133,133,133,133,133,133,133,133,133,133,133,134,134,134,134,134,134,134,135,135,136,139,140
Fitness 37,96492, Gen ;0,9757;0,783;0,6199;0,7541;0,5416;0,6291;0,6334;0,2777;0,861;0,8086;0,422;0,4112;0,3816;0,8796;0,9876;0,6109;0,2404;0,1438;0,8477;0,1964;0,5397
,78,78,79,79,79,79,79,79,79,79,79,79,79,79,79,79,79,79,79,79,79,80,80,80,80
Fitness 73,56504, Gen ;0,9757;0,783;0,6199;0,7541;0,5416;0,6291;0,6334;0,2777;0,861;0,8086;0,422;0,4112;0,3816;0,8796;0,9876;0,6109;0,2404;0,1438;0,8477;0,1964;0,5397
,96,99,101,101,102,102,103,103,103,103,104,104,104,105,105,105,105,105,105,105,105,106,106,106,108
Fitness 2,604411, Gen ;0,9757;0,783;0,6199;0,7541;0,5416;0,6291;0,6334;0,2777;0,861;0,8086;0,422;0,4112;0,3816;0,8796;0,9876;0,6109;0,2404;0,1438;0,8477;0,1964;0,5397
,76,76,76,76,76,76,76,76,76,76,76,76,76,76,77,77,77,77,77,77,77,77,78,78,95
Fitness 35,51572, Gen ;0,9757;0,783;0,6199;0,7541;0,5416;0,6291;0,6334;0,2777;0,861;0,8086;0,422;0,4112;0,3816;0,8796;0,9876;0,6109;0,2404;0,1438;0,8477;0,1964;0,5397
,78,78,78,78,78,78,79,79,79,79,79,79,79,79,79,79,80,80,80,80,80,80,80,80,81
Fitness 13,99326, Gen ;0,9757;0,783;0,6199;0,7541;0,5416;0,6291;0,6334;0,2777;0,861;0,8086;0,422;0,4112;0,3816;0,8796;0,9876;0,6109;0,2404;0,1438;0,8477;0,1964;0,5397
,60,60,60,60,60,60,60,60,60,61,61,61,61,61,61,61,61,61,61,61,62,62,62,62,62
Fitness 26,17965, Gen ;0,9757;0,783;0,6199;0,7541;0,5416;0,6291;0,6334;0,2777;0,861;0,8086;0,422;0,4112;0,3816;0,8796;0,9876;0,6109;0,2404;0,1438;0,8477;0,1964;0,5397
,92,92,93,93,94,96,96,96,96,96,96,96,96,96,97,97,97,97,97,98,98,98,99,99,99
Fitness 35,29941, Gen ;0,9757;0,783;0,6199;0,7541;0,5416;0,6291;0,6334;0,2777;0,861;0,8086;0,422;0,4112;0,3816;0,8796;0,9876;0,6109;0,2404;0,1438;0,8477;0,1964;0,5397
,109,109,109,109,109,109,109,110,110,110,110,110,110,110,110,110,110,110,110,110,111,112,112,113,113
Fitness 58,7607, Gen ;0,9757;0,783;0,6199;0,7541;0,5416;0,6291;0,6334;0,2777;0,861;0,8086;0,422;0,4112;0,3816;0,8796;0,9876;0,6109;0,2404;0,1438;0,8477;0,1964;0,5397
,111,111,111,111,111,111,111,111,111,111,112,112,112,112,112,112,112,112,112,113,114,115,116,118,128
Fitness 19,3327, Gen ;0,9757;0,783;0,6199;0,7541;0,5416;0,6291;0,6334;0,2777;0,861;0,8086;0,422;0,4112;0,3816;0,8796;0,9876;0,6109;0,2404;0,1438;0,8477;0,1964;0,5397
,117,117,117,117,117,117,117,117,117,117,118,118,118,118,118,118,118,118,118,118,118,119,119,120,129
Fitness 11,00122, Gen ;0,9757;0,783;0,6199;0,7541;0,5416;0,6291;0,6334;0,2777;0,861;0,8086;0,422;0,4112;0,3816;0,8796;0,9876;0,6109;0,2404;0,1438;0,8477;0,1964;0,5397
,79,79,79,79,79,79,79,80,80,80,82,83,85,85,85,87,87,88,89,89,90,90,90,90,91
Fitness 6,424904, Gen ;0,9757;0,783;0,6199;0,7541;0,5416;0,6291;0,6334;0,2777;0,861;0,8086;0,422;0,4112;0,3816;0,8796;0,9876;0,6109;0,2404;0,1438;0,8477;0,1964;0,5397
,64,64,64,64,65,65,65,65,65,65,65,65,65,65,65,65,65,66,66,66,66,66,67,71,71
Fitness 5,689887, Gen ;0,9757;0,783;0,6199;0,7541;0,5416;0,6291;0,6334;0,2777;0,861;0,8086;0,422;0,4112;0,3816;0,8796;0,9876;0,6109;0,2404;0,1438;0,8477;0,1964;0,5397
,122,122,122,122,122,122,122,122,122,122,123,123,123,123,123,123,123,123,123,123,124,124,124,124,126
Fitness 26,68894, Gen ;0,9757;0,783;0,6199;0,7541;0,5416;0,6291;0,6334;0,2777;0,861;0,8086;0,422;0,4112;0,3816;0,8796;0,9876;0,6109;0,2404;0,1438;0,8477;0,1964;0,5397

Fitness 48,24137, Gen ;0,9757;0,783;0,6199;0,7541;0,5416;0,6291;0,6334;0,2777;0,861;0,8086;0,422;0,4112;0,3816;0,8796;0,9876;0,6109;0,2404;0,1438;0,8477;0,1964;0,5397
,138,139,139,139,139,139,139,139,139,139,139,139,140,140,140,140,140,140,140,141,141,141,142,142,143
Fitness 5,879396, Gen ;0,9757;0,783;0,6199;0,7541;0,5416;0,6291;0,6334;0,2777;0,861;0,8086;0,422;0,4112;0,3816;0,8796;0,9876;0,6109;0,2404;0,1438;0,8477;0,1964;0,5397
,65,65,65,65,66,66,66,66,66,66,66,66,66,66,66,67,67,67,67,67,67,67,68,68,68
Fitness 0,0003143997, Gen ;0,9757;0,783;0,6199;0,7541;0,5416;0,6291;0,6334;0,2777;0,861;0,8086;0,422;0,4112;0,3816;0,8796;0,9876;0,6109;0,2404;0,1438;0,8477;0,1964;0,5397
,94,94,94,94,94,94,94,94,94,94,94,95,95,95,96,96,96,97,98,98,98,98,98,98,99
Fitness 1,967452, Gen ;0,9757;0,783;0,6199;0,7541;0,5416;0,6291;0,6334;0,2777;0,861;0,8086;0,422;0,4112;0,3816;0,8796;0,9876;0,6109;0,2404;0,1438;0,8477;0,1964;0,5397
,70,70,70,70,71,71,71,71,71,71,71,71,71,71,71,71,71,72,72,72,72,73,73,73,77
Fitness 50,69833, Gen ;0,9757;0,783;0,6199;0,7541;0,5416;0,6291;0,6334;0,2777;0,861;0,8086;0,422;0,4112;0,3816;0,8796;0,9876;0,6109;0,2404;0,1438;0,8477;0,1964;0,5397
,110,110,110,110,110,110,110,110,111,111,111,111,111,111,111,111,111,111,111,112,112,112,112,123,123
Fitness 19,75481, Gen ;0,9757;0,783;0,6199;0,7541;0,5416;0,6291;0,6334;0,2777;0,861;0,8086;0,422;0,4112;0,3816;0,8796;0,9876;0,6109;0,2404;0,1438;0,8477;0,1964;0,5397
,68,68,68,68,68,68,68,68,68,68,68,68,68,69,69,69,69,69,69,69,70,70,73,73,73
Fitness 41,06049, Gen ;0,9757;0,783;0,6199;0,7541;0,5416;0,6291;0,6334;0,2777;0,861;0,8086;0,422;0,4112;0,3816;0,8796;0,9876;0,6109;0,2404;0,1438;0,8477;0,1964;0,5397
,86,86,86,86,86,86,86,86,86,86,86,86,86,86,86,86,86,86,87,87,87,87,87,88,89
Fitness 7,853627, Gen ;0,9757;0,783;0,6199;0,7541;0,5416;0,6291;0,6334;0,2777;0,861;0,8086;0,422;0,4112;0,3816;0,8796;0,9876;0,6109;0,2404;0,1438;0,8477;0,1964;0,5397
,94,94,94,94,94,94,94,94,94,94,94,95,95,95,95,95,95,95,96,96,96,96,96,98,106
Fitness 44,83882, Gen ;0,9757;0,783;0,6199;0,7541;0,5416;0,6291;0,6334;0,2777;0,861;0,8086;0,422;0,4112;0,3816;0,8796;0,9876;0,6109;0,2404;0,1438;0,8477;0,1964;0,5397
,119,119,119,119,119,119,119,119,119,120,120,120,120,120,120,120,120,121,121,121,121,122,122,122,123
Fitness 27,43063, Gen ;0,9757;0,783;0,6199;0,7541;0,5416;0,6291;0,6334;0,2777;0,861;0,8086;0,422;0,4112;0,3816;0,8796;0,9876;0,6109;0,2404;0,1438;0,8477;0,1964;0,5397
,64,64,64,64,64,64,64,64,65,65,65,65,65,65,65,65,66,66,67,67,67,67,67,68,68
Fitness 16,23227, Gen ;0,9757;0,783;0,6199;0,7541;0,5416;0,6291;0,6334;0,2777;0,861;0,8086;0,422;0,4112;0,3816;0,8796;0,9876;0,6109;0,2404;0,1438;0,8477;0,1964;0,5397
,112,113,113,113,113,113,113,113,113,113,113,113,114,114,114,114,114,114,115,115,115,115,115,116,116
Fitness 6,879139, Gen ;0,9757;0,783;0,6199;0,7541;0,5416;0,6291;0,6334;0,2777;0,861;0,8086;0,422;0,4112;0,3816;0,8796;0,9876;0,6109;0,2404;0,1438;0,8477;0,1964;0,5397
,94,94,94,94,94,94,94,95,95,95,95,95,95,95,95,95,95,95,95,96,96,96,97,97,99
Fitness 51,03965, Gen ;0,9757;0,783;0,6199;0,7541;0,5416;0,6291;0,6334;0,2777;0,861;0,8086;0,422;0,4112;0,3816;0,8796;0,9876;0,6109;0,2404;0,1438;0,8477;0,1964;0,5397
,67,67,67,67,68,68,68,68,68,68,68,68,68,68,68,68,68,69,69,69,70,83,86,86,87
Fitness 9,59544, Gen ;0,9757;0,783;0,6199;0,7541;0,5416;0,6291;0,6334;0,2777;0,861;0,8086;0,422;0,4112;0,3816;0,8796;0,9876;0,6109;0,2404;0,1438;0,8477;0,1964;0,5397
,73,73,73,73,73,73,73,73,74,74,74,74,74,74,74,74,74,74,74,75,75,75,77,78,78
Fitness 19,50855, Gen ;0,9757;0,783;0,6199;0,7541;0,5416;0,6291;0,6334;0,2777;0,861;0,8086;0,422;0,4112;0,3816;0,8796;0,9876;0,6109;0,2404;0,1438;0,8477;0,1964;0,5397
,99,103,103,103,103,103,103,103,103,103,103,103,103,103,103,104,104,104,104,104,104,104,105,105,105
Fitness 33,6454, Gen ;0,9757;0,783;0,6199;0,7541;0,5416;0,6291;0,6334;0,2777;0,861;0,8086;0,422;0,4112;0,3816;0,8796;0,9876;0,6109;0,2404;0,1438;0,8477;0,1964;0,5397
,94,94,94,94,94,94,94,94,95,95,95,95,95,95,95,95,95,96,96,96,97,97,101,104,105
Fitness 38,86092, Gen ;0,9757;0,783;0,6199;0,7541;0,5416;0,6291;0,6334;0,2777;0,861;0,8086;0,422;0,4112;0,3816;0,8796;0,9876;0,6109;0,2404;0,1438;0,8477;0,1964;0,5397
,99,99,99,99,99,99,99,99,99,99,99,100,100,102,104,104,104,104,105,106,106,108,109,118,119
Fitness 15,24661, Gen ;0,9757;0,783;0,6199;0,7541;0,5416;0,6291;0,6334;0,2777;0,861;0,8086;0,422;0,4112;0,3816;0,8796;0,9876;0,6109;0,2404;0,1438;0,8477;0,1964;0,5397
,132,146,146,146,146,146,146,146,146,147,147,147,147,147,147,147,148,148,148,148,148,148,149,149,150
Fitness 16,69374, Gen ;0,9757;0,783;0,6199;0,7541;0,5416;0,6291;0,6334;0,2777;0,861;0,8086;0,422;0,4112;0,3816;0,8796;0,9876;0,6109;0,2404;0,1438;0,8477;0,1964;0,5397
,73,73,73,73,73,73,73,73,74,74,74,74,74,74,74,74,74,74,74,75,75,75,75,75,76
Fitness 10,12343, Gen ;0,9757;0,783;0,6199;0,7541;0,5416;0,6291;0,6334;0,2777;0,861;0,8086;0,422;0,4112;0,3816;0,8796;0,9876;0,6109;0,2404;0,1438;0,8477;0,1964;0,5397
,70,70,70,70,71,71,71,71,71,71,71,71,71,71,71,71,71,72,72,72,73,73,73,74,75
Fitness 1,101614, Gen ;0,9757;0,783;0,6199;0,7541;0,5416;0,6291;0,6334;0,2777;0,861;0,8086;0,422;0,4112;0,3816;0,8796;0,9876;0,6109;0,2404;0,1438;0,8477;0,1964;0,5397
,69,69,69,69,70,70,70,70,70,70,70,70,70,70,70,70,70,71,71,71,71,71,72,72,72
Fitness 40,7714, Gen ;0,9757;0,783;0,6199;0,7541;0,5416;0,6291;0,6334;0,2777;0,861;0,8086;0,422;0,4112;0,3816;0,8796;0,9876;0,6109;0,2404;0,1438;0,8477;0,1964;0,5397
,94,94,94,94,94,95,95,95,95,95,95,95,95,95,95,96,96,96,96,96,96,96,97,97,97
Fitness 42,08927, Gen ;0,9757;0,783;0,6199;0,7541;0,5416;0,6291;0,6334;0,2777;0,861;0,8086;0,422;0,4112;0,3816;0,8796;0,9876;0,6109;0,2404;0,1438;0,8477;0,1964;0,5397
,74,74,74,74,75,75,75,75,75,75,75,75,75,75,76,76,76,76,76,76,76,76,77,78,79
Fitness 45,53991, Gen ;0,9757;0,783;0,6199;0,7541;0,5416;0,6291;0,6334;0,2777;0,861;0,8086;0,422;0,4112;0,3816;0,8796;0,9876;0,6109;0,2404;0,1438;0,8477;0,1964;0,5397
,69,69,69,69,69,70,70,70,70,70,70,70,70,70,70,70,70,70,70,70,71,71,72,72,72
Fitness 20,44164, Gen ;0,9757;0,783;0,6199;0,7541;0,5416;0,6291;0,6334;0,2777;0,861;0,8086;0,422;0,4112;0,3816;0,8796;0,9876;0,6109;0,2404;0,1438;0,8477;0,1964;0,5397
,71,71,71,71,71,71,71,71,71,72,72,72,72,72,72,72,72,72,72,72,72,72,73,73,128
Fitness 37,93777, Gen ;0,9757;0,783;0,6199;0,7541;0,5416;0,6291;0,6334;0,2777;0,861;0,8086;0,422;0,4112;0,3816;0,8796;0,9876;0,6109;0,2404;0,1438;0,8477;0,1964;0,5397
,98,98,98,99,99,99,99,99,99,99,99,99,100,100,100,100,100,100,100,101,101,101,101,101,105
Fitness 45,30784, Gen ;0,9757;0,783;0,6199;0,7541;0,5416;0,6291;0,6334;0,2777;0,861;0,8086;0,422;0,4112;0,3816;0,8796;0,9876;0,6109;0,2404;0,1438;0,8477;0,1964;0,5397
,82,82,82,82,82,82,82,82,82,82,83,83,83,83,83,83,83,83,84,84,84,86,86,86,86
Fitness 10,19579, Gen ;0,9757;0,783;0,6199;0,7541;0,5416;0,6291;0,6334;0,2777;0,861;0,8086;0,422;0,4112;0,3816;0,8796;0,9876;0,6109;0,2404;0,1438;0,8477;0,1964;0,5397
,78,78,78,78,78,78,78,78,79,79,79,79,79,79,79,79,79,79,80,80,80,80,133,133,134
Fitness 15,76279, Gen ;0,9757;0,783;0,6199;0,7541;0,5416;0,6291;0,6334;0,2777;0,861;0,8086;0,422;0,4112;0,3816;0,8796;0,9876;0,6109;0,2404;0,1438;0,8477;0,1964;0,5397
,69,69,69,69,69,69,69,69,69,69,69,69,70,70,70,70,70,70,70,70,71,71,71,71,72
Fitness 30,17396, Gen ;0,9757;0,783;0,6199;0,7541;0,5416;0,6291;0,6334;0,2777;0,861;0,8086;0,422;0,4112;0,3816;0,8796;0,9876;0,6109;0,2404;0,1438;0,8477;0,1964;0,5397
,58,58,58,58,58,58,59,59,59,59,59,59,59,59,59,60,60,60,61,61,61,61,63,65,66
Fitness 7,147728, Gen ;0,9757;0,783;0,6199;0,7541;0,5416;0,6291;0,6334;0,2777;0,861;0,8086;0,422;0,4112;0,3816;0,8796;0,9876;0,6109;0,2404;0,1438;0,8477;0,1964;0,5397
,153,153,153,153,153,153,153,153,153,154,154,154,154,154,154,154,154,154,154,155,155,155,155,156,164
Fitness 45,76881, Gen ;0,9757;0,783;0,6199;0,7541;0,5416;0,6291;0,6334;0,2777;0,861;0,8086;0,422;0,4112;0,3816;0,8796;0,9876;0,6109;0,2404;0,1438;0,8477;0,1964;0,5397
,103,103,103,103,103,103,103,103,103,103,104,104,104,104,104,104,104,104,104,104,104,104,105,105,111
Fitness 55,44205, Gen ;0,9757;0,783;0,6199;0,7541;0,5416;0,6291;0,6334;0,2777;0,861;0,8086;0,422;0,4112;0,3816;0,8796;0,9876;0,6109;0,2404;0,1438;0,8477;0,1964;0,5397
,70,70,70,70,70,70,70,70,70,70,70,70,71,71,71,71,71,71,71,71,72,72,72,72,73
Fitness 0,263469, Gen ;0,9757;0,783;0,6199;0,7541;0,5416;0,6291;0,6334;0,2777;0,861;0,8086;0,422;0,4112;0,3816;0,8796;0,9876;0,6109;0,2404;0,1438;0,8477;0,1964;0,5397
,114,114,115,115,115,115,115,115,115,115,115,115,115,115,115,115,116,116,116,117,117,117,117,117,118
Fitness 12,95702, Gen ;0,9757;0,783;0,6199;0,7541;0,5416;0,6291;0,6334;0,2777;0,861;0,8086;0,422;0,4112;0,3816;0,8796;0,9876;0,6109;0,2404;0,1438;0,8477;0,1964;0,5397
,76,76,76,76,76,76,76,76,76,76,76,76,77,77,77,77,77,77,77,77,77,78,78,78,78
Fitness 44,15793, Gen ;0,9757;0,783;0,6199;0,7541;0,5416;0,6291;0,6334;0,2777;0,861;0,8086;0,422;0,4112;0,3816;0,8796;0,9876;0,6109;0,2404;0,1438;0,8477;0,1964;0,5397
,80,80,80,80,80,80,80,80,80,80,80,80,80,81,81,81,81,81,81,81,81,82,82,82,82
Fitness 8,876064, Gen ;0,9757;0,783;0,6199;0,7541;0,5416;0,6291;0,6334;0,2777;0,861;0,8086;0,422;0,4112;0,3816;0,8796;0,9876;0,6109;0,2404;0,1438;0,8477;0,1964;0,5397
,72,72,72,72,72,72,72,72,72,72,72,72,73,73,73,73,73,73,73,73,74,74,74,74,74
Fitness 38,13861, Gen ;0,9757;0,783;0,6199;0,7541;0,5416;0,6291;0,6334;0,2777;0,861;0,8086;0,422;0,4112;0,3816;0,8796;0,9876;0,6109;0,2404;0,1438;0,8477;0,1964;0,5397
,91,91,91,91,91,91,92,92,92,92,93,93,93,93,93,93,94,94,94,96,96,97,98,103,106
Fitness 33,69257, Gen ;0,9757;0,783;0,6199;0,7541;0,5416;0,6291;0,6334;0,2777;0,861;0,8086;0,422;0,4112;0,3816;0,8796;0,9876;0,6109;0,2404;0,1438;0,8477;0,1964;0,5397
,115,115,115,116,116,116,116,116,116,116,116,116,117,117,117,117,117,118,118,118,118,119,119,119,121
Fitness 42,50407, Gen ;0,9757;0,783;0,6199;0,7541;0,5416;0,6291;0,6334;0,2777;0,861;0,8086;0,422;0,4112;0,3816;0,8796;0,9876;0,6109;0,2404;0,1438;0,8477;0,1964;0,5397
,83,83,83,84,84,84,84,84,84,84,84,84,84,85,85,85,85,85,85,85,85,85,86,86,87
Fitness 16,73786, Gen ;0,9757;0,783;0,6199;0,7541;0,5416;0,6291;0,6334;0,2777;0,861;0,8086;0,422;0,4112;0,3816;0,8796;0,9876;0,6109;0,2404;0,1438;0,8477;0,1964;0,5397
,80,80,80,80,81,81,81,81,81,81,81,81,81,81,82,82,82,83,83,83,84,84,85,86,86
Fitness 7,617293, Gen ;0,9757;0,783;0,6199;0,7541;0,5416;0,6291;0,6334;0,2777;0,861;0,8086;0,422;0,4112;0,3816;0,8796;0,9876;0,6109;0,2404;0,1438;0,8477;0,1964;0,5397
,78,79,79,79,79,79,79,79,79,79,79,79,79,79,79,79,79,80,80,80,80,82,83,84,89
Fitness 29,49698, Gen ;0,9757;0,783;0,6199;0,7541;0,5416;0,6291;0,6334;0,2777;0,861;0,8086;0,422;0,4112;0,3816;0,8796;0,9876;0,6109;0,2404;0,1438;0,8477;0,1964;0,5397
,105,105,105,105,105,105,105,105,105,105,105,105,105,105,105,106,106,106,106,107,107,108,108
Fitness 30,90384, Gen ;0,9757;0,783;0,6199;0,7541;0,5416;0,6291;0,6334;0,2777;0,861;0,8086;0,422;0,4112;0,3816;0,8796;0,9876;0,6109;0,2404;0,1438;0,8477;0,1964;0,5397
,129,129,129,130,130,130,130,130,130,130,130,130,130,130,130,130,130,130,131,131,131,131,131,131,132
Fitness 29,55434, Gen ;0,9757;0,783;0,6199;0,7541;0,5416;0,6291;0,6334;0,2777;0,861;0,8086;0,422;0,4112;0,3816;0,8796;0,9876;0,6109;0,2404;0,1438;0,8477;0,1964;0,5397
,55,56,56,56,56,56,56,56,56,56,56,56,56,56,56,57,57,57,57,57,57,57,57,58,58
Fitness 0,0002813876, Gen ;0,9757;0,783;0,6199;0,7541;0,5416;0,6291;0,6334;0,2777;0,861;0,8086;0,422;0,4112;0,3816;0,8796;0,9876;0,6109;0,2404;0,1438;0,8477;0,1964;0,5397
,105,105,105,105,105,105,105,105,105,106,106,106,106,106,106,106,106,106,107,107,107,108,108,109,110
Fitness 4,103441, Gen ;0,9757;0,783;0,6199;0,7541;0,5416;0,6291;0,6334;0,2777;0,861;0,8086;0,422;0,4112;0,3816;0,8796;0,9876;0,6109;0,2404;0,1438;0,8477;0,1964;0,5397
,71,71,71,71,72,72,72,72,72,72,72,72,72,72,72,72,73,73,73,73,73,73,73,74,75
Fitness 64,92522, Gen ;0,9757;0,783;0,6199;0,7541;0,5416;0,6291;0,6334;0,2777;0,861;0,8086;0,422;0,4112;0,3816;0,8796;0,9876;0,6109;0,2404;0,1438;0,8477;0,1964;0,5397
,121,121,121,121,121,121,121,121,121,121,121,121,122,122,122,122,122,122,122,122,123,123,124,124,125
Fitness 12,63267, Gen ;0,9757;0,783;0,6199;0,7541;0,5416;0,6291;0,6334;0,2777;0,861;0,8086;0,422;0,4112;0,3816;0,8796;0,9876;0,6109;0,2404;0,1438;0,8477;0,1964;0,5397
,63,63,63,63,63,63,63,63,64,64,64,64,64,64,64,64,64,64,64,64,65,65,65,65,65
Fitness 42,38015, Gen ;0,9757;0,783;0,6199;0,7541;0,5416;0,6291;0,6334;0,2777;0,861;0,8086;0,422;0,4112;0,3816;0,8796;0,9876;0,6109;0,2404;0,1438;0,8477;0,1964;0,5397
,53,53,53,53,53,53,53,53,53,53,53,54,54,54,54,54,54,54,54,54,54,54,55,55,55
Fitness 6,287697, Gen ;0,9757;0,783;0,6199;0,7541;0,5416;0,6291;0,6334;0,2777;0,861;0,8086;0,422;0,4112;0,3816;0,8796;0,9876;0,6109;0,2404;0,1438;0,8477;0,1964;0,5397
,91,91,91,91,91,91,91,91,91,91,91,91,92,92,92,92,92,92,92,92,92,92,92,93,94
Fitness 54,2054, Gen ;0,9757;0,783;0,6199;0,7541;0,5416;0,6291;0,6334;0,2777;0,861;0,8086;0,422;0,4112;0,3816;0,8796;0,9876;0,6109;0,2404;0,1438;0,8477;0,1964;0,5397
,81,81,81,82,82,82,82,82,82,82,82,82,82,82,82,82,83,83,83,84,84,84,85,85,85
Fitness 69,82422, Gen ;0,9757;0,783;0,6199;0,7541;0,5416;0,6291;0,6334;0,2777;0,861;0,8086;0,422;0,4112;0,3816;0,8796;0,9876;0,6109;0,2404;0,1438;0,8477;0,1964;0,5397
,100,100,100,100,100,100,100,100,100,100,100,100,101,101,101,101,101,101,101,102,102,102,110,133,134
Fitness 23,27313, Gen ;0,9757;0,783;0,6199;0,7541;0,5416;0,6291;0,6334;0,2777;0,861;0,8086;0,422;0,4112;0,3816;0,8796;0,9876;0,6109;0,2404;0,1438;0,8477;0,1964;0,5397
,88,88,88,88,88,88,88,88,89,89,89,89,89,89,89,89,89,89,89,90,90,91,91,92,96
Fitness 31,08045, Gen ;0,9757;0,783;0,6199;0,7541;0,5416;0,6291;0,6334;0,2777;0,861;0,8086;0,422;0,4112;0,3816;0,8796;0,9876;0,6109;0,2404;0,1438;0,8477;0,1964;0,5397

Fitness 5,778042, Gen ;0,9757;0,783;0,6199;0,7541;0,5416;0,6291;0,6334;0,2777;0,861;0,8086;0,422;0,4112;0,3816;0,8796;0,9876;0,6109;0,2404;0,1438;0,8477;0,1964;0,5397
,73,73,73,73,73,73,73,73,73,73,73,73,74,74,74,74,74,74,74,74,74,74,75,75,77
Fitness 22,8255, Gen ;0,9757;0,783;0,6199;0,7541;0,5416;0,6291;0,6334;0,2777;0,861;0,8086;0,422;0,4112;0,3816;0,8796;0,9876;0,6109;0,2404;0,1438;0,8477;0,1964;0,5397
,64,64,64,97,98,105,105,105,105,105,105,106,106,106,106,107,107,107,108,108,108,109,110,111,114
Fitness 0,0004253197, Gen ;0,9757;0,783;0,6199;0,7541;0,5416;0,6291;0,6334;0,2777;0,861;0,8086;0,422;0,4112;0,3816;0,8796;0,9876;0,6109;0,2404;0,1438;0,8477;0,1964;0,5397
,94,94,94,94,94,94,94,94,94,94,94,94,95,95,95,95,95,95,96,96,96,96,96,96,96
Fitness 40,44013, Gen ;0,9757;0,783;0,6199;0,7541;0,5416;0,6291;0,6334;0,2777;0,861;0,8086;0,422;0,4112;0,3816;0,8796;0,9876;0,6109;0,2404;0,1438;0,8477;0,1964;0,5397
,71,71,71,71,71,71,71,71,71,71,71,72,72,72,72,72,72,72,72,73,73,73,74,75,77
Fitness 11,94212, Gen ;0,9757;0,783;0,6199;0,7541;0,5416;0,6291;0,6334;0,2777;0,861;0,8086;0,422;0,4112;0,3816;0,8796;0,9876;0,6109;0,2404;0,1438;0,8477;0,1964;0,5397
,70,71,71,71,71,71,71,71,71,71,71,71,71,71,71,72,72,72,72,72,73,73,73,73,74
Fitness 21,16987, Gen ;0,9757;0,783;0,6199;0,7541;0,5416;0,6291;0,6334;0,2777;0,861;0,8086;0,422;0,4112;0,3816;0,8796;0,9876;0,6109;0,2404;0,1438;0,8477;0,1964;0,5397
,93,93,94,94,94,94,94,94,94,94,94,94,94,95,95,95,95,95,95,96,96,97,100,101,103
Fitness 40,57216, Gen ;0,9757;0,783;0,6199;0,7541;0,5416;0,6291;0,6334;0,2777;0,861;0,8086;0,422;0,4112;0,3816;0,8796;0,9876;0,6109;0,2404;0,1438;0,8477;0,1964;0,5397
,76,76,76,76,76,76,76,76,76,76,76,76,76,76,77,77,77,77,77,77,78,78,78,78,79
Fitness 43,1911, Gen ;0,9757;0,783;0,6199;0,7541;0,5416;0,6291;0,6334;0,2777;0,861;0,8086;0,422;0,4112;0,3816;0,8796;0,9876;0,6109;0,2404;0,1438;0,8477;0,1964;0,5397
,153,153,153,153,153,153,153,154,154,154,154,154,154,154,154,154,155,155,155,156,156,156,156,156,157
Fitness 17,88926, Gen ;0,9757;0,783;0,6199;0,7541;0,5416;0,6291;0,6334;0,2777;0,861;0,8086;0,422;0,4112;0,3816;0,8796;0,9876;0,6109;0,2404;0,1438;0,8477;0,1964;0,5397
,62,62,62,62,62,62,62,62,62,62,62,63,63,63,63,63,64,65,65,65,66,68,89,91,111
Fitness 37,77394, Gen ;0,9757;0,783;0,6199;0,7541;0,5416;0,6291;0,6334;0,2777;0,861;0,8086;0,422;0,4112;0,3816;0,8796;0,9876;0,6109;0,2404;0,1438;0,8477;0,1964;0,5397
,70,70,70,70,70,70,71,71,71,71,71,71,71,71,72,72,72,72,72,72,72,72,72,75,76
Fitness 0,508782, Gen ;0,9757;0,783;0,6199;0,7541;0,5416;0,6291;0,6334;0,2777;0,861;0,8086;0,422;0,4112;0,3816;0,8796;0,9876;0,6109;0,2404;0,1438;0,8477;0,1964;0,5397
,142,142,142,142,143,143,143,143,143,143,143,143,143,143,143,143,144,144,144,144,144,144,145,145,151
Fitness 18,71601, Gen ;0,9757;0,783;0,6199;0,7541;0,5416;0,6291;0,6334;0,2777;0,861;0,8086;0,422;0,4112;0,3816;0,8796;0,9876;0,6109;0,2404;0,1438;0,8477;0,1964;0,5397
,128,128,128,129,129,129,129,129,129,129,129,129,129,130,131,131,131,131,132,132,132,132,132,133,135
Fitness 41,76244, Gen ;0,9757;0,783;0,6199;0,7541;0,5416;0,6291;0,6334;0,2777;0,861;0,8086;0,422;0,4112;0,3816;0,8796;0,9876;0,6109;0,2404;0,1438;0,8477;0,1964;0,5397
,86,86,86,86,86,86,87,87,87,87,87,87,87,87,87,87,87,88,88,88,88,88,88,89,89
Fitness 1,096308, Gen ;0,9757;0,783;0,6199;0,7541;0,5416;0,6291;0,6334;0,2777;0,861;0,8086;0,422;0,4112;0,3816;0,8796;0,9876;0,6109;0,2404;0,1438;0,8477;0,1964;0,5397
,66,66,66,66,67,67,67,67,67,67,67,67,67,67,67,67,67,68,68,68,68,68,68,69,70
Fitness 3,585072, Gen ;0,9757;0,783;0,6199;0,7541;0,5416;0,6291;0,6334;0,2777;0,861;0,8086;0,422;0,4112;0,3816;0,8796;0,9876;0,6109;0,2404;0,1438;0,8477;0,1964;0,5397
,88,119,119,120,120,120,120,120,120,120,120,121,121,121,121,121,121,122,122,122,122,122,123,123,123
Fitness 27,3137, Gen ;0,9757;0,783;0,6199;0,7541;0,5416;0,6291;0,6334;0,2777;0,861;0,8086;0,422;0,4112;0,3816;0,8796;0,9876;0,6109;0,2404;0,1438;0,8477;0,1964;0,5397
,116,116,116,116,116,116,116,116,116,116,116,116,116,117,117,117,118,118,118,118,118,119,119,120,120
Fitness 48,20592, Gen ;0,9757;0,783;0,6199;0,7541;0,5416;0,6291;0,6334;0,2777;0,861;0,8086;0,422;0,4112;0,3816;0,8796;0,9876;0,6109;0,2404;0,1438;0,8477;0,1964;0,5397
,82,82,82,82,82,83,83,83,83,83,83,83,83,83,84,85,85,85,86,86,86,87,87,87,88
Fitness 6,842637, Gen ;0,9757;0,783;0,6199;0,7541;0,5416;0,6291;0,6334;0,2777;0,861;0,8086;0,422;0,4112;0,3816;0,8796;0,9876;0,6109;0,2404;0,1438;0,8477;0,1964;0,5397
,60,60,61,61,61,61,61,61,61,61,61,61,61,61,61,61,61,61,61,61,61,62,62,62,69
Fitness 7,92772, Gen ;0,9757;0,783;0,6199;0,7541;0,5416;0,6291;0,6334;0,2777;0,861;0,8086;0,422;0,4112;0,3816;0,8796;0,9876;0,6109;0,2404;0,1438;0,8477;0,1964;0,5397
,123,123,123,123,123,123,123,123,124,124,124,124,124,124,124,124,124,124,124,125,125,125,125,125,126
Fitness 28,85648, Gen ;0,9757;0,783;0,6199;0,7541;0,5416;0,6291;0,6334;0,2777;0,861;0,8086;0,422;0,4112;0,3816;0,8796;0,9876;0,6109;0,2404;0,1438;0,8477;0,1964;0,5397
,83,85,85,85,86,86,86,86,86,86,86,86,86,87,87,87,87,87,87,88,88,88,88,89,89
Fitness 52,40665, Gen ;0,9757;0,783;0,6199;0,7541;0,5416;0,6291;0,6334;0,2777;0,861;0,8086;0,422;0,4112;0,3816;0,8796;0,9876;0,6109;0,2404;0,1438;0,8477;0,1964;0,5397
,69,69,69,69,69,69,69,69,70,70,70,70,70,70,70,70,70,70,70,71,71,71,71,71,71
Fitness 5,802007, Gen ;0,9757;0,783;0,6199;0,7541;0,5416;0,6291;0,6334;0,2777;0,861;0,8086;0,422;0,4112;0,3816;0,8796;0,9876;0,6109;0,2404;0,1438;0,8477;0,1964;0,5397
,92,92,92,92,92,92,92,92,92,92,92,92,92,92,92,92,93,93,93,93,93,93,93,93,97
Fitness 27,20407, Gen ;0,9757;0,783;0,6199;0,7541;0,5416;0,6291;0,6334;0,2777;0,861;0,8086;0,422;0,4112;0,3816;0,8796;0,9876;0,6109;0,2404;0,1438;0,8477;0,1964;0,5397
,87,87,87,87,87,87,88,89,89,89,90,90,90,90,90,90,90,90,90,90,91,91,91,92,94
Fitness 46,32539, Gen ;0,9757;0,783;0,6199;0,7541;0,5416;0,6291;0,6334;0,2777;0,861;0,8086;0,422;0,4112;0,3816;0,8796;0,9876;0,6109;0,2404;0,1438;0,8477;0,1964;0,5397
,78,78,78,78,78,78,78,78,78,78,78,79,79,79,79,79,80,80,80,80,80,81,82,82,84
Fitness 21,24396, Gen ;0,9757;0,783;0,6199;0,7541;0,5416;0,6291;0,6334;0,2777;0,861;0,8086;0,422;0,4112;0,3816;0,8796;0,9876;0,6109;0,2404;0,1438;0,8477;0,1964;0,5397
,82,82,82,82,82,82,82,82,82,82,82,82,82,82,82,83,83,83,83,83,83,83,84,84,84
Fitness 23,90889, Gen ;0,9757;0,783;0,6199;0,7541;0,5416;0,6291;0,6334;0,2777;0,861;0,8086;0,422;0,4112;0,3816;0,8796;0,9876;0,6109;0,2404;0,1438;0,8477;0,1964;0,5397
,71,71,75,75,75,75,75,75,75,76,76,76,76,76,76,76,76,76,77,77,77,77,78,78,78
Fitness 33,0625, Gen ;0,9757;0,783;0,6199;0,7541;0,5416;0,6291;0,6334;0,2777;0,861;0,8086;0,422;0,4112;0,3816;0,8796;0,9876;0,6109;0,2404;0,1438;0,8477;0,1964;0,5397
,60,60,60,60,60,60,60,60,60,60,60,60,61,61,61,61,61,61,61,61,61,62,62,62,64
Fitness 31,81471, Gen ;0,9757;0,783;0,6199;0,7541;0,5416;0,6291;0,6334;0,2777;0,861;0,8086;0,422;0,4112;0,3816;0,8796;0,9876;0,6109;0,2404;0,1438;0,8477;0,1964;0,5397
,98,98,98,99,99,99,99,99,99,99,100,100,100,100,100,100,100,101,101,101,101,101,101,101,102
Fitness 38,27212, Gen ;0,9757;0,783;0,6199;0,7541;0,5416;0,6291;0,6334;0,2777;0,861;0,8086;0,422;0,4112;0,3816;0,8796;0,9876;0,6109;0,2404;0,1438;0,8477;0,1964;0,5397
,131,131,131,131,132,132,132,132,132,132,132,132,132,132,132,132,133,133,133,133,133,134,134,134,134
Fitness 57,14493, Gen ;0,9757;0,783;0,6199;0,7541;0,5416;0,6291;0,6334;0,2777;0,861;0,8086;0,422;0,4112;0,3816;0,8796;0,9876;0,6109;0,2404;0,1438;0,8477;0,1964;0,5397
,82,82,82,82,82,82,82,82,83,83,83,83,83,83,83,83,83,83,83,83,83,84,84,84,84
Fitness 17,36382, Gen ;0,9757;0,783;0,6199;0,7541;0,5416;0,6291;0,6334;0,2777;0,861;0,8086;0,422;0,4112;0,3816;0,8796;0,9876;0,6109;0,2404;0,1438;0,8477;0,1964;0,5397

