	100PopravljenStroembom ovc
	1 AI1 ovcarjev
Fitness 29.16385, Gen ;0.9152;0.3703;0.7394;0.479;0.1238;0.8338;0.6309;0.2706;0.5351;0.1779;0.4692;0.0312;0.0395;0.6183;0.9811;0.7546;0.1954;0.0637;0.7504;0.286;0.784
,156,156,157,157,157,157,157,157,157,158,158,158,158,158,158,158,158,158,158,158,158,158,159,159,159,159,159,159,159,159,159,159,159,159,159,159,159,159,159,160,160,160,160,160,160,160,160,160,160,160,160,160,160,160,161,161,161,161,161,161,161,161,161,161,161,161,161,162,162,162,162,162,162,162,162,162,162,162,162,162,162,162,162,163,163,163,163,163,163,163,164,164,164,164,164,165,167,168
Fitness 44.35973, Gen ;0.9152;0.3703;0.7394;0.479;0.1238;0.8338;0.6309;0.2706;0.5351;0.1779;0.4692;0.0312;0.0395;0.6183;0.9811;0.7546;0.1954;0.0637;0.7504;0.286;0.784
,117,118,118,118,118,118,118,118,118,119,119,119,119,119,119,119,120,120,120,120,120,120,120,120,120,120,120,120,121,121,121,121,121,121,121,121,121,121,121,121,121,121,121,121,121,121,122,122,122,122,122,122,122,122,122,122,122,122,122,122,122,122,122,122,122,122,122,122,122,122,122,122,122,122,122,123,123,123,123,123,123,123,123,123,123,123,123,123,124,124,124,124,124,124,124,124,124,124,125,125
Fitness 65.92026, Gen ;0.9152;0.3703;0.7394;0.479;0.1238;0.8338;0.6309;0.2706;0.5351;0.1779;0.4692;0.0312;0.0395;0.6183;0.9811;0.7546;0.1954;0.0637;0.7504;0.286;0.784
,138,138,138,138,139,139,139,139,139,139,139,139,139,139,139,139,139,139,139,139,139,139,139,139,139,139,139,139,139,139,140,140,140,140,140,140,140,140,140,140,140,140,140,140,140,140,140,140,140,140,140,140,140,140,140,140,140,140,140,140,140,140,140,140,140,140,140,141,141,141,141,141,141,141,141,141,141,141,141,141,141,141,141,141,141,141,141,141,141,141,141,141,142,142,142,142,142,142,142,142
Fitness 89.51308, Gen ;0.9152;0.3703;0.7394;0.479;0.1238;0.8338;0.6309;0.2706;0.5351;0.1779;0.4692;0.0312;0.0395;0.6183;0.9811;0.7546;0.1954;0.0637;0.7504;0.286;0.784
,132,133,133,133,133,133,133,134,134,134,134,134,135,135,135,135,135,135,135,135,135,135,135,136,136,136,136,136,136,136,136,136,136,136,136,137,137,137,137,137,137,137,137,137,137,137,137,137,137,137,137,137,137,137,137,137,137,137,138,138,138,138,138,138,138,138,138,138,138,138,138,138,138,138,138,138,138,138,138,138,138,139,139,139,139,139,139,139,139,139,139,139,139,139,139,139,139,140,140,142
Fitness 132.6507, Gen ;0.9152;0.3703;0.7394;0.479;0.1238;0.8338;0.6309;0.2706;0.5351;0.1779;0.4692;0.0312;0.0395;0.6183;0.9811;0.7546;0.1954;0.0637;0.7504;0.286;0.784
,101,101,101,101,101,101,101,101,101,101,101,102,102,102,102,102,102,102,102,102,102,102,102,102,102,102,102,102,102,102,102,102,102,102,102,102,102,102,102,102,102,103,103,103,103,103,103,103,103,103,103,103,103,103,103,103,103,103,103,103,103,103,103,103,103,103,103,103,103,103,103,103,103,104,104,104,104,104,104,104,104,104,104,104,104,104,104,104,104,105,105,105,105,105,105,105,105,106,107,107
Fitness 0.008034742, Gen ;0.9152;0.3703;0.7394;0.479;0.1238;0.8338;0.6309;0.2706;0.5351;0.1779;0.4692;0.0312;0.0395;0.6183;0.9811;0.7546;0.1954;0.0637;0.7504;0.286;0.784
,107,107,107,107,107,107,108,108,108,108,108,108,108,108,109,109,109,109,109,109,109,109,109,109,109,109,109,109,109,109,109,109,109,109,109,109,110,110,110,110,110,110,110,110,110,110,110,110,110,110,110,110,110,110,110,110,110,110,110,110,110,110,111,111,111,111,111,111,111,111,111,111,111,111,111,111,111,111,111,111,111,111,111,111,112,112,112,112,112,112,112,112,112,112,113,113,113,114,115,116
Fitness 13.3474, Gen ;0.9152;0.3703;0.7394;0.479;0.1238;0.8338;0.6309;0.2706;0.5351;0.1779;0.4692;0.0312;0.0395;0.6183;0.9811;0.7546;0.1954;0.0637;0.7504;0.286;0.784
,110,110,110,110,110,111,111,111,111,111,111,111,111,111,111,111,111,111,111,111,111,111,111,111,111,111,111,112,112,112,112,112,112,112,112,112,112,112,112,112,112,112,112,112,112,112,112,112,112,112,112,112,112,112,112,112,112,112,112,112,112,113,113,113,113,113,113,113,113,113,113,113,113,113,113,113,113,113,113,113,113,113,113,114,114,114,114,114,114,114,114,114,114,114,115,115,115,115,115,116
Fitness 2.669657, Gen ;0.9152;0.3703;0.7394;0.479;0.1238;0.8338;0.6309;0.2706;0.5351;0.1779;0.4692;0.0312;0.0395;0.6183;0.9811;0.7546;0.1954;0.0637;0.7504;0.286;0.784
,101,101,101,101,101,102,102,102,102,102,102,102,102,102,102,102,102,102,102,102,102,102,102,102,102,102,102,102,102,102,102,102,102,102,103,103,103,103,103,103,103,103,103,103,103,103,103,103,103,103,103,103,103,103,103,103,103,103,103,103,103,103,103,103,103,103,103,103,103,103,103,104,104,104,104,104,104,104,104,104,104,104,104,104,104,104,104,104,104,104,104,104,104,104,104,104,104,104,104,105
Fitness 3.310114, Gen ;0.9152;0.3703;0.7394;0.479;0.1238;0.8338;0.6309;0.2706;0.5351;0.1779;0.4692;0.0312;0.0395;0.6183;0.9811;0.7546;0.1954;0.0637;0.7504;0.286;0.784
,150,150,150,151,151,151,151,152,156,157,161,161,164,165,171,171,174,176,176
Fitness 43.21774, Gen ;0.9152;0.3703;0.7394;0.479;0.1238;0.8338;0.6309;0.2706;0.5351;0.1779;0.4692;0.0312;0.0395;0.6183;0.9811;0.7546;0.1954;0.0637;0.7504;0.286;0.784
,121,121,121,121,121,121,121,121,121,121,122,122,122,122,122,122,122,122,122,122,122,122,122,122,122,122,122,122,122,122,122,122,122,122,122,122,122,122,122,122,122,122,122,122,122,122,122,122,122,122,123,123,123,123,123,123,123,123,123,123,123,123,123,123,123,123,123,123,123,123,123,123,123,123,123,123,123,123,123,123,123,124,124,124,124,124,124,124,124,124,124,124,124,124,124,124,124,125,125,126
Fitness 26.36691, Gen ;0.9152;0.3703;0.7394;0.479;0.1238;0.8338;0.6309;0.2706;0.5351;0.1779;0.4692;0.0312;0.0395;0.6183;0.9811;0.7546;0.1954;0.0637;0.7504;0.286;0.784
,109,109,109,109,109,109,109,109,110,110,110,110,110,110,110,110,110,110,111,111,111,112,112,112,112,112,112,112,112,112,112,112,113,113,113,113,113,113,113,113,113,113,113,113,113,113,113,113,113,113,113,113,113,113,113,114,114,114,114,114,114,114,114,114,114,114,114,114,114,114,114,114,114,114,114,114,115,115,115,115,115,115,115,115,115,115,115,115,116,116,116,116,116,116,117,117,117,117,118,118
Fitness 24.85418, Gen ;0.9152;0.3703;0.7394;0.479;0.1238;0.8338;0.6309;0.2706;0.5351;0.1779;0.4692;0.0312;0.0395;0.6183;0.9811;0.7546;0.1954;0.0637;0.7504;0.286;0.784
,91,91,91,91,91,91,91,91,91,91,91,91,91,91,91,91,91,91,91,91,91,91,91,91,92,92,92,92,92,92,92,92,92,92,92,92,92,92,92,92,92,92,92,92,92,92,92,92,92,92,92,92,92,92,92,92,92,93,93,93,93,93,93,93,93,93,93,93,93,93,93,93,93,93,93,93,93,93,93,93,93,93,93,93,93,93,93,94,94,94,94,94,94,94,94,94,94,94,94,94
Fitness 46.19016, Gen ;0.9152;0.3703;0.7394;0.479;0.1238;0.8338;0.6309;0.2706;0.5351;0.1779;0.4692;0.0312;0.0395;0.6183;0.9811;0.7546;0.1954;0.0637;0.7504;0.286;0.784
,80,80,80,80,80,80,80,80,80,80,80,80,81,81,81,81,81,81,81,81,81,81,81,81,81,81,81,81,81,81,81,81,81,81,81,81,81,81,81,81,81,81,81,81,82,82,82,82,82,82,82,82,82,82,82,82,82,82,82,82,82,82,82,82,82,82,82,82,82,82,82,82,82,82,82,82,82,82,82,82,83,83,83,83,83,83,83,83,83,83,83,83,83,83,83,83,83,83,83,83
Fitness 0.005184274, Gen ;0.9152;0.3703;0.7394;0.479;0.1238;0.8338;0.6309;0.2706;0.5351;0.1779;0.4692;0.0312;0.0395;0.6183;0.9811;0.7546;0.1954;0.0637;0.7504;0.286;0.784
,130,130,130,130,130,130,130,130,130,131,131,131,131,131,131,131,131,131,131,131,131,131,132,132,132,132,132,132,132,132,132,132,132,132,132,132,132,132,132,132,132,133,133,133,133,133,133,133,133,133,133,133,133,133,133,133,133,133,133,133,133,133,133,133,133,133,133,133,134,134,134,134,134,134,134,134,134,134,134,134,135,135,135,135,135,135,136,137,137,140,153
Fitness 12.23363, Gen ;0.9152;0.3703;0.7394;0.479;0.1238;0.8338;0.6309;0.2706;0.5351;0.1779;0.4692;0.0312;0.0395;0.6183;0.9811;0.7546;0.1954;0.0637;0.7504;0.286;0.784
,100,101,101,101,101,102,102,102,102,102,102,102,103,103,103,103,103,103,103,103,103,103,103,104,104,104,104,104,104,104,104,104,104,104,104,104,104,104,104,104,104,105,105,105,105,105,105,105,105,105,105,105,105,105,105,105,105,105,105,105,105,105,106,106,106,106,106,106,106,106,106,106,106,106,106,106,106,106,107,107,107,107,107,107,107,107,107,107,107,108,108,108,108,108,108,108,108,108,108,109
Fitness 23.05884, Gen ;0.9152;0.3703;0.7394;0.479;0.1238;0.8338;0.6309;0.2706;0.5351;0.1779;0.4692;0.0312;0.0395;0.6183;0.9811;0.7546;0.1954;0.0637;0.7504;0.286;0.784
,106,106,106,106,106,106,106,106,106,106,106,106,106,106,106,106,106,106,106,106,106,106,106,106,106,106,106,106,106,106,107,107,107,107,107,107,107,107,107,107,107,107,107,107,107,107,107,107,107,107,107,108,108,108,108,108,108,108,108,108,108,108,109,109,109,109,109,109,109,109,110,110,110,110,110,110,110,110,110,111,111,111,111,112,112,112,113,114,170,170,170,170,171,171,171,171,171,171,171,171
Fitness 77.25655, Gen ;0.9152;0.3703;0.7394;0.479;0.1238;0.8338;0.6309;0.2706;0.5351;0.1779;0.4692;0.0312;0.0395;0.6183;0.9811;0.7546;0.1954;0.0637;0.7504;0.286;0.784
,96,96,96,96,96,96,96,96,96,96,96,96,96,96,96,96,97,97,97,97,97,97,97,97,97,97,97,97,97,97,97,97,97,97,97,97,97,97,97,97,97,97,97,98,98,98,98,98,98,98,98,98,98,98,98,98,98,98,98,98,98,98,98,98,98,98,98,98,98,98,98,99,99,99,99,99,99,99,99,99,99,99,99,99,99,99,99,99,99,99,99,100,100,100,100,101,101,102,104,105
Fitness 126.5455, Gen ;0.9152;0.3703;0.7394;0.479;0.1238;0.8338;0.6309;0.2706;0.5351;0.1779;0.4692;0.0312;0.0395;0.6183;0.9811;0.7546;0.1954;0.0637;0.7504;0.286;0.784
,100,101,101,101,101,102,102,102,102,102,102,103,103,103,103,103,103,103,103,103,103,103,103,103,103,103,103,103,103,104,104,104,104,104,104,104,104,104,104,104,104,104,104,104,104,104,104,104,104,104,104,104,104,104,104,104,104,104,104,104,104,104,105,105,105,105,105,105,105,105,105,105,105,105,105,105,105,105,105,105,105,105,105,105,105,105,105,105,105,105,105,105,105,106,106,106,106,106,106,107
Fitness 0.008255147, Gen ;0.9152;0.3703;0.7394;0.479;0.1238;0.8338;0.6309;0.2706;0.5351;0.1779;0.4692;0.0312;0.0395;0.6183;0.9811;0.7546;0.1954;0.0637;0.7504;0.286;0.784
,84,84,84,84,84,84,84,84,84,84,84,84,84,84,85,85,85,85,85,85,85,85,85,85,85,85,85,85,85,85,85,85,85,85,85,85,85,85,85,85,85,85,85,85,86,86,86,86,86,86,86,86,86,86,86,86,86,86,86,86,86,86,86,86,86,86,86,86,86,86,86,86,86,86,86,87,87,87,87,87,87,87,87,87,87,87,87,87,87,87,87,87,87,87,87,87,87,87,87,88
Fitness 38.3152, Gen ;0.9152;0.3703;0.7394;0.479;0.1238;0.8338;0.6309;0.2706;0.5351;0.1779;0.4692;0.0312;0.0395;0.6183;0.9811;0.7546;0.1954;0.0637;0.7504;0.286;0.784
,95,96,96,96,96,96,96,96,96,96,96,96,96,96,96,96,96,96,96,96,96,96,96,97,97,97,97,97,97,97,97,97,97,97,97,97,97,97,97,97,97,97,97,97,97,97,97,97,97,97,97,97,98,98,98,98,98,98,98,98,98,98,98,98,98,98,98,98,98,98,98,98,98,98,98,98,98,98,98,98,98,98,98,98,98,98,98,98,99,99,99,99,99,99,99,99,99,99,99,100
Fitness 0.1928848, Gen ;0.9152;0.3703;0.7394;0.479;0.1238;0.8338;0.6309;0.2706;0.5351;0.1779;0.4692;0.0312;0.0395;0.6183;0.9811;0.7546;0.1954;0.0637;0.7504;0.286;0.784
,128,130,131,131,131,131,131,131,131,131,131,132,132,132,132,132,132,132,132,132,132,132,132,132,132,132,132,132,132,132,132,132,132,132,132,132,132,132,132,133,133,133,133,133,133,133,133,133,133,133,133,133,133,133,133,133,133,133,133,133,133,133,133,133,133,133,133,133,133,133,133,133,133,133,133,134,134,134,134,134,134,134,134,134,134,134,134,135,135,135,135,135,135,135,135,135,136,137,138,138
Fitness 50.89017, Gen ;0.9152;0.3703;0.7394;0.479;0.1238;0.8338;0.6309;0.2706;0.5351;0.1779;0.4692;0.0312;0.0395;0.6183;0.9811;0.7546;0.1954;0.0637;0.7504;0.286;0.784
,100,100,100,100,101,101,101,101,101,101,101,101,101,101,101,101,101,101,101,101,101,101,101,101,101,102,102,102,102,102,102,102,102,102,102,102,102,102,102,102,102,102,102,102,102,102,102,102,102,102,102,102,102,102,102,102,102,102,102,102,103,103,103,103,103,103,103,103,103,103,103,103,103,103,103,103,103,103,103,103,103,103,103,103,103,103,103,103,103,103,103,104,104,104,104,104,104,104,104,105
Fitness 42.31435, Gen ;0.9152;0.3703;0.7394;0.479;0.1238;0.8338;0.6309;0.2706;0.5351;0.1779;0.4692;0.0312;0.0395;0.6183;0.9811;0.7546;0.1954;0.0637;0.7504;0.286;0.784
,100,100,100,100,100,100,100,101,101,101,101,101,101,101,101,101,101,101,101,101,101,101,101,101,101,101,101,101,101,101,101,102,102,102,102,102,102,102,102,102,102,102,102,102,102,102,102,102,102,102,102,102,102,102,102,102,102,102,102,103,103,103,103,103,103,103,103,103,103,103,103,103,103,103,103,103,103,103,103,103,104,104,104,104,104,104,104,104,104,104,104,104,104,104,105,105,105,105,105,105
Fitness 106.0383, Gen ;0.9152;0.3703;0.7394;0.479;0.1238;0.8338;0.6309;0.2706;0.5351;0.1779;0.4692;0.0312;0.0395;0.6183;0.9811;0.7546;0.1954;0.0637;0.7504;0.286;0.784
,153,154,154,154,154,155,155,155,156,156,157,157,160,162,163,164,164,167,169,172,172,177,178
Fitness 61.48206, Gen ;0.9152;0.3703;0.7394;0.479;0.1238;0.8338;0.6309;0.2706;0.5351;0.1779;0.4692;0.0312;0.0395;0.6183;0.9811;0.7546;0.1954;0.0637;0.7504;0.286;0.784
,99,99,99,99,99,99,99,99,99,99,99,99,99,99,99,100,100,100,100,100,100,100,100,100,100,100,100,100,100,100,100,100,100,100,100,101,101,101,101,101,101,101,101,101,101,101,101,101,101,101,101,101,101,101,101,101,101,101,101,101,101,101,101,101,101,101,101,102,102,102,102,102,102,102,102,102,102,102,102,102,102,102,102,102,102,102,102,102,103,103,103,103,103,103,103,103,103,103,103,106
Fitness 4.681035, Gen ;0.9152;0.3703;0.7394;0.479;0.1238;0.8338;0.6309;0.2706;0.5351;0.1779;0.4692;0.0312;0.0395;0.6183;0.9811;0.7546;0.1954;0.0637;0.7504;0.286;0.784
,97,97,97,97,97,97,97,97,97,97,97,97,97,97,97,97,97,98,98,98,98,98,98,98,98,98,98,98,98,98,98,98,98,98,98,98,98,98,98,98,98,98,98,98,98,98,98,98,98,98,98,99,99,99,99,99,99,99,99,99,99,99,99,99,99,99,99,99,99,99,99,99,99,99,99,99,99,99,99,99,99,99,99,99,99,99,100,100,100,100,100,100,100,100,100,100,100,100,101,101
Fitness 47.14262, Gen ;0.9152;0.3703;0.7394;0.479;0.1238;0.8338;0.6309;0.2706;0.5351;0.1779;0.4692;0.0312;0.0395;0.6183;0.9811;0.7546;0.1954;0.0637;0.7504;0.286;0.784
,114,114,114,114,114,114,114,115,115,115,115,115,115,115,115,115,115,115,115,115,115,115,115,115,115,115,115,115,115,115,115,115,115,116,116,116,116,116,116,116,116,116,116,116,116,116,116,116,116,116,116,116,116,116,116,116,116,116,116,116,116,116,116,116,116,116,116,117,117,117,117,117,117,117,117,117,117,117,117,117,117,117,117,117,117,117,117,117,117,118,118,118,118,118,118,118,119,119,119,120
Fitness 44.46858, Gen ;0.9152;0.3703;0.7394;0.479;0.1238;0.8338;0.6309;0.2706;0.5351;0.1779;0.4692;0.0312;0.0395;0.6183;0.9811;0.7546;0.1954;0.0637;0.7504;0.286;0.784
,94,94,94,94,94,94,94,94,94,94,94,94,94,94,94,95,95,95,95,95,95,95,95,95,95,95,95,95,95,95,95,95,95,95,95,95,95,95,95,95,95,95,95,95,95,95,95,95,95,95,95,95,95,95,95,95,96,96,96,96,96,96,96,96,96,96,96,96,96,96,96,96,96,96,96,96,96,96,96,96,96,96,96,96,96,96,96,96,96,96,97,97,97,97,97,97,97,97,97,98
Fitness 0.0051913, Gen ;0.9152;0.3703;0.7394;0.479;0.1238;0.8338;0.6309;0.2706;0.5351;0.1779;0.4692;0.0312;0.0395;0.6183;0.9811;0.7546;0.1954;0.0637;0.7504;0.286;0.784
,78,78,78,78,79,79,79,79,79,79,79,79,79,79,79,79,79,79,79,79,79,79,79,79,79,79,79,79,79,79,79,79,79,80,80,80,80,80,80,80,80,80,80,80,80,80,80,80,80,80,80,80,80,80,80,80,80,80,80,80,80,80,80,80,80,80,80,80,80,80,80,81,81,81,81,81,81,81,81,81,81,81,81,81,81,81,81,81,81,81,81,81,81,81,81,81,82,82,82,82
Fitness 46.72987, Gen ;0.9152;0.3703;0.7394;0.479;0.1238;0.8338;0.6309;0.2706;0.5351;0.1779;0.4692;0.0312;0.0395;0.6183;0.9811;0.7546;0.1954;0.0637;0.7504;0.286;0.784
,88,88,88,89,89,89,89,89,89,89,89,89,89,89,89,89,89,89,89,89,89,89,89,89,89,89,90,90,90,90,90,90,90,90,90,90,90,90,90,90,90,90,90,90,90,90,90,90,90,90,90,90,90,90,90,90,90,90,91,91,91,91,91,91,91,91,91,91,91,91,91,91,91,91,91,91,91,91,91,91,91,91,91,91,91,91,91,91,91,92,92,92,92,92,92,92,92,92,92,92
Fitness 55.55648, Gen ;0.9152;0.3703;0.7394;0.479;0.1238;0.8338;0.6309;0.2706;0.5351;0.1779;0.4692;0.0312;0.0395;0.6183;0.9811;0.7546;0.1954;0.0637;0.7504;0.286;0.784
,97,97,98,98,98,98,98,98,98,98,98,98,98,98,98,98,98,98,98,98,98,98,98,98,98,98,98,98,98,98,99,99,99,99,99,99,99,99,99,99,99,99,99,99,99,99,99,99,99,99,99,99,99,99,99,99,99,99,99,99,99,99,99,99,99,99,99,100,100,100,100,100,100,100,100,100,100,100,100,100,100,100,100,100,100,100,100,100,100,100,100,100,100,100,100,100,101,101,101,101
Fitness 20.12084, Gen ;0.9152;0.3703;0.7394;0.479;0.1238;0.8338;0.6309;0.2706;0.5351;0.1779;0.4692;0.0312;0.0395;0.6183;0.9811;0.7546;0.1954;0.0637;0.7504;0.286;0.784
,105,105,106,106,106,106,106,106,106,106,106,106,106,106,106,107,107,107,107,107,107,107,107,107,107,107,107,107,107,107,107,107,107,108,108,108,108,108,108,108,108,108,108,108,108,108,108,109,109,109,109,109,109,109,109,109,109,110,110,110,110,110,110,110,110,111,112,112,113,114,115,115,118,120,124,130,131,136,147,149,150,151,151,151,151,152,152,152,152,152,153,153,153,153,153,153,153,153,154,154
Fitness 67.42787, Gen ;0.9152;0.3703;0.7394;0.479;0.1238;0.8338;0.6309;0.2706;0.5351;0.1779;0.4692;0.0312;0.0395;0.6183;0.9811;0.7546;0.1954;0.0637;0.7504;0.286;0.784
,112,112,112,112,112,112,112,112,112,112,112,113,113,113,113,113,113,113,113,113,113,113,113,113,113,113,113,113,113,113,113,114,114,114,114,114,114,114,114,114,114,115,115,115,115,116,116,116,116,116,116,117,117,117,117,117,117,117,117,118,118,118,118,118,118,118,119,119,119,119,119,119,119,119,119,119,119,119,119,119,119,119,120,120,120,120,120,120,120,120,120,121,121,121,121,121,121,122,122,122
Fitness 133.991, Gen ;0.9152;0.3703;0.7394;0.479;0.1238;0.8338;0.6309;0.2706;0.5351;0.1779;0.4692;0.0312;0.0395;0.6183;0.9811;0.7546;0.1954;0.0637;0.7504;0.286;0.784
,131,131,132,132,132,132,132,132,132,132,132,132,132,132,132,133,133,133,133,133,133,133,133,133,133,133,133,133,133,133,133,133,134,134,134,134,134,134,134,134,134,134,134,134,134,134,134,134,134,134,134,134,134,135,135,135,135,135,135,135,135,135,135,135,135,135,135,135,135,135,135,135,135,135,135,135,135,135,135,135,135,135,135,135,135,135,135,135,135,136,136,136,136,136,137,137,137,138,138,138
Fitness 85.53548, Gen ;0.9152;0.3703;0.7394;0.479;0.1238;0.8338;0.6309;0.2706;0.5351;0.1779;0.4692;0.0312;0.0395;0.6183;0.9811;0.7546;0.1954;0.0637;0.7504;0.286;0.784
,93,93,93,93,94,94,94,94,94,94,94,94,94,94,94,94,94,94,94,94,94,94,94,94,94,94,94,94,94,94,95,95,95,95,95,95,95,95,95,95,95,95,95,95,95,95,95,95,95,95,95,95,95,95,95,95,95,95,95,95,95,95,95,95,95,95,95,95,95,96,96,96,96,96,96,96,96,96,96,96,96,96,96,96,96,96,96,96,96,96,96,96,96,96,96,96,96,96,97,97
Fitness 57.34536, Gen ;0.9152;0.3703;0.7394;0.479;0.1238;0.8338;0.6309;0.2706;0.5351;0.1779;0.4692;0.0312;0.0395;0.6183;0.9811;0.7546;0.1954;0.0637;0.7504;0.286;0.784
,102,102,102,102,103,103,103,103,103,103,103,103,103,103,103,103,103,103,103,103,103,103,103,103,103,103,103,103,103,103,103,103,103,103,103,104,104,104,104,104,104,104,104,104,104,104,104,104,104,104,104,104,104,104,104,104,104,104,104,104,104,104,104,104,104,104,104,104,104,104,104,104,104,104,105,105,105,105,105,105,105,105,105,105,105,105,105,105,105,105,105,105,105,105,105,105,105,105,106,106
Fitness 3.135528, Gen ;0.9152;0.3703;0.7394;0.479;0.1238;0.8338;0.6309;0.2706;0.5351;0.1779;0.4692;0.0312;0.0395;0.6183;0.9811;0.7546;0.1954;0.0637;0.7504;0.286;0.784
,96,96,96,96,96,96,96,96,96,96,96,96,96,96,96,96,96,97,97,97,97,97,97,97,97,97,97,97,97,97,97,97,97,97,97,97,97,97,97,97,97,97,97,97,97,97,97,97,97,98,98,98,98,98,98,98,98,98,98,98,98,98,98,98,98,98,98,98,98,98,98,98,98,98,98,98,98,98,98,98,98,98,98,98,98,99,99,99,99,99,99,99,99,99,99,99,99,99,100,100
Fitness 17.94375, Gen ;0.9152;0.3703;0.7394;0.479;0.1238;0.8338;0.6309;0.2706;0.5351;0.1779;0.4692;0.0312;0.0395;0.6183;0.9811;0.7546;0.1954;0.0637;0.7504;0.286;0.784
,94,94,94,94,94,94,94,94,94,95,95,95,95,95,95,95,95,95,95,95,95,95,95,95,95,95,95,95,95,95,95,95,95,95,95,96,96,96,96,96,96,96,96,96,96,96,96,96,96,96,96,96,96,96,96,96,96,96,96,96,96,96,96,96,96,96,96,96,96,96,97,97,97,97,97,97,97,97,97,97,97,97,97,97,97,97,97,98,98,98,98,98,98,98,98,98,99,99,99,101
Fitness 4.591949, Gen ;0.9152;0.3703;0.7394;0.479;0.1238;0.8338;0.6309;0.2706;0.5351;0.1779;0.4692;0.0312;0.0395;0.6183;0.9811;0.7546;0.1954;0.0637;0.7504;0.286;0.784
,103,103,103,103,103,103,103,103,103,103,103,103,103,103,103,103,103,103,103,103,103,103,103,103,103,103,103,103,103,103,103,103,103,103,103,103,104,104,104,104,104,104,104,104,104,104,104,104,104,104,104,104,104,104,104,104,104,104,104,104,104,104,104,104,104,104,104,104,104,104,104,104,104,104,104,104,104,104,104,104,105,105,105,105,105,105,105,105,105,105,105,105,105,105,105,105,105,105,109,151
Fitness 69.44869, Gen ;0.9152;0.3703;0.7394;0.479;0.1238;0.8338;0.6309;0.2706;0.5351;0.1779;0.4692;0.0312;0.0395;0.6183;0.9811;0.7546;0.1954;0.0637;0.7504;0.286;0.784

