	25PopravljenStroembom ovc
	1 AI1 ovcarjev
Fitness 0,001111995, Gen ;0,7268;0,4373;0,502;0,0742;0,2455;0,906;0,2181;0,0575;0,7665;0,741;0,141;0,8215;0,0604;0,515;0,4713;0,1774;0,9402;0,9478;0,1295;0,6984;0,6678

Fitness 0,001368891, Gen ;0,7268;0,4373;0,502;0,0742;0,2455;0,906;0,2181;0,0575;0,7665;0,741;0,141;0,8215;0,0604;0,515;0,4713;0,1774;0,9402;0,9478;0,1295;0,6984;0,6678
,226
Fitness 2,753252, Gen ;0,7268;0,4373;0,502;0,0742;0,2455;0,906;0,2181;0,0575;0,7665;0,741;0,141;0,8215;0,0604;0,515;0,4713;0,1774;0,9402;0,9478;0,1295;0,6984;0,6678

Fitness 0,001431883, Gen ;0,7268;0,4373;0,502;0,0742;0,2455;0,906;0,2181;0,0575;0,7665;0,741;0,141;0,8215;0,0604;0,515;0,4713;0,1774;0,9402;0,9478;0,1295;0,6984;0,6678

Fitness 0,002035733, Gen ;0,7268;0,4373;0,502;0,0742;0,2455;0,906;0,2181;0,0575;0,7665;0,741;0,141;0,8215;0,0604;0,515;0,4713;0,1774;0,9402;0,9478;0,1295;0,6984;0,6678
,98
Fitness 0,001872256, Gen ;0,7268;0,4373;0,502;0,0742;0,2455;0,906;0,2181;0,0575;0,7665;0,741;0,141;0,8215;0,0604;0,515;0,4713;0,1774;0,9402;0,9478;0,1295;0,6984;0,6678
,200
Fitness 0,0008039177, Gen ;0,7268;0,4373;0,502;0,0742;0,2455;0,906;0,2181;0,0575;0,7665;0,741;0,141;0,8215;0,0604;0,515;0,4713;0,1774;0,9402;0,9478;0,1295;0,6984;0,6678

Fitness 0,001686605, Gen ;0,7268;0,4373;0,502;0,0742;0,2455;0,906;0,2181;0,0575;0,7665;0,741;0,141;0,8215;0,0604;0,515;0,4713;0,1774;0,9402;0,9478;0,1295;0,6984;0,6678
,92
Fitness 0,00130456, Gen ;0,7268;0,4373;0,502;0,0742;0,2455;0,906;0,2181;0,0575;0,7665;0,741;0,141;0,8215;0,0604;0,515;0,4713;0,1774;0,9402;0,9478;0,1295;0,6984;0,6678
,216,216
Fitness 0,001394158, Gen ;0,7268;0,4373;0,502;0,0742;0,2455;0,906;0,2181;0,0575;0,7665;0,741;0,141;0,8215;0,0604;0,515;0,4713;0,1774;0,9402;0,9478;0,1295;0,6984;0,6678
,102,102,102,102,102,102,102,102,102,102,102,102,102,102,102,103,103,103,103,103,103,106,182,228,228
Fitness 0,001194532, Gen ;0,7268;0,4373;0,502;0,0742;0,2455;0,906;0,2181;0,0575;0,7665;0,741;0,141;0,8215;0,0604;0,515;0,4713;0,1774;0,9402;0,9478;0,1295;0,6984;0,6678
,120,218,218,218,218,219,219,219,219,219,220,220,220,220,221,221,221,221,222,222,223
Fitness 0,001400937, Gen ;0,7268;0,4373;0,502;0,0742;0,2455;0,906;0,2181;0,0575;0,7665;0,741;0,141;0,8215;0,0604;0,515;0,4713;0,1774;0,9402;0,9478;0,1295;0,6984;0,6678
,185,185,186,186,186,186,186,186,186,186,186,187,187,187,188,195,196,197,239
Fitness 0,2008354, Gen ;0,7268;0,4373;0,502;0,0742;0,2455;0,906;0,2181;0,0575;0,7665;0,741;0,141;0,8215;0,0604;0,515;0,4713;0,1774;0,9402;0,9478;0,1295;0,6984;0,6678
,123,179
Fitness 0,001771751, Gen ;0,7268;0,4373;0,502;0,0742;0,2455;0,906;0,2181;0,0575;0,7665;0,741;0,141;0,8215;0,0604;0,515;0,4713;0,1774;0,9402;0,9478;0,1295;0,6984;0,6678
,197,197,199
Fitness 0,002221151, Gen ;0,7268;0,4373;0,502;0,0742;0,2455;0,906;0,2181;0,0575;0,7665;0,741;0,141;0,8215;0,0604;0,515;0,4713;0,1774;0,9402;0,9478;0,1295;0,6984;0,6678

Fitness 0,001420943, Gen ;0,7268;0,4373;0,502;0,0742;0,2455;0,906;0,2181;0,0575;0,7665;0,741;0,141;0,8215;0,0604;0,515;0,4713;0,1774;0,9402;0,9478;0,1295;0,6984;0,6678
,219
Fitness 0,001291359, Gen ;0,7268;0,4373;0,502;0,0742;0,2455;0,906;0,2181;0,0575;0,7665;0,741;0,141;0,8215;0,0604;0,515;0,4713;0,1774;0,9402;0,9478;0,1295;0,6984;0,6678
,228,230
Fitness 0,001194057, Gen ;0,7268;0,4373;0,502;0,0742;0,2455;0,906;0,2181;0,0575;0,7665;0,741;0,141;0,8215;0,0604;0,515;0,4713;0,1774;0,9402;0,9478;0,1295;0,6984;0,6678

Fitness 0,001630993, Gen ;0,7268;0,4373;0,502;0,0742;0,2455;0,906;0,2181;0,0575;0,7665;0,741;0,141;0,8215;0,0604;0,515;0,4713;0,1774;0,9402;0,9478;0,1295;0,6984;0,6678
,208,208,208,208,208,208,208,208,208,208,208,209,209,209,209,209,209,209,209,209,210,210
Fitness 0,001257513, Gen ;0,7268;0,4373;0,502;0,0742;0,2455;0,906;0,2181;0,0575;0,7665;0,741;0,141;0,8215;0,0604;0,515;0,4713;0,1774;0,9402;0,9478;0,1295;0,6984;0,6678

Fitness 0,001081269, Gen ;0,7268;0,4373;0,502;0,0742;0,2455;0,906;0,2181;0,0575;0,7665;0,741;0,141;0,8215;0,0604;0,515;0,4713;0,1774;0,9402;0,9478;0,1295;0,6984;0,6678
,170
Fitness 0,001685836, Gen ;0,7268;0,4373;0,502;0,0742;0,2455;0,906;0,2181;0,0575;0,7665;0,741;0,141;0,8215;0,0604;0,515;0,4713;0,1774;0,9402;0,9478;0,1295;0,6984;0,6678
,108
Fitness 0,001860182, Gen ;0,7268;0,4373;0,502;0,0742;0,2455;0,906;0,2181;0,0575;0,7665;0,741;0,141;0,8215;0,0604;0,515;0,4713;0,1774;0,9402;0,9478;0,1295;0,6984;0,6678

Fitness 0,00189659, Gen ;0,7268;0,4373;0,502;0,0742;0,2455;0,906;0,2181;0,0575;0,7665;0,741;0,141;0,8215;0,0604;0,515;0,4713;0,1774;0,9402;0,9478;0,1295;0,6984;0,6678

Fitness 0,001266517, Gen ;0,7268;0,4373;0,502;0,0742;0,2455;0,906;0,2181;0,0575;0,7665;0,741;0,141;0,8215;0,0604;0,515;0,4713;0,1774;0,9402;0,9478;0,1295;0,6984;0,6678
,107,199,199,200,200,201,201,201
Fitness 0,001449753, Gen ;0,7268;0,4373;0,502;0,0742;0,2455;0,906;0,2181;0,0575;0,7665;0,741;0,141;0,8215;0,0604;0,515;0,4713;0,1774;0,9402;0,9478;0,1295;0,6984;0,6678

Fitness 0,00109674, Gen ;0,7268;0,4373;0,502;0,0742;0,2455;0,906;0,2181;0,0575;0,7665;0,741;0,141;0,8215;0,0604;0,515;0,4713;0,1774;0,9402;0,9478;0,1295;0,6984;0,6678

Fitness 0,001411657, Gen ;0,7268;0,4373;0,502;0,0742;0,2455;0,906;0,2181;0,0575;0,7665;0,741;0,141;0,8215;0,0604;0,515;0,4713;0,1774;0,9402;0,9478;0,1295;0,6984;0,6678

Fitness 0,0007806114, Gen ;0,7268;0,4373;0,502;0,0742;0,2455;0,906;0,2181;0,0575;0,7665;0,741;0,141;0,8215;0,0604;0,515;0,4713;0,1774;0,9402;0,9478;0,1295;0,6984;0,6678
,103
Fitness 0,001339538, Gen ;0,7268;0,4373;0,502;0,0742;0,2455;0,906;0,2181;0,0575;0,7665;0,741;0,141;0,8215;0,0604;0,515;0,4713;0,1774;0,9402;0,9478;0,1295;0,6984;0,6678
,144,144,146,185,185,185,185,185,185,185,185,185,186,186,186,186,186,188
Fitness 0,001715413, Gen ;0,7268;0,4373;0,502;0,0742;0,2455;0,906;0,2181;0,0575;0,7665;0,741;0,141;0,8215;0,0604;0,515;0,4713;0,1774;0,9402;0,9478;0,1295;0,6984;0,6678
,115,143,188
Fitness 0,0009620952, Gen ;0,7268;0,4373;0,502;0,0742;0,2455;0,906;0,2181;0,0575;0,7665;0,741;0,141;0,8215;0,0604;0,515;0,4713;0,1774;0,9402;0,9478;0,1295;0,6984;0,6678

Fitness 0,001231187, Gen ;0,7268;0,4373;0,502;0,0742;0,2455;0,906;0,2181;0,0575;0,7665;0,741;0,141;0,8215;0,0604;0,515;0,4713;0,1774;0,9402;0,9478;0,1295;0,6984;0,6678
,196,202,204,210,213,214,222
Fitness 0,001610023, Gen ;0,7268;0,4373;0,502;0,0742;0,2455;0,906;0,2181;0,0575;0,7665;0,741;0,141;0,8215;0,0604;0,515;0,4713;0,1774;0,9402;0,9478;0,1295;0,6984;0,6678
,108
Fitness 0,001099115, Gen ;0,7268;0,4373;0,502;0,0742;0,2455;0,906;0,2181;0,0575;0,7665;0,741;0,141;0,8215;0,0604;0,515;0,4713;0,1774;0,9402;0,9478;0,1295;0,6984;0,6678
,128,129,130
Fitness 0,001804172, Gen ;0,7268;0,4373;0,502;0,0742;0,2455;0,906;0,2181;0,0575;0,7665;0,741;0,141;0,8215;0,0604;0,515;0,4713;0,1774;0,9402;0,9478;0,1295;0,6984;0,6678
,187
Fitness 0,001506228, Gen ;0,7268;0,4373;0,502;0,0742;0,2455;0,906;0,2181;0,0575;0,7665;0,741;0,141;0,8215;0,0604;0,515;0,4713;0,1774;0,9402;0,9478;0,1295;0,6984;0,6678

Fitness 0,001637967, Gen ;0,7268;0,4373;0,502;0,0742;0,2455;0,906;0,2181;0,0575;0,7665;0,741;0,141;0,8215;0,0604;0,515;0,4713;0,1774;0,9402;0,9478;0,1295;0,6984;0,6678
,182,182,183,183,183,183,184,184,184,184,185,185,185,186,186
Fitness 0,001493192, Gen ;0,7268;0,4373;0,502;0,0742;0,2455;0,906;0,2181;0,0575;0,7665;0,741;0,141;0,8215;0,0604;0,515;0,4713;0,1774;0,9402;0,9478;0,1295;0,6984;0,6678
,96
Fitness 0,001613514, Gen ;0,7268;0,4373;0,502;0,0742;0,2455;0,906;0,2181;0,0575;0,7665;0,741;0,141;0,8215;0,0604;0,515;0,4713;0,1774;0,9402;0,9478;0,1295;0,6984;0,6678
,131,190,190,200,201,202,203
Fitness 0,001947461, Gen ;0,7268;0,4373;0,502;0,0742;0,2455;0,906;0,2181;0,0575;0,7665;0,741;0,141;0,8215;0,0604;0,515;0,4713;0,1774;0,9402;0,9478;0,1295;0,6984;0,6678
,235,236,236,236,236,236,236,237,237,238,238,238
Fitness 0,001383685, Gen ;0,7268;0,4373;0,502;0,0742;0,2455;0,906;0,2181;0,0575;0,7665;0,741;0,141;0,8215;0,0604;0,515;0,4713;0,1774;0,9402;0,9478;0,1295;0,6984;0,6678

Fitness 0,001786521, Gen ;0,7268;0,4373;0,502;0,0742;0,2455;0,906;0,2181;0,0575;0,7665;0,741;0,141;0,8215;0,0604;0,515;0,4713;0,1774;0,9402;0,9478;0,1295;0,6984;0,6678
,239,239,239,239,239,239,239
Fitness 0,001862908, Gen ;0,7268;0,4373;0,502;0,0742;0,2455;0,906;0,2181;0,0575;0,7665;0,741;0,141;0,8215;0,0604;0,515;0,4713;0,1774;0,9402;0,9478;0,1295;0,6984;0,6678
,192,193,193,194,194,194,196,208,208,208,209,209,209,210,216,216,216,217,217,217,219,219,220,221,223
Fitness 0,001566904, Gen ;0,7268;0,4373;0,502;0,0742;0,2455;0,906;0,2181;0,0575;0,7665;0,741;0,141;0,8215;0,0604;0,515;0,4713;0,1774;0,9402;0,9478;0,1295;0,6984;0,6678

Fitness 0,002204769, Gen ;0,7268;0,4373;0,502;0,0742;0,2455;0,906;0,2181;0,0575;0,7665;0,741;0,141;0,8215;0,0604;0,515;0,4713;0,1774;0,9402;0,9478;0,1295;0,6984;0,6678
,150,150,150,150,150,151,151,151,151,151,151,151,151,151,151,151,151,151,151,151,151,151,152
Fitness 0,1251086, Gen ;0,7268;0,4373;0,502;0,0742;0,2455;0,906;0,2181;0,0575;0,7665;0,741;0,141;0,8215;0,0604;0,515;0,4713;0,1774;0,9402;0,9478;0,1295;0,6984;0,6678
,103
Fitness 0,001031794, Gen ;0,7268;0,4373;0,502;0,0742;0,2455;0,906;0,2181;0,0575;0,7665;0,741;0,141;0,8215;0,0604;0,515;0,4713;0,1774;0,9402;0,9478;0,1295;0,6984;0,6678
,222
Fitness 0,00208906, Gen ;0,7268;0,4373;0,502;0,0742;0,2455;0,906;0,2181;0,0575;0,7665;0,741;0,141;0,8215;0,0604;0,515;0,4713;0,1774;0,9402;0,9478;0,1295;0,6984;0,6678

Fitness 0,0007484847, Gen ;0,7268;0,4373;0,502;0,0742;0,2455;0,906;0,2181;0,0575;0,7665;0,741;0,141;0,8215;0,0604;0,515;0,4713;0,1774;0,9402;0,9478;0,1295;0,6984;0,6678

Fitness 0,002129243, Gen ;0,7268;0,4373;0,502;0,0742;0,2455;0,906;0,2181;0,0575;0,7665;0,741;0,141;0,8215;0,0604;0,515;0,4713;0,1774;0,9402;0,9478;0,1295;0,6984;0,6678
,201
Fitness 0,0009854733, Gen ;0,7268;0,4373;0,502;0,0742;0,2455;0,906;0,2181;0,0575;0,7665;0,741;0,141;0,8215;0,0604;0,515;0,4713;0,1774;0,9402;0,9478;0,1295;0,6984;0,6678

Fitness 0,001699935, Gen ;0,7268;0,4373;0,502;0,0742;0,2455;0,906;0,2181;0,0575;0,7665;0,741;0,141;0,8215;0,0604;0,515;0,4713;0,1774;0,9402;0,9478;0,1295;0,6984;0,6678

Fitness 0,001622838, Gen ;0,7268;0,4373;0,502;0,0742;0,2455;0,906;0,2181;0,0575;0,7665;0,741;0,141;0,8215;0,0604;0,515;0,4713;0,1774;0,9402;0,9478;0,1295;0,6984;0,6678

Fitness 0,001384334, Gen ;0,7268;0,4373;0,502;0,0742;0,2455;0,906;0,2181;0,0575;0,7665;0,741;0,141;0,8215;0,0604;0,515;0,4713;0,1774;0,9402;0,9478;0,1295;0,6984;0,6678
,138,138,138,139,139,139,139,139,139,140,140,140,140,140,140,153,154,154,154,155,155,156,201,201,202
Fitness 0,0008741862, Gen ;0,7268;0,4373;0,502;0,0742;0,2455;0,906;0,2181;0,0575;0,7665;0,741;0,141;0,8215;0,0604;0,515;0,4713;0,1774;0,9402;0,9478;0,1295;0,6984;0,6678

Fitness 0,001005073, Gen ;0,7268;0,4373;0,502;0,0742;0,2455;0,906;0,2181;0,0575;0,7665;0,741;0,141;0,8215;0,0604;0,515;0,4713;0,1774;0,9402;0,9478;0,1295;0,6984;0,6678
,195
Fitness 1,349069, Gen ;0,7268;0,4373;0,502;0,0742;0,2455;0,906;0,2181;0,0575;0,7665;0,741;0,141;0,8215;0,0604;0,515;0,4713;0,1774;0,9402;0,9478;0,1295;0,6984;0,6678

Fitness 0,001192398, Gen ;0,7268;0,4373;0,502;0,0742;0,2455;0,906;0,2181;0,0575;0,7665;0,741;0,141;0,8215;0,0604;0,515;0,4713;0,1774;0,9402;0,9478;0,1295;0,6984;0,6678
,105
Fitness 0,001202899, Gen ;0,7268;0,4373;0,502;0,0742;0,2455;0,906;0,2181;0,0575;0,7665;0,741;0,141;0,8215;0,0604;0,515;0,4713;0,1774;0,9402;0,9478;0,1295;0,6984;0,6678
,108
Fitness 0,001213814, Gen ;0,7268;0,4373;0,502;0,0742;0,2455;0,906;0,2181;0,0575;0,7665;0,741;0,141;0,8215;0,0604;0,515;0,4713;0,1774;0,9402;0,9478;0,1295;0,6984;0,6678

Fitness 0,001509556, Gen ;0,7268;0,4373;0,502;0,0742;0,2455;0,906;0,2181;0,0575;0,7665;0,741;0,141;0,8215;0,0604;0,515;0,4713;0,1774;0,9402;0,9478;0,1295;0,6984;0,6678

Fitness 0,001029332, Gen ;0,7268;0,4373;0,502;0,0742;0,2455;0,906;0,2181;0,0575;0,7665;0,741;0,141;0,8215;0,0604;0,515;0,4713;0,1774;0,9402;0,9478;0,1295;0,6984;0,6678
,124
Fitness 0,001219289, Gen ;0,7268;0,4373;0,502;0,0742;0,2455;0,906;0,2181;0,0575;0,7665;0,741;0,141;0,8215;0,0604;0,515;0,4713;0,1774;0,9402;0,9478;0,1295;0,6984;0,6678

Fitness 0,001356904, Gen ;0,7268;0,4373;0,502;0,0742;0,2455;0,906;0,2181;0,0575;0,7665;0,741;0,141;0,8215;0,0604;0,515;0,4713;0,1774;0,9402;0,9478;0,1295;0,6984;0,6678
,214,214,215,215,215,215,215,215,215,216,216,216,216,218,218,224
Fitness 0,001922899, Gen ;0,7268;0,4373;0,502;0,0742;0,2455;0,906;0,2181;0,0575;0,7665;0,741;0,141;0,8215;0,0604;0,515;0,4713;0,1774;0,9402;0,9478;0,1295;0,6984;0,6678

Fitness 0,0007862966, Gen ;0,7268;0,4373;0,502;0,0742;0,2455;0,906;0,2181;0,0575;0,7665;0,741;0,141;0,8215;0,0604;0,515;0,4713;0,1774;0,9402;0,9478;0,1295;0,6984;0,6678
,227,227,227,227,227,228,228,228,228,228,229,229,229,237,237,238,238,238,238,239,239
Fitness 0,001273612, Gen ;0,7268;0,4373;0,502;0,0742;0,2455;0,906;0,2181;0,0575;0,7665;0,741;0,141;0,8215;0,0604;0,515;0,4713;0,1774;0,9402;0,9478;0,1295;0,6984;0,6678

Fitness 0,001361422, Gen ;0,7268;0,4373;0,502;0,0742;0,2455;0,906;0,2181;0,0575;0,7665;0,741;0,141;0,8215;0,0604;0,515;0,4713;0,1774;0,9402;0,9478;0,1295;0,6984;0,6678
,229
Fitness 0,001976311, Gen ;0,7268;0,4373;0,502;0,0742;0,2455;0,906;0,2181;0,0575;0,7665;0,741;0,141;0,8215;0,0604;0,515;0,4713;0,1774;0,9402;0,9478;0,1295;0,6984;0,6678

Fitness 0,001433265, Gen ;0,7268;0,4373;0,502;0,0742;0,2455;0,906;0,2181;0,0575;0,7665;0,741;0,141;0,8215;0,0604;0,515;0,4713;0,1774;0,9402;0,9478;0,1295;0,6984;0,6678

Fitness 0,001423217, Gen ;0,7268;0,4373;0,502;0,0742;0,2455;0,906;0,2181;0,0575;0,7665;0,741;0,141;0,8215;0,0604;0,515;0,4713;0,1774;0,9402;0,9478;0,1295;0,6984;0,6678
,225
Fitness 0,001169727, Gen ;0,7268;0,4373;0,502;0,0742;0,2455;0,906;0,2181;0,0575;0,7665;0,741;0,141;0,8215;0,0604;0,515;0,4713;0,1774;0,9402;0,9478;0,1295;0,6984;0,6678
,102
Fitness 0,0007981657, Gen ;0,7268;0,4373;0,502;0,0742;0,2455;0,906;0,2181;0,0575;0,7665;0,741;0,141;0,8215;0,0604;0,515;0,4713;0,1774;0,9402;0,9478;0,1295;0,6984;0,6678
,226,228,229,229,229,229,229,229,229,229,229,229,230,230,230,230,230,230,230,231,231,231,231,231,232
Fitness 0,001986362, Gen ;0,7268;0,4373;0,502;0,0742;0,2455;0,906;0,2181;0,0575;0,7665;0,741;0,141;0,8215;0,0604;0,515;0,4713;0,1774;0,9402;0,9478;0,1295;0,6984;0,6678

Fitness 0,001322613, Gen ;0,7268;0,4373;0,502;0,0742;0,2455;0,906;0,2181;0,0575;0,7665;0,741;0,141;0,8215;0,0604;0,515;0,4713;0,1774;0,9402;0,9478;0,1295;0,6984;0,6678
,150,151
Fitness 0,0445539, Gen ;0,7268;0,4373;0,502;0,0742;0,2455;0,906;0,2181;0,0575;0,7665;0,741;0,141;0,8215;0,0604;0,515;0,4713;0,1774;0,9402;0,9478;0,1295;0,6984;0,6678
,217,228,228,228,228,228,229,229,229,229,229,229,229,229,229,229,229,229,230,230,230,230,230,230,230
Fitness 0,001325541, Gen ;0,7268;0,4373;0,502;0,0742;0,2455;0,906;0,2181;0,0575;0,7665;0,741;0,141;0,8215;0,0604;0,515;0,4713;0,1774;0,9402;0,9478;0,1295;0,6984;0,6678
,165
Fitness 0,001197125, Gen ;0,7268;0,4373;0,502;0,0742;0,2455;0,906;0,2181;0,0575;0,7665;0,741;0,141;0,8215;0,0604;0,515;0,4713;0,1774;0,9402;0,9478;0,1295;0,6984;0,6678
,201,201,201,201,202,202,202,202,202,202,203,203,203,203,203,213,213,213,214,214,215,216
Fitness 0,04769771, Gen ;0,7268;0,4373;0,502;0,0742;0,2455;0,906;0,2181;0,0575;0,7665;0,741;0,141;0,8215;0,0604;0,515;0,4713;0,1774;0,9402;0,9478;0,1295;0,6984;0,6678
,101,157,157,158,158,159,161,161,164,164
Fitness 0,000834154, Gen ;0,7268;0,4373;0,502;0,0742;0,2455;0,906;0,2181;0,0575;0,7665;0,741;0,141;0,8215;0,0604;0,515;0,4713;0,1774;0,9402;0,9478;0,1295;0,6984;0,6678

Fitness 0,001166663, Gen ;0,7268;0,4373;0,502;0,0742;0,2455;0,906;0,2181;0,0575;0,7665;0,741;0,141;0,8215;0,0604;0,515;0,4713;0,1774;0,9402;0,9478;0,1295;0,6984;0,6678
,135,135,135,135,135,135,135,135,135,135,135,135,135,136,136,136,136,136,136,136,137
Fitness 0,001363711, Gen ;0,7268;0,4373;0,502;0,0742;0,2455;0,906;0,2181;0,0575;0,7665;0,741;0,141;0,8215;0,0604;0,515;0,4713;0,1774;0,9402;0,9478;0,1295;0,6984;0,6678
,124,149,149,151,210,214,233,238
Fitness 0,001187071, Gen ;0,7268;0,4373;0,502;0,0742;0,2455;0,906;0,2181;0,0575;0,7665;0,741;0,141;0,8215;0,0604;0,515;0,4713;0,1774;0,9402;0,9478;0,1295;0,6984;0,6678

Fitness 0,001392865, Gen ;0,7268;0,4373;0,502;0,0742;0,2455;0,906;0,2181;0,0575;0,7665;0,741;0,141;0,8215;0,0604;0,515;0,4713;0,1774;0,9402;0,9478;0,1295;0,6984;0,6678

Fitness 0,002213563, Gen ;0,7268;0,4373;0,502;0,0742;0,2455;0,906;0,2181;0,0575;0,7665;0,741;0,141;0,8215;0,0604;0,515;0,4713;0,1774;0,9402;0,9478;0,1295;0,6984;0,6678

Fitness 0,001232825, Gen ;0,7268;0,4373;0,502;0,0742;0,2455;0,906;0,2181;0,0575;0,7665;0,741;0,141;0,8215;0,0604;0,515;0,4713;0,1774;0,9402;0,9478;0,1295;0,6984;0,6678

Fitness 0,00211548, Gen ;0,7268;0,4373;0,502;0,0742;0,2455;0,906;0,2181;0,0575;0,7665;0,741;0,141;0,8215;0,0604;0,515;0,4713;0,1774;0,9402;0,9478;0,1295;0,6984;0,6678

Fitness 0,001820351, Gen ;0,7268;0,4373;0,502;0,0742;0,2455;0,906;0,2181;0,0575;0,7665;0,741;0,141;0,8215;0,0604;0,515;0,4713;0,1774;0,9402;0,9478;0,1295;0,6984;0,6678
,233,233,233,234,234,234,234,234,234,234,234,235,235,235,235,235,235,236,236,236,236,236,236,236,236
Fitness 0,00185445, Gen ;0,7268;0,4373;0,502;0,0742;0,2455;0,906;0,2181;0,0575;0,7665;0,741;0,141;0,8215;0,0604;0,515;0,4713;0,1774;0,9402;0,9478;0,1295;0,6984;0,6678
,147,148,148,148,149,149,149
Fitness 0,0009503184, Gen ;0,7268;0,4373;0,502;0,0742;0,2455;0,906;0,2181;0,0575;0,7665;0,741;0,141;0,8215;0,0604;0,515;0,4713;0,1774;0,9402;0,9478;0,1295;0,6984;0,6678

Fitness 0,0389163, Gen ;0,7268;0,4373;0,502;0,0742;0,2455;0,906;0,2181;0,0575;0,7665;0,741;0,141;0,8215;0,0604;0,515;0,4713;0,1774;0,9402;0,9478;0,1295;0,6984;0,6678
,163,163,163,164,164,164,164,164,164,164,164,164,164,164,164,164,164,164,165,166
Fitness 0,00171362, Gen ;0,7268;0,4373;0,502;0,0742;0,2455;0,906;0,2181;0,0575;0,7665;0,741;0,141;0,8215;0,0604;0,515;0,4713;0,1774;0,9402;0,9478;0,1295;0,6984;0,6678

Fitness 0,001341996, Gen ;0,7268;0,4373;0,502;0,0742;0,2455;0,906;0,2181;0,0575;0,7665;0,741;0,141;0,8215;0,0604;0,515;0,4713;0,1774;0,9402;0,9478;0,1295;0,6984;0,6678

Fitness 0,001474771, Gen ;0,7268;0,4373;0,502;0,0742;0,2455;0,906;0,2181;0,0575;0,7665;0,741;0,141;0,8215;0,0604;0,515;0,4713;0,1774;0,9402;0,9478;0,1295;0,6984;0,6678

Fitness 0,001393464, Gen ;0,7268;0,4373;0,502;0,0742;0,2455;0,906;0,2181;0,0575;0,7665;0,741;0,141;0,8215;0,0604;0,515;0,4713;0,1774;0,9402;0,9478;0,1295;0,6984;0,6678

Fitness 0,0008250657, Gen ;0,7268;0,4373;0,502;0,0742;0,2455;0,906;0,2181;0,0575;0,7665;0,741;0,141;0,8215;0,0604;0,515;0,4713;0,1774;0,9402;0,9478;0,1295;0,6984;0,6678

Fitness 0,0009299178, Gen ;0,7268;0,4373;0,502;0,0742;0,2455;0,906;0,2181;0,0575;0,7665;0,741;0,141;0,8215;0,0604;0,515;0,4713;0,1774;0,9402;0,9478;0,1295;0,6984;0,6678

Fitness 0,001539374, Gen ;0,7268;0,4373;0,502;0,0742;0,2455;0,906;0,2181;0,0575;0,7665;0,741;0,141;0,8215;0,0604;0,515;0,4713;0,1774;0,9402;0,9478;0,1295;0,6984;0,6678

Fitness 0,0008908588, Gen ;0,7268;0,4373;0,502;0,0742;0,2455;0,906;0,2181;0,0575;0,7665;0,741;0,141;0,8215;0,0604;0,515;0,4713;0,1774;0,9402;0,9478;0,1295;0,6984;0,6678

