	50PopravljenStroembom ovc
	4 AI1 ovcarjev
Fitness 41,42374, Gen ;0,2644;0,5206;0,4062;0,0125;0,0538;0,1998;0,1003;0,6464;0,7933;0,6043;0,6886;0,605;0,1349;0,1687;0,9219;0,7097;0,7238;0,3772;0,3552;0,8143;0,1487
,115,115,115,115,115,115,115,115,115,115,115,116,116,116,116,116,116,116,116,116,116,116,116,116,116,116,116,116,116,116,117,117,117,117,117,117,117,117,117,117,117,117,118,118,119,119,122,122,122,127
Fitness 47,45529, Gen ;0,2644;0,5206;0,4062;0,0125;0,0538;0,1998;0,1003;0,6464;0,7933;0,6043;0,6886;0,605;0,1349;0,1687;0,9219;0,7097;0,7238;0,3772;0,3552;0,8143;0,1487
,112,112,112,112,112,112,112,112,112,113,113,113,113,113,113,113,113,113,113,113,113,113,113,113,113,113,113,113,114,114,114,114,114,114,114,114,114,114,114,115,153,159,159,159,160,160,160,161,163,163
Fitness 49,03983, Gen ;0,2644;0,5206;0,4062;0,0125;0,0538;0,1998;0,1003;0,6464;0,7933;0,6043;0,6886;0,605;0,1349;0,1687;0,9219;0,7097;0,7238;0,3772;0,3552;0,8143;0,1487
,70,70,70,70,70,70,70,70,70,70,70,70,70,70,71,71,71,71,71,71,71,71,71,71,71,71,71,71,71,71,71,71,71,72,72,72,72,72,72,72,72,73,73,74,74,74,75,83,84,84
Fitness 6,17923, Gen ;0,2644;0,5206;0,4062;0,0125;0,0538;0,1998;0,1003;0,6464;0,7933;0,6043;0,6886;0,605;0,1349;0,1687;0,9219;0,7097;0,7238;0,3772;0,3552;0,8143;0,1487
,60,60,60,60,60,60,61,61,61,61,61,61,61,61,61,61,61,61,61,61,61,61,61,61,61,61,62,62,62,62,62,62,62,62,62,62,62,62,62,63,63,63,63,63,64,64,66,67,67,68
Fitness 0,6026415, Gen ;0,2644;0,5206;0,4062;0,0125;0,0538;0,1998;0,1003;0,6464;0,7933;0,6043;0,6886;0,605;0,1349;0,1687;0,9219;0,7097;0,7238;0,3772;0,3552;0,8143;0,1487
,64,64,64,64,64,64,64,64,64,65,65,65,65,65,65,65,65,65,65,65,65,65,65,65,65,65,65,65,65,65,65,66,66,66,66,66,66,66,66,66,66,67,69,69,69,69,74,74,75,76
Fitness 35,60436, Gen ;0,2644;0,5206;0,4062;0,0125;0,0538;0,1998;0,1003;0,6464;0,7933;0,6043;0,6886;0,605;0,1349;0,1687;0,9219;0,7097;0,7238;0,3772;0,3552;0,8143;0,1487
,60,60,60,60,60,60,60,60,60,60,60,60,60,60,60,60,60,60,61,61,61,61,61,61,61,61,61,62,62,62,62,63,63,63,63,63,63,63,63,63,67,68,68,68,69,69,71,72,72,73
Fitness 53,15723, Gen ;0,2644;0,5206;0,4062;0,0125;0,0538;0,1998;0,1003;0,6464;0,7933;0,6043;0,6886;0,605;0,1349;0,1687;0,9219;0,7097;0,7238;0,3772;0,3552;0,8143;0,1487
,56,56,56,56,56,56,56,57,57,57,57,57,57,57,57,57,57,57,57,57,58,58,58,58,58,58,58,58,58,58,58,58,58,58,58,58,58,58,59,59,59,59,59,59,59,59,59,59,61,87
Fitness 43,93708, Gen ;0,2644;0,5206;0,4062;0,0125;0,0538;0,1998;0,1003;0,6464;0,7933;0,6043;0,6886;0,605;0,1349;0,1687;0,9219;0,7097;0,7238;0,3772;0,3552;0,8143;0,1487
,92,92,92,92,92,92,92,92,92,92,92,92,92,92,92,92,93,93,93,93,93,93,93,93,93,93,93,93,93,93,93,93,93,93,94,94,94,94,94,94,94,94,94,95,95,95,95,95,96,100
Fitness 47,79574, Gen ;0,2644;0,5206;0,4062;0,0125;0,0538;0,1998;0,1003;0,6464;0,7933;0,6043;0,6886;0,605;0,1349;0,1687;0,9219;0,7097;0,7238;0,3772;0,3552;0,8143;0,1487
,59,59,59,59,59,59,59,59,59,59,59,59,59,59,60,60,60,60,60,60,60,60,60,60,60,60,60,60,60,60,60,60,61,61,61,61,61,61,61,61,61,61,61,61,62,62,63,63,63,63
Fitness 37,55569, Gen ;0,2644;0,5206;0,4062;0,0125;0,0538;0,1998;0,1003;0,6464;0,7933;0,6043;0,6886;0,605;0,1349;0,1687;0,9219;0,7097;0,7238;0,3772;0,3552;0,8143;0,1487
,51,51,51,51,51,51,51,51,51,51,51,51,51,52,52,52,52,52,52,52,52,52,52,52,52,52,52,52,52,52,52,52,53,53,53,53,53,53,53,53,54,54,55,55,56,65,66,70,75,89
Fitness 19,58962, Gen ;0,2644;0,5206;0,4062;0,0125;0,0538;0,1998;0,1003;0,6464;0,7933;0,6043;0,6886;0,605;0,1349;0,1687;0,9219;0,7097;0,7238;0,3772;0,3552;0,8143;0,1487
,76,76,76,76,76,76,76,77,77,77,77,77,77,77,77,77,77,77,77,78,78,78,78,78,78,78,78,78,78,78,78,78,78,79,79,79,79,91,91,91,91,91,91,91,92,92,93,94,94,95
Fitness 57,82796, Gen ;0,2644;0,5206;0,4062;0,0125;0,0538;0,1998;0,1003;0,6464;0,7933;0,6043;0,6886;0,605;0,1349;0,1687;0,9219;0,7097;0,7238;0,3772;0,3552;0,8143;0,1487
,62,62,62,62,62,62,62,63,63,63,63,63,63,63,63,63,63,63,63,63,63,63,63,63,63,63,63,63,64,64,64,64,64,64,64,64,64,64,64,64,64,64,64,64,64,65,65,65,65,65
Fitness 36,70436, Gen ;0,2644;0,5206;0,4062;0,0125;0,0538;0,1998;0,1003;0,6464;0,7933;0,6043;0,6886;0,605;0,1349;0,1687;0,9219;0,7097;0,7238;0,3772;0,3552;0,8143;0,1487
,60,60,60,60,61,61,61,61,61,61,61,61,61,61,61,61,61,61,61,61,61,61,62,62,62,62,62,62,62,62,62,62,62,62,62,62,62,62,62,62,63,64,64,64,64,65,65,65,65,65
Fitness 25,63884, Gen ;0,2644;0,5206;0,4062;0,0125;0,0538;0,1998;0,1003;0,6464;0,7933;0,6043;0,6886;0,605;0,1349;0,1687;0,9219;0,7097;0,7238;0,3772;0,3552;0,8143;0,1487
,60,61,61,61,61,61,61,61,61,61,61,61,61,61,61,61,61,61,61,61,61,61,61,61,61,62,62,62,62,62,62,62,62,62,62,62,62,62,63,63,63,63,63,63,63,63,64,65,95,95
Fitness 55,02673, Gen ;0,2644;0,5206;0,4062;0,0125;0,0538;0,1998;0,1003;0,6464;0,7933;0,6043;0,6886;0,605;0,1349;0,1687;0,9219;0,7097;0,7238;0,3772;0,3552;0,8143;0,1487
,66,66,66,66,66,66,66,66,66,66,66,66,66,66,66,66,66,66,67,67,67,67,67,67,67,67,67,67,67,67,67,67,68,68,68,68,68,68,68,68,68,68,68,69,69,69,70,71,71,113
Fitness 55,33693, Gen ;0,2644;0,5206;0,4062;0,0125;0,0538;0,1998;0,1003;0,6464;0,7933;0,6043;0,6886;0,605;0,1349;0,1687;0,9219;0,7097;0,7238;0,3772;0,3552;0,8143;0,1487
,75,75,75,75,76,76,76,77,77,77,78,79,80,81,82,86,86,86,86,86,86,86,86,86,87,87,87,87,87,87,87,87,87,87,87,87,88,88,88,88,88,88,88,88,88,88,89,90,90,91
Fitness 30,02982, Gen ;0,2644;0,5206;0,4062;0,0125;0,0538;0,1998;0,1003;0,6464;0,7933;0,6043;0,6886;0,605;0,1349;0,1687;0,9219;0,7097;0,7238;0,3772;0,3552;0,8143;0,1487
,71,71,71,71,71,71,71,71,71,72,72,72,72,72,72,72,72,72,72,72,72,72,73,73,73,73,73,73,73,73,73,73,73,73,73,73,74,74,74,74,74,74,74,74,74,75,75,78,78,79
Fitness 17,93894, Gen ;0,2644;0,5206;0,4062;0,0125;0,0538;0,1998;0,1003;0,6464;0,7933;0,6043;0,6886;0,605;0,1349;0,1687;0,9219;0,7097;0,7238;0,3772;0,3552;0,8143;0,1487
,54,54,54,54,54,54,55,55,55,55,55,55,55,55,55,55,55,55,55,55,55,55,55,55,55,56,56,56,56,56,56,56,56,56,56,57,57,57,57,57,57,57,58,58,60,61,61,62,62,67
Fitness 26,94309, Gen ;0,2644;0,5206;0,4062;0,0125;0,0538;0,1998;0,1003;0,6464;0,7933;0,6043;0,6886;0,605;0,1349;0,1687;0,9219;0,7097;0,7238;0,3772;0,3552;0,8143;0,1487
,60,60,60,60,61,61,61,61,62,62,62,62,62,62,62,63,63,64,64,64,64,64,64,64,64,65,65,65,65,65,65,65,65,65,65,66,66,66,66,66,66,66,66,66,67,68,68,68,68,68
Fitness 38,73694, Gen ;0,2644;0,5206;0,4062;0,0125;0,0538;0,1998;0,1003;0,6464;0,7933;0,6043;0,6886;0,605;0,1349;0,1687;0,9219;0,7097;0,7238;0,3772;0,3552;0,8143;0,1487
,105,110,110,110,110,110,110,110,110,110,110,110,110,110,110,111,111,111,111,111,111,111,111,111,111,111,111,111,111,111,111,111,111,111,111,111,112,112,112,112,112,112,112,121,122,124,127,127,173,173
Fitness 56,19223, Gen ;0,2644;0,5206;0,4062;0,0125;0,0538;0,1998;0,1003;0,6464;0,7933;0,6043;0,6886;0,605;0,1349;0,1687;0,9219;0,7097;0,7238;0,3772;0,3552;0,8143;0,1487
,95,96,96,96,96,97,97,97,97,97,97,97,97,97,97,97,97,97,97,97,97,97,97,97,97,97,97,98,98,98,98,98,98,98,98,98,98,98,98,99,99,99,99,99,99,99,99,121,161,161
Fitness 51,28379, Gen ;0,2644;0,5206;0,4062;0,0125;0,0538;0,1998;0,1003;0,6464;0,7933;0,6043;0,6886;0,605;0,1349;0,1687;0,9219;0,7097;0,7238;0,3772;0,3552;0,8143;0,1487
,97,97,98,98,98,98,98,98,98,98,98,98,98,98,98,98,98,98,98,98,99,99,99,99,99,99,99,99,99,99,99,99,99,99,99,99,99,100,100,100,100,100,100,100,100,101,101,101,101,102
Fitness 0,1245935, Gen ;0,2644;0,5206;0,4062;0,0125;0,0538;0,1998;0,1003;0,6464;0,7933;0,6043;0,6886;0,605;0,1349;0,1687;0,9219;0,7097;0,7238;0,3772;0,3552;0,8143;0,1487
,117,117,117,117,117,117,117,117,118,118,118,118,119,119,120,122,125,125,125,125,125,125,125,125,125,125,126,126,126,126,126,126,126,126,126,127,127,127,127,127,127,128,128,128,129,129,129,130,130,131
Fitness 1,009591, Gen ;0,2644;0,5206;0,4062;0,0125;0,0538;0,1998;0,1003;0,6464;0,7933;0,6043;0,6886;0,605;0,1349;0,1687;0,9219;0,7097;0,7238;0,3772;0,3552;0,8143;0,1487
,82,82,82,82,82,82,82,82,82,82,83,83,83,83,83,83,83,83,83,83,83,83,83,83,84,84,84,84,84,84,84,84,85,85,85,85,85,86,86,86,86,86,87,89,89,89,90,91,91,92
Fitness 17,48221, Gen ;0,2644;0,5206;0,4062;0,0125;0,0538;0,1998;0,1003;0,6464;0,7933;0,6043;0,6886;0,605;0,1349;0,1687;0,9219;0,7097;0,7238;0,3772;0,3552;0,8143;0,1487
,103,103,103,103,103,103,103,103,103,103,104,104,104,104,104,104,104,104,104,104,104,104,104,104,104,104,105,105,105,105,105,105,105,105,105,106,116,117,179,179,179,179
Fitness 4,763111, Gen ;0,2644;0,5206;0,4062;0,0125;0,0538;0,1998;0,1003;0,6464;0,7933;0,6043;0,6886;0,605;0,1349;0,1687;0,9219;0,7097;0,7238;0,3772;0,3552;0,8143;0,1487
,90,90,90,90,90,90,90,90,90,90,90,90,91,91,91,91,91,91,91,91,91,91,91,91,91,91,91,91,91,91,91,91,91,91,91,92,92,92,92,92,92,92,92,92,92,92,93,94,104,104
Fitness 25,96184, Gen ;0,2644;0,5206;0,4062;0,0125;0,0538;0,1998;0,1003;0,6464;0,7933;0,6043;0,6886;0,605;0,1349;0,1687;0,9219;0,7097;0,7238;0,3772;0,3552;0,8143;0,1487
,101,101,101,101,101,101,101,101,101,101,101,101,102,102,102,102,102,102,102,102,102,102,102,102,102,102,102,102,102,103,103,103,103,103,103,103,103,103,103,103,103,103,104,104,104,104,104,104,105,107
Fitness 0,000398416, Gen ;0,2644;0,5206;0,4062;0,0125;0,0538;0,1998;0,1003;0,6464;0,7933;0,6043;0,6886;0,605;0,1349;0,1687;0,9219;0,7097;0,7238;0,3772;0,3552;0,8143;0,1487
,63,63,63,63,63,64,64,64,64,64,64,64,64,65,65,65,65,65,65,65,65,65,66,66,66,66,66,66,66,66,66,67,67,67,67,67,67,68,68,68,68,91,91,91,92,93,93,98,123,125
Fitness 18,17885, Gen ;0,2644;0,5206;0,4062;0,0125;0,0538;0,1998;0,1003;0,6464;0,7933;0,6043;0,6886;0,605;0,1349;0,1687;0,9219;0,7097;0,7238;0,3772;0,3552;0,8143;0,1487
,59,60,60,60,60,60,60,60,60,60,60,60,60,60,60,60,60,60,60,61,61,61,61,61,61,61,61,61,62,62,62,62,62,62,62,62,62,63,63,63,63,64,64,64,65,65,67,67,71,108
Fitness 14,47081, Gen ;0,2644;0,5206;0,4062;0,0125;0,0538;0,1998;0,1003;0,6464;0,7933;0,6043;0,6886;0,605;0,1349;0,1687;0,9219;0,7097;0,7238;0,3772;0,3552;0,8143;0,1487
,74,74,74,75,75,75,75,75,75,76,76,76,76,76,76,76,76,76,76,76,77,77,77,77,77,77,77,77,77,77,77,77,78,78,78,78,78,78,78,78,78,78,78,78,79,79,79,79,80,80
Fitness 11,61087, Gen ;0,2644;0,5206;0,4062;0,0125;0,0538;0,1998;0,1003;0,6464;0,7933;0,6043;0,6886;0,605;0,1349;0,1687;0,9219;0,7097;0,7238;0,3772;0,3552;0,8143;0,1487
,72,72,72,72,72,73,73,75,88,88,88,88,88,88,88,88,88,88,88,88,88,89,89,89,89,89,89,89,89,90,90,90,90,90,90,91,91,91,91,91,91,91,91,92,92,92,92,92,92,93
Fitness 21,30621, Gen ;0,2644;0,5206;0,4062;0,0125;0,0538;0,1998;0,1003;0,6464;0,7933;0,6043;0,6886;0,605;0,1349;0,1687;0,9219;0,7097;0,7238;0,3772;0,3552;0,8143;0,1487
,60,60,60,60,60,60,61,61,61,61,61,61,61,61,61,61,61,61,61,61,61,62,62,62,62,62,62,62,62,62,62,62,62,62,62,62,62,62,62,62,62,62,62,63,63,63,64,65,66,74
Fitness 36,66111, Gen ;0,2644;0,5206;0,4062;0,0125;0,0538;0,1998;0,1003;0,6464;0,7933;0,6043;0,6886;0,605;0,1349;0,1687;0,9219;0,7097;0,7238;0,3772;0,3552;0,8143;0,1487
,56,56,56,56,56,56,56,56,56,56,56,56,56,56,56,56,57,57,57,57,57,57,57,57,57,57,57,57,57,57,57,57,57,57,57,57,58,58,58,58,58,58,59,59,59,60,60,61,114,118
Fitness 25,05487, Gen ;0,2644;0,5206;0,4062;0,0125;0,0538;0,1998;0,1003;0,6464;0,7933;0,6043;0,6886;0,605;0,1349;0,1687;0,9219;0,7097;0,7238;0,3772;0,3552;0,8143;0,1487
,54,54,54,54,54,54,54,54,54,55,55,55,55,55,55,55,55,55,55,55,55,55,55,56,56,56,56,56,56,56,56,56,57,58,58,58,58,58,59,59,60,62,62,63,63,63,64,64,67,69
Fitness 47,33791, Gen ;0,2644;0,5206;0,4062;0,0125;0,0538;0,1998;0,1003;0,6464;0,7933;0,6043;0,6886;0,605;0,1349;0,1687;0,9219;0,7097;0,7238;0,3772;0,3552;0,8143;0,1487
,57,61,61,61,61,61,61,62,62,62,62,62,62,62,62,62,62,62,62,63,63,63,63,63,63,63,64,64,64,64,64,64,64,64,64,64,65,65,66,66,66,67,67,67,68,68,68,69,70,70
Fitness 16,25952, Gen ;0,2644;0,5206;0,4062;0,0125;0,0538;0,1998;0,1003;0,6464;0,7933;0,6043;0,6886;0,605;0,1349;0,1687;0,9219;0,7097;0,7238;0,3772;0,3552;0,8143;0,1487
,57,57,57,57,57,57,57,57,57,57,57,57,57,57,57,57,57,58,58,58,58,58,58,58,58,58,58,58,58,58,58,59,59,59,59,59,60,60,60,60,60,60,61,62,62,64,65,65,66,74
Fitness 53,42118, Gen ;0,2644;0,5206;0,4062;0,0125;0,0538;0,1998;0,1003;0,6464;0,7933;0,6043;0,6886;0,605;0,1349;0,1687;0,9219;0,7097;0,7238;0,3772;0,3552;0,8143;0,1487
,52,52,52,52,52,52,52,52,52,52,52,52,52,52,52,52,52,52,52,53,53,53,53,53,53,53,53,53,53,53,53,53,53,53,54,54,54,54,54,54,54,55,55,56,56,56,56,57,58,68
Fitness 49,787, Gen ;0,2644;0,5206;0,4062;0,0125;0,0538;0,1998;0,1003;0,6464;0,7933;0,6043;0,6886;0,605;0,1349;0,1687;0,9219;0,7097;0,7238;0,3772;0,3552;0,8143;0,1487
,94,94,94,94,94,94,94,95,95,95,95,95,95,95,95,95,95,95,95,95,95,95,95,95,95,95,95,95,95,95,95,95,95,95,96,96,96,96,96,96,97,97,97,98,98,98,98,99,99,99
Fitness 48,24982, Gen ;0,2644;0,5206;0,4062;0,0125;0,0538;0,1998;0,1003;0,6464;0,7933;0,6043;0,6886;0,605;0,1349;0,1687;0,9219;0,7097;0,7238;0,3772;0,3552;0,8143;0,1487
,106,106,106,106,107,107,107,107,107,107,107,107,107,107,107,107,107,107,107,107,108,108,108,108,108,108,108,108,108,108,108,108,108,108,108,108,109,109,109,109,109,109,109,109,110,110,111,111,111,112
Fitness 56,06473, Gen ;0,2644;0,5206;0,4062;0,0125;0,0538;0,1998;0,1003;0,6464;0,7933;0,6043;0,6886;0,605;0,1349;0,1687;0,9219;0,7097;0,7238;0,3772;0,3552;0,8143;0,1487
,53,54,54,54,54,54,54,54,54,54,54,54,54,54,54,54,54,54,54,54,55,55,55,55,55,55,55,55,55,55,55,55,55,55,55,56,56,56,56,56,56,56,56,56,56,57,57,57,59,60
Fitness 19,56391, Gen ;0,2644;0,5206;0,4062;0,0125;0,0538;0,1998;0,1003;0,6464;0,7933;0,6043;0,6886;0,605;0,1349;0,1687;0,9219;0,7097;0,7238;0,3772;0,3552;0,8143;0,1487
,43,43,43,43,43,43,43,43,43,43,43,43,43,43,43,43,43,44,44,44,44,44,44,44,44,44,44,44,44,44,44,44,44,44,44,44,45,45,45,45,45,45,45,45,45,46,46,46,47,53
Fitness 11,93767, Gen ;0,2644;0,5206;0,4062;0,0125;0,0538;0,1998;0,1003;0,6464;0,7933;0,6043;0,6886;0,605;0,1349;0,1687;0,9219;0,7097;0,7238;0,3772;0,3552;0,8143;0,1487
,100,100,100,100,100,101,101,101,101,101,101,101,101,101,101,101,101,101,101,101,101,101,101,102,102,102,102,102,102,102,102,102,102,102,103,103,104,105,106,106,106,107,107,107,107,107,108,108,108,108
Fitness 63,96399, Gen ;0,2644;0,5206;0,4062;0,0125;0,0538;0,1998;0,1003;0,6464;0,7933;0,6043;0,6886;0,605;0,1349;0,1687;0,9219;0,7097;0,7238;0,3772;0,3552;0,8143;0,1487
,96,96,96,96,96,96,96,96,96,96,96,96,97,97,97,97,97,97,97,97,97,97,97,97,97,98,98,98,98,98,98,98,98,98,98,98,98,98,98,98,99,99,99,100,100,100,100,100,100,102
Fitness 77,25442, Gen ;0,2644;0,5206;0,4062;0,0125;0,0538;0,1998;0,1003;0,6464;0,7933;0,6043;0,6886;0,605;0,1349;0,1687;0,9219;0,7097;0,7238;0,3772;0,3552;0,8143;0,1487
,80,80,80,80,80,80,80,81,81,81,81,81,81,82,83,83,83,86,94,94,94,94,94,98,99,99,100,101,101,101,101,101,101,101,102,102,102,102,102,102,102,103,103,103,103,103,129,129,130,130
Fitness 14,00527, Gen ;0,2644;0,5206;0,4062;0,0125;0,0538;0,1998;0,1003;0,6464;0,7933;0,6043;0,6886;0,605;0,1349;0,1687;0,9219;0,7097;0,7238;0,3772;0,3552;0,8143;0,1487
,66,66,66,66,66,66,66,66,66,66,66,66,66,66,66,66,66,67,67,67,67,67,67,67,67,67,67,67,67,67,67,67,67,67,67,68,68,68,68,68,68,68,68,68,69,73,73,74,74,82
Fitness 17,48917, Gen ;0,2644;0,5206;0,4062;0,0125;0,0538;0,1998;0,1003;0,6464;0,7933;0,6043;0,6886;0,605;0,1349;0,1687;0,9219;0,7097;0,7238;0,3772;0,3552;0,8143;0,1487
,61,61,61,61,61,61,61,61,61,61,62,62,62,62,62,62,62,62,62,62,62,62,62,62,62,62,63,63,63,63,63,63,63,63,64,64,64,64,64,65,65,67,71,71,80,98,103,127,128,128
Fitness 7,555329, Gen ;0,2644;0,5206;0,4062;0,0125;0,0538;0,1998;0,1003;0,6464;0,7933;0,6043;0,6886;0,605;0,1349;0,1687;0,9219;0,7097;0,7238;0,3772;0,3552;0,8143;0,1487
,69,69,69,69,69,69,69,69,70,70,70,70,70,70,70,70,70,70,70,70,70,70,70,70,70,70,70,71,71,71,71,71,71,71,71,71,71,71,72,72,72,72,72,72,73,73,75,76
Fitness 38,45166, Gen ;0,2644;0,5206;0,4062;0,0125;0,0538;0,1998;0,1003;0,6464;0,7933;0,6043;0,6886;0,605;0,1349;0,1687;0,9219;0,7097;0,7238;0,3772;0,3552;0,8143;0,1487
,93,93,93,93,93,93,93,93,93,93,93,93,93,93,93,93,93,93,93,93,93,93,93,93,93,93,93,93,93,93,93,94,94,94,94,94,94,94,94,94,94,94,94,137,138,138
Fitness 10,55811, Gen ;0,2644;0,5206;0,4062;0,0125;0,0538;0,1998;0,1003;0,6464;0,7933;0,6043;0,6886;0,605;0,1349;0,1687;0,9219;0,7097;0,7238;0,3772;0,3552;0,8143;0,1487
,64,64,64,64,64,64,64,64,64,64,64,64,64,65,65,65,65,65,65,65,65,65,65,65,65,65,65,65,65,65,65,66,66,66,66,66,66,66,66,67,67,67,67,67,68,68,68,68
Fitness 0,0002784035, Gen ;0,2644;0,5206;0,4062;0,0125;0,0538;0,1998;0,1003;0,6464;0,7933;0,6043;0,6886;0,605;0,1349;0,1687;0,9219;0,7097;0,7238;0,3772;0,3552;0,8143;0,1487
,62,62,62,62,62,62,62,62,62,62,62,62,62,62,63,63,63,63,63,63,63,63,63,63,63,63,63,63,63,63,63,63,63,64,64,64,64,64,64,64,64,64,64,65,65,66,67,67,70,76
Fitness 0,0002775019, Gen ;0,2644;0,5206;0,4062;0,0125;0,0538;0,1998;0,1003;0,6464;0,7933;0,6043;0,6886;0,605;0,1349;0,1687;0,9219;0,7097;0,7238;0,3772;0,3552;0,8143;0,1487
,59,59,59,59,59,59,59,59,59,60,60,60,60,60,60,60,60,60,60,60,60,60,60,61,61,61,61,61,61,61,61,61,61,61,61,61,61,62,62,62,62,63,63,64,64,65,65,65,66,110
Fitness 0,0003044655, Gen ;0,2644;0,5206;0,4062;0,0125;0,0538;0,1998;0,1003;0,6464;0,7933;0,6043;0,6886;0,605;0,1349;0,1687;0,9219;0,7097;0,7238;0,3772;0,3552;0,8143;0,1487
,120,120,120,120,120,120,120,120,120,120,120,120,120,120,121,121,121,121,121,121,121,121,121,122,124,126,128,128,129,129,130,131,131,135,141,143,143
Fitness 44,47874, Gen ;0,2644;0,5206;0,4062;0,0125;0,0538;0,1998;0,1003;0,6464;0,7933;0,6043;0,6886;0,605;0,1349;0,1687;0,9219;0,7097;0,7238;0,3772;0,3552;0,8143;0,1487
,52,52,52,52,52,52,52,52,52,52,52,52,52,52,52,52,52,53,53,53,53,53,53,53,53,53,53,53,53,54,54,54,54,54,54,54,54,54,54,55,55,55,55,55,57,58,61,61,63,63
Fitness 20,21748, Gen ;0,2644;0,5206;0,4062;0,0125;0,0538;0,1998;0,1003;0,6464;0,7933;0,6043;0,6886;0,605;0,1349;0,1687;0,9219;0,7097;0,7238;0,3772;0,3552;0,8143;0,1487
,84,92,92,92,92,92,92,92,92,92,92,92,92,92,92,92,92,92,93,93,93,93,93,93,93,93,93,93,93,94,94,94,94,94,94,94,94,94,94,95,95,95,95,95,95,95,96,97,97,112
Fitness 0,0004184204, Gen ;0,2644;0,5206;0,4062;0,0125;0,0538;0,1998;0,1003;0,6464;0,7933;0,6043;0,6886;0,605;0,1349;0,1687;0,9219;0,7097;0,7238;0,3772;0,3552;0,8143;0,1487
,62,62,62,62,62,62,62,62,62,62,62,62,62,62,62,62,62,62,63,63,63,63,63,63,63,63,63,63,63,63,63,63,63,63,64,64,64,64,64,64,65,65,65,65,66,66,68,71,72,120
Fitness 60,98108, Gen ;0,2644;0,5206;0,4062;0,0125;0,0538;0,1998;0,1003;0,6464;0,7933;0,6043;0,6886;0,605;0,1349;0,1687;0,9219;0,7097;0,7238;0,3772;0,3552;0,8143;0,1487
,62,62,62,62,62,62,62,62,62,62,62,62,62,62,62,62,62,63,63,63,63,63,63,63,63,63,63,63,63,64,64,64,64,64,65,65,65,65,65,65,66,66,66,66,67,68,68,69,69,69
Fitness 14,16323, Gen ;0,2644;0,5206;0,4062;0,0125;0,0538;0,1998;0,1003;0,6464;0,7933;0,6043;0,6886;0,605;0,1349;0,1687;0,9219;0,7097;0,7238;0,3772;0,3552;0,8143;0,1487
,78,78,78,78,78,78,79,79,79,79,79,79,79,79,79,79,79,79,79,79,80,80,80,80,80,80,80,80,80,80,80,80,80,80,80,80,80,81,81,81,81,81,81,88,89,89,89,89,89,91
Fitness 14,52193, Gen ;0,2644;0,5206;0,4062;0,0125;0,0538;0,1998;0,1003;0,6464;0,7933;0,6043;0,6886;0,605;0,1349;0,1687;0,9219;0,7097;0,7238;0,3772;0,3552;0,8143;0,1487
,57,57,57,57,57,57,57,57,57,57,58,58,59,59,59,59,59,59,59,59,59,59,59,59,60,60,60,60,60,60,60,60,60,60,60,61,61,61,61,61,61,62,62,63,64,64,64,65,65,67
Fitness 50,49313, Gen ;0,2644;0,5206;0,4062;0,0125;0,0538;0,1998;0,1003;0,6464;0,7933;0,6043;0,6886;0,605;0,1349;0,1687;0,9219;0,7097;0,7238;0,3772;0,3552;0,8143;0,1487
,57,57,57,57,57,58,58,58,58,58,58,58,58,58,58,58,58,58,58,58,58,59,59,59,59,59,59,59,59,59,59,59,59,59,59,59,60,60,60,60,60,61,61,61,61,61,61,61,61,62
Fitness 28,18519, Gen ;0,2644;0,5206;0,4062;0,0125;0,0538;0,1998;0,1003;0,6464;0,7933;0,6043;0,6886;0,605;0,1349;0,1687;0,9219;0,7097;0,7238;0,3772;0,3552;0,8143;0,1487
,113,113,113,113,113,113,113,113,113,113,113,113,113,113,113,113,113,113,113,113,113,113,113,114,114,114,114,114,114,114,114,114,114,114,114,115,115,115,115,115,115,115,115,116,117,117,117,117,118,122
Fitness 54,36882, Gen ;0,2644;0,5206;0,4062;0,0125;0,0538;0,1998;0,1003;0,6464;0,7933;0,6043;0,6886;0,605;0,1349;0,1687;0,9219;0,7097;0,7238;0,3772;0,3552;0,8143;0,1487
,74,74,74,74,75,75,75,75,75,75,75,75,75,75,75,75,75,75,75,75,75,76,76,76,76,76,76,77,77,77,78,78,79,79,79,79,79,80,80,81,83,84,84,84,86,86,87,88,88,89
Fitness 59,59567, Gen ;0,2644;0,5206;0,4062;0,0125;0,0538;0,1998;0,1003;0,6464;0,7933;0,6043;0,6886;0,605;0,1349;0,1687;0,9219;0,7097;0,7238;0,3772;0,3552;0,8143;0,1487
,69,69,69,69,69,69,69,69,69,69,69,69,69,69,69,69,70,70,70,70,70,70,70,70,70,70,70,70,70,70,70,70,70,70,70,70,71,71,71,71,71,71,71,71,72,79,80,90,90,112
Fitness 7,837073, Gen ;0,2644;0,5206;0,4062;0,0125;0,0538;0,1998;0,1003;0,6464;0,7933;0,6043;0,6886;0,605;0,1349;0,1687;0,9219;0,7097;0,7238;0,3772;0,3552;0,8143;0,1487
,59,60,60,60,60,60,60,60,60,60,60,60,60,60,60,60,60,60,60,60,61,61,61,61,61,61,61,61,61,61,61,61,62,62,62,62,62,63,63,64,65,65,66,67,67,68,68,68,69,69
Fitness 29,82948, Gen ;0,2644;0,5206;0,4062;0,0125;0,0538;0,1998;0,1003;0,6464;0,7933;0,6043;0,6886;0,605;0,1349;0,1687;0,9219;0,7097;0,7238;0,3772;0,3552;0,8143;0,1487
,51,51,51,51,51,51,52,52,52,52,52,52,52,52,52,52,52,52,52,52,52,52,53,53,53,53,53,53,53,54,54,54,54,54,54,54,54,54,54,54,55,56,56,57,57,57,57,57,57,57
Fitness 17,46422, Gen ;0,2644;0,5206;0,4062;0,0125;0,0538;0,1998;0,1003;0,6464;0,7933;0,6043;0,6886;0,605;0,1349;0,1687;0,9219;0,7097;0,7238;0,3772;0,3552;0,8143;0,1487
,71,71,71,71,71,71,71,72,72,72,73,73,73,74,74,74,74,75,76,76,77,77,78,78,82,83,83,83,83,83,83,83,84,84,84,84,84,85,85,85,85,85,85,86,86,86,88,89,97,101
Fitness 51,89595, Gen ;0,2644;0,5206;0,4062;0,0125;0,0538;0,1998;0,1003;0,6464;0,7933;0,6043;0,6886;0,605;0,1349;0,1687;0,9219;0,7097;0,7238;0,3772;0,3552;0,8143;0,1487
,55,55,55,55,55,55,55,55,55,56,56,56,56,56,56,56,56,56,56,56,57,57,57,57,57,57,57,57,57,57,58,58,58,58,58,58,58,58,58,58,58,59,59,59,59,59,60,61,61,62
Fitness 68,40075, Gen ;0,2644;0,5206;0,4062;0,0125;0,0538;0,1998;0,1003;0,6464;0,7933;0,6043;0,6886;0,605;0,1349;0,1687;0,9219;0,7097;0,7238;0,3772;0,3552;0,8143;0,1487
,64,64,64,64,64,64,64,65,65,65,65,65,65,65,65,65,65,65,65,65,66,66,66,66,66,66,66,66,66,66,66,67,67,67,67,67,67,68,68,68,68,68,68,69,69,70,70,71,72,72
Fitness 22,06369, Gen ;0,2644;0,5206;0,4062;0,0125;0,0538;0,1998;0,1003;0,6464;0,7933;0,6043;0,6886;0,605;0,1349;0,1687;0,9219;0,7097;0,7238;0,3772;0,3552;0,8143;0,1487
,67,68,68,68,69,69,69,69,69,69,69,69,69,69,69,69,69,69,69,69,69,69,69,69,70,70,70,70,70,70,70,70,70,70,70,70,70,70,71,71,71,71,71,71,72,73,73,74,74,85
Fitness 60,94174, Gen ;0,2644;0,5206;0,4062;0,0125;0,0538;0,1998;0,1003;0,6464;0,7933;0,6043;0,6886;0,605;0,1349;0,1687;0,9219;0,7097;0,7238;0,3772;0,3552;0,8143;0,1487
,104,104,105,105,105,105,105,105,105,105,105,106,106,106,106,106,106,106,106,106,106,106,106,106,107,107,107,107,107,108,108,108,108,109,109,110,111,111,111,112,112,113,113,113,115,115,116
Fitness 47,31519, Gen ;0,2644;0,5206;0,4062;0,0125;0,0538;0,1998;0,1003;0,6464;0,7933;0,6043;0,6886;0,605;0,1349;0,1687;0,9219;0,7097;0,7238;0,3772;0,3552;0,8143;0,1487
,50,50,50,50,50,50,50,50,51,51,51,51,51,51,51,51,51,51,51,51,51,51,51,51,52,52,52,52,52,52,52,52,52,52,52,52,52,52,52,52,52,53,53,53,53,53,54,55,55,55
Fitness 34,90554, Gen ;0,2644;0,5206;0,4062;0,0125;0,0538;0,1998;0,1003;0,6464;0,7933;0,6043;0,6886;0,605;0,1349;0,1687;0,9219;0,7097;0,7238;0,3772;0,3552;0,8143;0,1487
,63,63,63,63,63,64,64,64,64,64,64,64,64,64,64,64,65,65,65,65,65,65,65,65,65,65,65,65,66,66,66,66,66,66,66,66,66,66,67,67,67,67,67,67,69,77,77,77,78,78
Fitness 0,0004587906, Gen ;0,2644;0,5206;0,4062;0,0125;0,0538;0,1998;0,1003;0,6464;0,7933;0,6043;0,6886;0,605;0,1349;0,1687;0,9219;0,7097;0,7238;0,3772;0,3552;0,8143;0,1487
,71,71,71,71,71,71,71,71,71,71,71,71,71,71,71,72,72,72,72,72,72,72,72,72,72,72,73,73,73,73,74,74,74,74,74,74,74,75,75,75,75,75,75,76,76,76,76,76,77,77
Fitness 71,25523, Gen ;0,2644;0,5206;0,4062;0,0125;0,0538;0,1998;0,1003;0,6464;0,7933;0,6043;0,6886;0,605;0,1349;0,1687;0,9219;0,7097;0,7238;0,3772;0,3552;0,8143;0,1487
,96,96,96,96,96,96,96,96,96,96,96,96,96,96,96,96,96,96,96,96,96,97,97,97,97,97,97,97,97,97,97,97,97,97,98,98,98,98,98,98,98,98,98,98,98,98,98,99,100,119
Fitness 41,9816, Gen ;0,2644;0,5206;0,4062;0,0125;0,0538;0,1998;0,1003;0,6464;0,7933;0,6043;0,6886;0,605;0,1349;0,1687;0,9219;0,7097;0,7238;0,3772;0,3552;0,8143;0,1487
,56,56,56,56,56,56,56,56,56,56,56,56,56,56,57,57,57,57,57,57,57,57,57,57,57,57,57,57,57,58,58,58,58,58,59,59,59,60,60,60,60,61,61,61,61,61,62,62,63,64
Fitness 40,08637, Gen ;0,2644;0,5206;0,4062;0,0125;0,0538;0,1998;0,1003;0,6464;0,7933;0,6043;0,6886;0,605;0,1349;0,1687;0,9219;0,7097;0,7238;0,3772;0,3552;0,8143;0,1487
,47,48,48,48,48,48,48,48,48,48,48,48,48,48,48,48,48,49,49,49,49,49,49,49,49,49,49,49,49,49,49,49,49,49,49,50,50,50,50,50,50,50,50,50,52,52,52,53,55,55
Fitness 10,83248, Gen ;0,2644;0,5206;0,4062;0,0125;0,0538;0,1998;0,1003;0,6464;0,7933;0,6043;0,6886;0,605;0,1349;0,1687;0,9219;0,7097;0,7238;0,3772;0,3552;0,8143;0,1487
,60,60,60,61,61,61,61,61,61,61,61,61,61,61,61,61,61,62,62,62,62,62,62,62,62,62,62,62,62,62,63,63,63,63,63,63,63,63,63,63,63,63,63,64,64,64,64,64,64,68
Fitness 58,27349, Gen ;0,2644;0,5206;0,4062;0,0125;0,0538;0,1998;0,1003;0,6464;0,7933;0,6043;0,6886;0,605;0,1349;0,1687;0,9219;0,7097;0,7238;0,3772;0,3552;0,8143;0,1487
,104,104,104,104,104,104,104,104,104,104,104,104,104,104,105,105,105,105,105,105,105,105,105,105,105,105,105,105,105,106,106,106,106,106,106,106,106,106,106,106,106,106,107,107,107,107,107,107,109,109
Fitness 72,7266, Gen ;0,2644;0,5206;0,4062;0,0125;0,0538;0,1998;0,1003;0,6464;0,7933;0,6043;0,6886;0,605;0,1349;0,1687;0,9219;0,7097;0,7238;0,3772;0,3552;0,8143;0,1487
,61,61,61,61,61,61,61,62,62,62,62,62,62,62,62,62,62,62,62,62,62,62,62,62,62,63,63,63,63,63,63,63,63,63,63,63,63,63,64,64,64,65,65,66,66,66,67,68,68,103
Fitness 52,62218, Gen ;0,2644;0,5206;0,4062;0,0125;0,0538;0,1998;0,1003;0,6464;0,7933;0,6043;0,6886;0,605;0,1349;0,1687;0,9219;0,7097;0,7238;0,3772;0,3552;0,8143;0,1487
,113,113,113,113,113,114,114,114,114,114,114,114,114,114,114,114,114,114,114,114,114,114,114,114,115,115,115,115,115,115,115,115,115,115,115,115,115,115,115,115,115,115,115,116,116,116,116,116,117,117
Fitness 13,38212, Gen ;0,2644;0,5206;0,4062;0,0125;0,0538;0,1998;0,1003;0,6464;0,7933;0,6043;0,6886;0,605;0,1349;0,1687;0,9219;0,7097;0,7238;0,3772;0,3552;0,8143;0,1487
,56,56,56,56,56,56,57,57,57,57,57,57,57,57,57,57,57,57,57,57,57,57,57,57,57,58,58,58,58,58,58,58,58,58,58,58,58,58,59,59,59,59,59,59,59,59,60,61,79,83
Fitness 24,6895, Gen ;0,2644;0,5206;0,4062;0,0125;0,0538;0,1998;0,1003;0,6464;0,7933;0,6043;0,6886;0,605;0,1349;0,1687;0,9219;0,7097;0,7238;0,3772;0,3552;0,8143;0,1487
,58,59,59,59,59,59,59,59,59,59,59,59,59,59,59,59,59,59,59,60,60,60,60,60,60,60,60,60,60,60,60,60,60,61,61,61,61,62,62,62,62,63,64,64,65,69,69,69,70,70
Fitness 8,985935, Gen ;0,2644;0,5206;0,4062;0,0125;0,0538;0,1998;0,1003;0,6464;0,7933;0,6043;0,6886;0,605;0,1349;0,1687;0,9219;0,7097;0,7238;0,3772;0,3552;0,8143;0,1487
,69,69,70,70,70,70,70,70,70,70,70,70,70,70,70,70,70,70,71,71,71,71,71,71,71,71,71,71,71,71,71,71,72,72,72,73,73,74,74,74,86,86,86,86,86,87,88,89,90,90
Fitness 40,5489, Gen ;0,2644;0,5206;0,4062;0,0125;0,0538;0,1998;0,1003;0,6464;0,7933;0,6043;0,6886;0,605;0,1349;0,1687;0,9219;0,7097;0,7238;0,3772;0,3552;0,8143;0,1487
,71,71,71,71,71,71,71,71,71,71,71,71,72,72,72,72,72,72,72,72,72,72,72,72,72,72,72,73,73,73,73,73,73,73,73,73,73,73,73,74,74,74,74,74,74,74,78,80,81,81
Fitness 51,09613, Gen ;0,2644;0,5206;0,4062;0,0125;0,0538;0,1998;0,1003;0,6464;0,7933;0,6043;0,6886;0,605;0,1349;0,1687;0,9219;0,7097;0,7238;0,3772;0,3552;0,8143;0,1487
,72,72,72,72,72,72,72,72,72,72,72,72,72,72,72,73,73,73,73,73,73,73,73,73,73,74,74,74,75,75,75,75,76,80,80,81,81,81,81,81,81,81,81,82,84,85,85,85,89,90
Fitness 30,46679, Gen ;0,2644;0,5206;0,4062;0,0125;0,0538;0,1998;0,1003;0,6464;0,7933;0,6043;0,6886;0,605;0,1349;0,1687;0,9219;0,7097;0,7238;0,3772;0,3552;0,8143;0,1487
,62,62,62,62,62,62,62,62,62,62,62,62,62,62,62,62,62,62,62,62,62,62,62,62,62,63,63,63,63,63,63,63,63,63,63,63,63,64,64,64,64,64,65,65,65,66,101,101,139,140
Fitness 37,29893, Gen ;0,2644;0,5206;0,4062;0,0125;0,0538;0,1998;0,1003;0,6464;0,7933;0,6043;0,6886;0,605;0,1349;0,1687;0,9219;0,7097;0,7238;0,3772;0,3552;0,8143;0,1487
,56,56,56,56,56,56,56,56,56,56,56,56,56,56,56,56,56,56,56,56,56,57,57,57,57,57,57,57,57,57,57,57,57,57,57,58,58,58,58,58,58,59,59,59,61,61,61,62,62,67
Fitness 30,08092, Gen ;0,2644;0,5206;0,4062;0,0125;0,0538;0,1998;0,1003;0,6464;0,7933;0,6043;0,6886;0,605;0,1349;0,1687;0,9219;0,7097;0,7238;0,3772;0,3552;0,8143;0,1487
,65,65,65,65,65,65,66,66,66,66,66,66,66,66,66,66,66,66,66,66,66,67,67,67,67,67,67,67,67,67,67,67,67,67,67,67,67,68,68,68,68,68,68,68,68,68,68,68,69,71
Fitness 6,390889, Gen ;0,2644;0,5206;0,4062;0,0125;0,0538;0,1998;0,1003;0,6464;0,7933;0,6043;0,6886;0,605;0,1349;0,1687;0,9219;0,7097;0,7238;0,3772;0,3552;0,8143;0,1487
,60,60,60,60,60,60,60,60,60,60,60,60,60,60,61,61,61,61,61,61,61,61,61,61,61,61,61,62,62,62,62,62,62,62,62,62,62,63,63,63,63,63,64,64,64,64,64,64,65,65
Fitness 55,2016, Gen ;0,2644;0,5206;0,4062;0,0125;0,0538;0,1998;0,1003;0,6464;0,7933;0,6043;0,6886;0,605;0,1349;0,1687;0,9219;0,7097;0,7238;0,3772;0,3552;0,8143;0,1487
,70,70,70,70,70,70,70,70,70,70,70,70,70,70,70,70,70,70,70,71,71,71,71,71,71,71,71,71,71,71,71,71,71,71,71,72,72,72,72,72,72,72,72,72,72,72,73,73,73,74
Fitness 47,83201, Gen ;0,2644;0,5206;0,4062;0,0125;0,0538;0,1998;0,1003;0,6464;0,7933;0,6043;0,6886;0,605;0,1349;0,1687;0,9219;0,7097;0,7238;0,3772;0,3552;0,8143;0,1487
,92,93,93,93,93,93,93,93,93,93,93,93,93,93,93,93,93,94,94,94,94,94,94,94,94,94,95,95,95,95,95,95,95,95,96,96,96,96,96,96,97,97,97,97,99,99,99,100,100,103
Fitness 55,92889, Gen ;0,2644;0,5206;0,4062;0,0125;0,0538;0,1998;0,1003;0,6464;0,7933;0,6043;0,6886;0,605;0,1349;0,1687;0,9219;0,7097;0,7238;0,3772;0,3552;0,8143;0,1487
,69,69,69,69,69,69,69,69,69,69,69,69,69,70,70,70,70,70,70,70,70,70,70,70,70,70,70,70,70,70,70,70,71,71,71,71,71,71,71,71,71,72,72,73,73,73,74,90,101,106
Fitness 43,28342, Gen ;0,2644;0,5206;0,4062;0,0125;0,0538;0,1998;0,1003;0,6464;0,7933;0,6043;0,6886;0,605;0,1349;0,1687;0,9219;0,7097;0,7238;0,3772;0,3552;0,8143;0,1487
,52,53,53,53,53,53,53,53,53,53,53,53,53,53,53,53,53,53,53,53,53,53,53,53,53,54,54,54,54,54,54,54,54,54,54,54,54,54,54,54,54,54,54,55,55,56,57,58,58,58
Fitness 17,84732, Gen ;0,2644;0,5206;0,4062;0,0125;0,0538;0,1998;0,1003;0,6464;0,7933;0,6043;0,6886;0,605;0,1349;0,1687;0,9219;0,7097;0,7238;0,3772;0,3552;0,8143;0,1487
,52,52,52,52,52,52,52,52,53,53,53,53,53,53,53,53,53,53,53,53,53,53,54,54,54,54,54,54,54,54,54,54,54,54,54,54,54,54,55,55,55,55,55,55,55,55,55,55,56,112
Fitness 20,9509, Gen ;0,2644;0,5206;0,4062;0,0125;0,0538;0,1998;0,1003;0,6464;0,7933;0,6043;0,6886;0,605;0,1349;0,1687;0,9219;0,7097;0,7238;0,3772;0,3552;0,8143;0,1487
,58,58,58,58,58,58,58,58,58,58,58,58,58,58,58,58,58,59,59,59,59,59,59,59,59,59,59,59,60,60,60,61,61,63,63,64,64,64,64,64,64,64,64,65,65,65,65,66,67,67
Fitness 66,22269, Gen ;0,2644;0,5206;0,4062;0,0125;0,0538;0,1998;0,1003;0,6464;0,7933;0,6043;0,6886;0,605;0,1349;0,1687;0,9219;0,7097;0,7238;0,3772;0,3552;0,8143;0,1487
,104,104,104,104,104,104,104,104,104,104,104,104,104,104,104,104,105,105,105,105,105,105,105,105,105,105,105,105,105,105,105,105,105,105,105,105,106,106,106,106,106,106,106,106,106,106,107,114,115,125
Fitness 20,29695, Gen ;0,2644;0,5206;0,4062;0,0125;0,0538;0,1998;0,1003;0,6464;0,7933;0,6043;0,6886;0,605;0,1349;0,1687;0,9219;0,7097;0,7238;0,3772;0,3552;0,8143;0,1487
,62,62,62,62,62,62,62,62,63,63,63,63,63,63,63,63,63,63,63,63,63,63,63,63,63,63,63,64,64,64,64,64,64,64,64,64,65,65,65,65,65,66,66,66,67,67,68,68,69,71
Fitness 54,43496, Gen ;0,2644;0,5206;0,4062;0,0125;0,0538;0,1998;0,1003;0,6464;0,7933;0,6043;0,6886;0,605;0,1349;0,1687;0,9219;0,7097;0,7238;0,3772;0,3552;0,8143;0,1487
,63,63,64,64,64,64,64,64,64,64,64,64,64,64,64,64,64,64,64,64,64,64,65,65,65,65,65,65,65,65,65,65,65,65,65,65,65,65,66,66,66,66,66,66,66,66,123,123,124,125
Fitness 8,036776, Gen ;0,2644;0,5206;0,4062;0,0125;0,0538;0,1998;0,1003;0,6464;0,7933;0,6043;0,6886;0,605;0,1349;0,1687;0,9219;0,7097;0,7238;0,3772;0,3552;0,8143;0,1487
,64,64,64,64,64,64,64,64,64,64,64,64,64,64,64,64,65,65,65,65,65,65,66,66,66,66,66,66,66,66,66,66,66,67,67,67,68,68,68,69,70,71,71,72,73,73,73,74,75,75
Fitness 48,65566, Gen ;0,2644;0,5206;0,4062;0,0125;0,0538;0,1998;0,1003;0,6464;0,7933;0,6043;0,6886;0,605;0,1349;0,1687;0,9219;0,7097;0,7238;0,3772;0,3552;0,8143;0,1487
,68,68,68,68,68,68,68,68,68,68,68,68,68,68,68,68,68,68,68,68,68,68,69,69,69,69,69,69,69,69,69,69,69,69,69,69,69,69,69,69,69,70,70,70,71,71,71,72,75,99
Fitness 12,00338, Gen ;0,2644;0,5206;0,4062;0,0125;0,0538;0,1998;0,1003;0,6464;0,7933;0,6043;0,6886;0,605;0,1349;0,1687;0,9219;0,7097;0,7238;0,3772;0,3552;0,8143;0,1487
,55,55,55,56,56,56,56,56,56,56,56,56,56,56,56,56,56,56,57,57,57,57,57,57,57,57,57,57,57,57,57,57,57,58,58,58,58,58,58,58,58,58,58,58,59,59,59,60,60,61
