	50PopravljenStroembom ovc
	2 AI1 ovcarjev
Fitness 119.4595, Gen ;0.667;0.5925;0.9499;0.5616;0.1026;0.0554;0.4359;0.6022;0.9162;0.2855;0.3838;0.6548;0.1053;0.4445;0.7972;0.4427;0.605;0.3282;0.1342;0.1492;0.8095
,79,79,79,79,79,79,79,79,79,79,80,80,80,80,80,80,80,80,80,80,80,80,80,80,80,80,80,80,80,80,80,80,81,81,81,81,81,81,81,81,81,81,81,81,81,81,81,82,82,82
Fitness 133.8874, Gen ;0.667;0.5925;0.9499;0.5616;0.1026;0.0554;0.4359;0.6022;0.9162;0.2855;0.3838;0.6548;0.1053;0.4445;0.7972;0.4427;0.605;0.3282;0.1342;0.1492;0.8095
,63,63,63,63,63,64,64,64,64,64,64,64,64,64,64,64,64,65,65,65,65,65,65,65,65,65,65,65,65,65,65,65,65,65,65,65,65,65,65,65,65,65,65,65,65,66,66,66,66,66
Fitness 145.1145, Gen ;0.667;0.5925;0.9499;0.5616;0.1026;0.0554;0.4359;0.6022;0.9162;0.2855;0.3838;0.6548;0.1053;0.4445;0.7972;0.4427;0.605;0.3282;0.1342;0.1492;0.8095
,71,72,72,72,72,72,72,72,72,72,72,72,72,73,73,73,73,73,73,73,73,73,73,73,73,73,73,73,73,73,73,73,74,74,74,74,74,74,74,74,74,74,74,74,74,74,75,75,75,77
Fitness 158.8803, Gen ;0.667;0.5925;0.9499;0.5616;0.1026;0.0554;0.4359;0.6022;0.9162;0.2855;0.3838;0.6548;0.1053;0.4445;0.7972;0.4427;0.605;0.3282;0.1342;0.1492;0.8095
,63,64,64,64,64,64,64,64,64,64,64,64,64,64,64,64,64,64,64,64,64,64,64,64,64,65,65,65,65,65,65,65,65,65,65,65,65,65,66,66,66,66,66,66,66,66,66,66,66,66
Fitness 166.9577, Gen ;0.667;0.5925;0.9499;0.5616;0.1026;0.0554;0.4359;0.6022;0.9162;0.2855;0.3838;0.6548;0.1053;0.4445;0.7972;0.4427;0.605;0.3282;0.1342;0.1492;0.8095
,64,64,64,64,64,64,64,64,64,64,64,64,64,65,65,65,65,65,65,65,65,65,65,65,65,65,65,65,66,66,66,66,66,66,66,66,66,66,66,66,66,66,66,66,66,66,66,66,67,67
Fitness 67.58594, Gen ;0.667;0.5925;0.9499;0.5616;0.1026;0.0554;0.4359;0.6022;0.9162;0.2855;0.3838;0.6548;0.1053;0.4445;0.7972;0.4427;0.605;0.3282;0.1342;0.1492;0.8095
,68,68,68,68,68,68,68,69,69,69,69,69,69,69,69,69,69,69,69,69,69,69,69,69,69,69,69,70,70,70,70,70,70,70,70,70,70,70,70,70,70,70,70,70,70,70,70,70,70,70
Fitness 122.4307, Gen ;0.667;0.5925;0.9499;0.5616;0.1026;0.0554;0.4359;0.6022;0.9162;0.2855;0.3838;0.6548;0.1053;0.4445;0.7972;0.4427;0.605;0.3282;0.1342;0.1492;0.8095
,67,67,67,67,67,67,67,67,67,67,67,67,67,68,68,68,68,68,68,68,68,68,68,68,68,68,68,68,68,68,68,68,68,68,68,68,68,69,69,69,69,69,69,69,69,69,69,69,70,70
Fitness 85.02447, Gen ;0.667;0.5925;0.9499;0.5616;0.1026;0.0554;0.4359;0.6022;0.9162;0.2855;0.3838;0.6548;0.1053;0.4445;0.7972;0.4427;0.605;0.3282;0.1342;0.1492;0.8095
,56,56,56,56,57,57,57,57,57,57,57,57,57,57,57,57,57,57,57,57,57,57,57,57,57,57,57,57,58,58,58,58,58,58,58,58,58,58,58,58,58,58,58,58,58,59,59,59,59,61
Fitness 121.1977, Gen ;0.667;0.5925;0.9499;0.5616;0.1026;0.0554;0.4359;0.6022;0.9162;0.2855;0.3838;0.6548;0.1053;0.4445;0.7972;0.4427;0.605;0.3282;0.1342;0.1492;0.8095
,61,61,61,61,61,61,61,61,62,62,62,62,62,62,62,62,62,62,62,62,62,62,62,62,62,62,62,62,63,63,63,63,63,63,63,63,63,63,63,63,63,63,63,63,63,63,63,63,63,66
Fitness 119.4586, Gen ;0.667;0.5925;0.9499;0.5616;0.1026;0.0554;0.4359;0.6022;0.9162;0.2855;0.3838;0.6548;0.1053;0.4445;0.7972;0.4427;0.605;0.3282;0.1342;0.1492;0.8095
,60,60,60,60,60,60,60,60,60,60,60,61,61,61,61,61,61,61,61,61,61,61,61,61,61,61,61,61,61,62,62,62,62,62,62,62,62,62,62,62,62,62,62,62,62,62,62,63,63,63
Fitness 103.1946, Gen ;0.667;0.5925;0.9499;0.5616;0.1026;0.0554;0.4359;0.6022;0.9162;0.2855;0.3838;0.6548;0.1053;0.4445;0.7972;0.4427;0.605;0.3282;0.1342;0.1492;0.8095
,64,64,64,64,64,64,65,65,65,65,65,65,65,65,65,65,65,65,65,65,65,65,65,65,65,66,66,66,66,66,66,66,66,66,66,66,66,66,66,66,66,66,66,66,66,66,66,66,66,67
Fitness 106.9152, Gen ;0.667;0.5925;0.9499;0.5616;0.1026;0.0554;0.4359;0.6022;0.9162;0.2855;0.3838;0.6548;0.1053;0.4445;0.7972;0.4427;0.605;0.3282;0.1342;0.1492;0.8095
,72,72,72,73,73,73,73,73,73,73,73,73,73,73,73,73,73,73,73,73,73,73,73,73,74,74,74,74,74,74,74,74,74,74,74,74,74,75,75,75,75,75,75,75,75,75,75,76,76,76
Fitness 151.809, Gen ;0.667;0.5925;0.9499;0.5616;0.1026;0.0554;0.4359;0.6022;0.9162;0.2855;0.3838;0.6548;0.1053;0.4445;0.7972;0.4427;0.605;0.3282;0.1342;0.1492;0.8095
,67,67,67,67,67,67,67,67,67,67,67,67,67,67,67,68,68,68,68,68,68,68,68,68,68,68,68,68,68,68,68,68,68,68,69,69,69,69,69,69,69,69,69,69,69,69,69,69,69,70
Fitness 126.682, Gen ;0.667;0.5925;0.9499;0.5616;0.1026;0.0554;0.4359;0.6022;0.9162;0.2855;0.3838;0.6548;0.1053;0.4445;0.7972;0.4427;0.605;0.3282;0.1342;0.1492;0.8095
,65,65,65,65,65,65,65,65,65,66,66,66,66,66,66,66,66,66,66,66,66,66,66,66,66,66,66,66,66,66,67,67,67,67,67,67,67,67,67,67,67,67,67,67,67,68,68,68,68,68
Fitness 137.4942, Gen ;0.667;0.5925;0.9499;0.5616;0.1026;0.0554;0.4359;0.6022;0.9162;0.2855;0.3838;0.6548;0.1053;0.4445;0.7972;0.4427;0.605;0.3282;0.1342;0.1492;0.8095
,58,58,58,58,58,58,59,59,59,59,59,59,59,59,59,59,59,60,60,60,60,60,60,60,60,60,60,60,60,60,60,60,61,61,61,61,61,61,61,61,61,61,61,61,61,61,61,61,61,61
Fitness 119.4938, Gen ;0.667;0.5925;0.9499;0.5616;0.1026;0.0554;0.4359;0.6022;0.9162;0.2855;0.3838;0.6548;0.1053;0.4445;0.7972;0.4427;0.605;0.3282;0.1342;0.1492;0.8095
,61,61,62,62,62,62,62,62,62,62,62,62,62,62,62,62,62,62,62,62,63,63,63,63,63,63,63,63,63,63,63,63,63,63,64,64,64,64,64,64,64,64,64,64,64,64,64,64,64,64
Fitness 86.47317, Gen ;0.667;0.5925;0.9499;0.5616;0.1026;0.0554;0.4359;0.6022;0.9162;0.2855;0.3838;0.6548;0.1053;0.4445;0.7972;0.4427;0.605;0.3282;0.1342;0.1492;0.8095
,70,71,71,71,71,72,72,72,72,72,72,72,72,72,72,72,72,72,72,72,73,73,73,73,73,73,73,73,73,73,73,73,73,73,73,73,73,73,73,73,73,73,73,74,74,74,74,74,74,74
Fitness 107.5046, Gen ;0.667;0.5925;0.9499;0.5616;0.1026;0.0554;0.4359;0.6022;0.9162;0.2855;0.3838;0.6548;0.1053;0.4445;0.7972;0.4427;0.605;0.3282;0.1342;0.1492;0.8095
,56,56,56,56,56,56,57,57,57,57,57,57,57,57,57,57,57,57,57,57,57,57,57,57,58,58,58,58,58,58,58,58,58,58,58,58,58,58,58,58,58,58,58,58,58,59,59,59,59,65
Fitness 114.6831, Gen ;0.667;0.5925;0.9499;0.5616;0.1026;0.0554;0.4359;0.6022;0.9162;0.2855;0.3838;0.6548;0.1053;0.4445;0.7972;0.4427;0.605;0.3282;0.1342;0.1492;0.8095
,72,72,72,72,72,72,72,72,72,72,72,72,72,72,72,72,72,72,72,72,72,72,72,72,72,72,72,72,73,73,73,73,73,73,73,73,73,73,73,73,73,73,73,73,73,73,73,73,73,75
Fitness 143.1582, Gen ;0.667;0.5925;0.9499;0.5616;0.1026;0.0554;0.4359;0.6022;0.9162;0.2855;0.3838;0.6548;0.1053;0.4445;0.7972;0.4427;0.605;0.3282;0.1342;0.1492;0.8095
,74,74,74,74,74,74,74,74,74,74,74,74,74,74,74,74,74,74,74,75,75,75,75,75,75,75,75,75,75,75,75,75,75,75,75,75,75,75,75,75,76,76,76,76,76,76,76,76,76,76
Fitness 130.9757, Gen ;0.667;0.5925;0.9499;0.5616;0.1026;0.0554;0.4359;0.6022;0.9162;0.2855;0.3838;0.6548;0.1053;0.4445;0.7972;0.4427;0.605;0.3282;0.1342;0.1492;0.8095
,57,57,57,57,57,57,57,57,58,58,58,58,58,58,58,58,58,58,58,58,58,58,58,58,59,59,59,59,59,59,59,59,59,59,59,59,59,59,59,59,59,59,59,60,60,60,60,60,77,77
Fitness 91.59708, Gen ;0.667;0.5925;0.9499;0.5616;0.1026;0.0554;0.4359;0.6022;0.9162;0.2855;0.3838;0.6548;0.1053;0.4445;0.7972;0.4427;0.605;0.3282;0.1342;0.1492;0.8095
,60,60,61,61,61,61,61,61,61,61,61,61,61,61,61,61,61,61,62,62,62,62,62,62,62,62,62,62,62,62,62,62,62,62,62,63,63,63,63,63,63,63,63,63,63,63,63,63,63,67
Fitness 140.7033, Gen ;0.667;0.5925;0.9499;0.5616;0.1026;0.0554;0.4359;0.6022;0.9162;0.2855;0.3838;0.6548;0.1053;0.4445;0.7972;0.4427;0.605;0.3282;0.1342;0.1492;0.8095
,84,84,84,84,84,84,85,85,85,85,85,85,85,85,86,86,86,86,86,86,86,86,86,86,86,86,86,86,86,86,86,86,86,86,86,86,86,86,86,86,86,86,86,86,86,86,86,87,87,87
Fitness 88.49543, Gen ;0.667;0.5925;0.9499;0.5616;0.1026;0.0554;0.4359;0.6022;0.9162;0.2855;0.3838;0.6548;0.1053;0.4445;0.7972;0.4427;0.605;0.3282;0.1342;0.1492;0.8095
,68,68,68,68,68,68,68,68,68,68,68,68,69,69,69,69,69,69,69,69,69,69,69,69,69,69,69,69,69,70,70,70,70,70,70,70,70,70,70,70,70,70,70,70,70,70,70,71,71,75
Fitness 84.5782, Gen ;0.667;0.5925;0.9499;0.5616;0.1026;0.0554;0.4359;0.6022;0.9162;0.2855;0.3838;0.6548;0.1053;0.4445;0.7972;0.4427;0.605;0.3282;0.1342;0.1492;0.8095
,52,53,53,53,53,53,53,53,53,53,53,53,53,54,54,54,54,54,54,54,54,54,54,54,54,54,54,54,54,54,54,54,54,54,54,55,55,55,55,55,55,55,55,55,55,55,55,55,56,56
Fitness 109.5117, Gen ;0.667;0.5925;0.9499;0.5616;0.1026;0.0554;0.4359;0.6022;0.9162;0.2855;0.3838;0.6548;0.1053;0.4445;0.7972;0.4427;0.605;0.3282;0.1342;0.1492;0.8095
,78,78,78,78,78,78,78,78,79,79,79,79,79,79,79,79,79,79,79,79,79,79,79,80,80,80,80,80,80,80,80,80,80,80,80,80,80,80,80,80,80,80,80,80,80,80,80,80,81,81
Fitness 126.7628, Gen ;0.667;0.5925;0.9499;0.5616;0.1026;0.0554;0.4359;0.6022;0.9162;0.2855;0.3838;0.6548;0.1053;0.4445;0.7972;0.4427;0.605;0.3282;0.1342;0.1492;0.8095
,67,67,67,67,67,67,67,67,67,67,67,67,67,67,67,67,67,67,68,68,68,68,68,68,68,68,68,68,68,68,68,68,68,68,69,69,69,69,69,69,69,69,69,69,69,69,69,69,70,71
Fitness 52.79929, Gen ;0.667;0.5925;0.9499;0.5616;0.1026;0.0554;0.4359;0.6022;0.9162;0.2855;0.3838;0.6548;0.1053;0.4445;0.7972;0.4427;0.605;0.3282;0.1342;0.1492;0.8095
,67,67,67,67,67,67,67,67,67,67,67,68,68,68,68,68,68,68,68,68,68,68,68,68,68,68,68,68,68,69,69,69,69,69,69,69,69,69,69,69,69,69,69,69,69,69,69,70,70,70
Fitness 95.31406, Gen ;0.667;0.5925;0.9499;0.5616;0.1026;0.0554;0.4359;0.6022;0.9162;0.2855;0.3838;0.6548;0.1053;0.4445;0.7972;0.4427;0.605;0.3282;0.1342;0.1492;0.8095
,58,58,58,58,58,58,58,59,59,59,59,59,59,59,59,59,59,59,59,59,59,59,59,59,60,60,60,60,60,60,60,60,60,60,60,60,60,60,60,60,60,60,60,60,60,61,61,61,61,61
Fitness 172.6502, Gen ;0.667;0.5925;0.9499;0.5616;0.1026;0.0554;0.4359;0.6022;0.9162;0.2855;0.3838;0.6548;0.1053;0.4445;0.7972;0.4427;0.605;0.3282;0.1342;0.1492;0.8095
,54,54,54,54,54,54,54,54,55,55,55,55,55,55,55,55,55,55,55,55,55,55,55,55,55,55,55,55,55,55,55,56,56,56,56,56,56,56,56,56,56,56,56,56,56,56,56,56,56,56
Fitness 69.9024, Gen ;0.667;0.5925;0.9499;0.5616;0.1026;0.0554;0.4359;0.6022;0.9162;0.2855;0.3838;0.6548;0.1053;0.4445;0.7972;0.4427;0.605;0.3282;0.1342;0.1492;0.8095
,70,70,70,70,70,70,70,70,70,70,70,71,71,71,71,71,71,71,71,71,71,71,71,71,71,71,71,71,71,71,71,72,72,72,72,72,72,72,72,72,72,72,72,72,72,72,72,72,72,72
Fitness 105.5392, Gen ;0.667;0.5925;0.9499;0.5616;0.1026;0.0554;0.4359;0.6022;0.9162;0.2855;0.3838;0.6548;0.1053;0.4445;0.7972;0.4427;0.605;0.3282;0.1342;0.1492;0.8095
,73,73,73,74,74,74,74,74,74,74,74,74,74,74,75,75,75,75,75,75,75,75,75,75,75,75,75,75,75,75,75,75,75,75,75,76,76,76,76,76,76,76,76,76,76,76,76,77,77,77
Fitness 106.1564, Gen ;0.667;0.5925;0.9499;0.5616;0.1026;0.0554;0.4359;0.6022;0.9162;0.2855;0.3838;0.6548;0.1053;0.4445;0.7972;0.4427;0.605;0.3282;0.1342;0.1492;0.8095
,58,58,58,58,59,59,59,59,59,59,59,59,59,59,60,60,60,60,60,60,60,60,60,60,60,60,60,60,60,60,60,60,60,60,60,60,60,60,60,60,60,61,61,61,61,61,61,61,61,62
Fitness 144.2198, Gen ;0.667;0.5925;0.9499;0.5616;0.1026;0.0554;0.4359;0.6022;0.9162;0.2855;0.3838;0.6548;0.1053;0.4445;0.7972;0.4427;0.605;0.3282;0.1342;0.1492;0.8095
,69,70,70,70,70,70,70,70,70,70,70,70,70,70,70,70,70,70,70,70,70,70,70,70,70,70,70,71,71,71,71,71,71,71,71,71,71,71,71,71,71,71,71,71,72,72,72,72,72,72
Fitness 168.9909, Gen ;0.667;0.5925;0.9499;0.5616;0.1026;0.0554;0.4359;0.6022;0.9162;0.2855;0.3838;0.6548;0.1053;0.4445;0.7972;0.4427;0.605;0.3282;0.1342;0.1492;0.8095
,56,56,56,56,56,56,57,57,57,57,57,57,57,57,57,57,57,57,57,57,57,57,58,58,58,58,58,58,58,58,58,58,58,58,58,58,58,58,58,58,58,58,58,59,59,59,59,59,59,66
Fitness 96.17864, Gen ;0.667;0.5925;0.9499;0.5616;0.1026;0.0554;0.4359;0.6022;0.9162;0.2855;0.3838;0.6548;0.1053;0.4445;0.7972;0.4427;0.605;0.3282;0.1342;0.1492;0.8095
,64,65,65,65,65,65,65,65,65,65,65,65,65,66,66,66,66,66,66,66,66,66,66,66,66,66,66,66,66,66,66,66,66,66,66,66,66,66,66,66,66,66,66,66,66,66,66,67,67,70
Fitness 82.79185, Gen ;0.667;0.5925;0.9499;0.5616;0.1026;0.0554;0.4359;0.6022;0.9162;0.2855;0.3838;0.6548;0.1053;0.4445;0.7972;0.4427;0.605;0.3282;0.1342;0.1492;0.8095
,61,62,62,62,62,62,62,62,62,62,62,63,63,63,63,63,63,63,63,63,63,63,63,63,63,63,64,64,64,64,64,64,64,64,64,64,64,64,64,64,64,64,64,64,64,64,65,65,65,65
Fitness 143.5373, Gen ;0.667;0.5925;0.9499;0.5616;0.1026;0.0554;0.4359;0.6022;0.9162;0.2855;0.3838;0.6548;0.1053;0.4445;0.7972;0.4427;0.605;0.3282;0.1342;0.1492;0.8095
,71,72,72,72,72,72,72,72,72,72,72,72,73,73,73,73,73,73,73,73,73,73,73,73,73,73,73,73,73,74,74,74,74,74,74,74,74,74,74,74,74,74,74,74,74,74,74,74,75,81
Fitness 96.89922, Gen ;0.667;0.5925;0.9499;0.5616;0.1026;0.0554;0.4359;0.6022;0.9162;0.2855;0.3838;0.6548;0.1053;0.4445;0.7972;0.4427;0.605;0.3282;0.1342;0.1492;0.8095
,76,76,76,76,76,76,76,76,76,76,77,77,77,77,77,77,77,77,77,77,77,77,77,78,78,78,78,78,78,78,78,78,78,78,78,78,78,78,78,78,78,78,78,78,78,78,78,79,79,81
Fitness 139.6431, Gen ;0.667;0.5925;0.9499;0.5616;0.1026;0.0554;0.4359;0.6022;0.9162;0.2855;0.3838;0.6548;0.1053;0.4445;0.7972;0.4427;0.605;0.3282;0.1342;0.1492;0.8095
,77,77,77,77,77,77,77,78,78,78,78,78,78,78,78,78,78,78,78,78,78,78,78,78,78,79,79,79,79,79,79,79,79,79,79,79,79,79,79,79,79,79,79,79,80,80,80,80,80,80
