	5PopravljenStroembom ovc
	4 AI1 ovcarjev
Fitness 66,94865, Gen ;0,794;0,3109;0,592;0,1174;0,0735;0,2043;0,1677;0,0593;0,4043;0,0132;0,7117;0,5307;0,1683;0,234;0,6252;0,8129;0,5151;0,207;0,099;0,4086;0,4486
,58,59,65,65,66
Fitness 69,08028, Gen ;0,794;0,3109;0,592;0,1174;0,0735;0,2043;0,1677;0,0593;0,4043;0,0132;0,7117;0,5307;0,1683;0,234;0,6252;0,8129;0,5151;0,207;0,099;0,4086;0,4486
,60,61,61,61,62
Fitness 89,31783, Gen ;0,794;0,3109;0,592;0,1174;0,0735;0,2043;0,1677;0,0593;0,4043;0,0132;0,7117;0,5307;0,1683;0,234;0,6252;0,8129;0,5151;0,207;0,099;0,4086;0,4486
,75,75,76,76,76
Fitness 54,94676, Gen ;0,794;0,3109;0,592;0,1174;0,0735;0,2043;0,1677;0,0593;0,4043;0,0132;0,7117;0,5307;0,1683;0,234;0,6252;0,8129;0,5151;0,207;0,099;0,4086;0,4486
,52,52,52,52,104
Fitness 59,48987, Gen ;0,794;0,3109;0,592;0,1174;0,0735;0,2043;0,1677;0,0593;0,4043;0,0132;0,7117;0,5307;0,1683;0,234;0,6252;0,8129;0,5151;0,207;0,099;0,4086;0,4486
,67,67,67,96,97
Fitness 40,08194, Gen ;0,794;0,3109;0,592;0,1174;0,0735;0,2043;0,1677;0,0593;0,4043;0,0132;0,7117;0,5307;0,1683;0,234;0,6252;0,8129;0,5151;0,207;0,099;0,4086;0,4486
,64,64,64,64,64
Fitness 24,29113, Gen ;0,794;0,3109;0,592;0,1174;0,0735;0,2043;0,1677;0,0593;0,4043;0,0132;0,7117;0,5307;0,1683;0,234;0,6252;0,8129;0,5151;0,207;0,099;0,4086;0,4486
,95,95,96,98,99
Fitness 24,95136, Gen ;0,794;0,3109;0,592;0,1174;0,0735;0,2043;0,1677;0,0593;0,4043;0,0132;0,7117;0,5307;0,1683;0,234;0,6252;0,8129;0,5151;0,207;0,099;0,4086;0,4486
,77,91,92,92,111
Fitness 55,09132, Gen ;0,794;0,3109;0,592;0,1174;0,0735;0,2043;0,1677;0,0593;0,4043;0,0132;0,7117;0,5307;0,1683;0,234;0,6252;0,8129;0,5151;0,207;0,099;0,4086;0,4486
,70,70,70,70,70
Fitness 19,3641, Gen ;0,794;0,3109;0,592;0,1174;0,0735;0,2043;0,1677;0,0593;0,4043;0,0132;0,7117;0,5307;0,1683;0,234;0,6252;0,8129;0,5151;0,207;0,099;0,4086;0,4486

Fitness 14,92899, Gen ;0,794;0,3109;0,592;0,1174;0,0735;0,2043;0,1677;0,0593;0,4043;0,0132;0,7117;0,5307;0,1683;0,234;0,6252;0,8129;0,5151;0,207;0,099;0,4086;0,4486
,42,42,42,42,42
Fitness 47,25426, Gen ;0,794;0,3109;0,592;0,1174;0,0735;0,2043;0,1677;0,0593;0,4043;0,0132;0,7117;0,5307;0,1683;0,234;0,6252;0,8129;0,5151;0,207;0,099;0,4086;0,4486
,44,44,45,45,45
Fitness 0,002983691, Gen ;0,794;0,3109;0,592;0,1174;0,0735;0,2043;0,1677;0,0593;0,4043;0,0132;0,7117;0,5307;0,1683;0,234;0,6252;0,8129;0,5151;0,207;0,099;0,4086;0,4486
,71,71,72,72,72
Fitness 93,70293, Gen ;0,794;0,3109;0,592;0,1174;0,0735;0,2043;0,1677;0,0593;0,4043;0,0132;0,7117;0,5307;0,1683;0,234;0,6252;0,8129;0,5151;0,207;0,099;0,4086;0,4486
,50,51,51,51,62
Fitness 88,36984, Gen ;0,794;0,3109;0,592;0,1174;0,0735;0,2043;0,1677;0,0593;0,4043;0,0132;0,7117;0,5307;0,1683;0,234;0,6252;0,8129;0,5151;0,207;0,099;0,4086;0,4486
,66,78,78,78,79
Fitness 44,8615, Gen ;0,794;0,3109;0,592;0,1174;0,0735;0,2043;0,1677;0,0593;0,4043;0,0132;0,7117;0,5307;0,1683;0,234;0,6252;0,8129;0,5151;0,207;0,099;0,4086;0,4486
,54,54,54,55,55
Fitness 63,15907, Gen ;0,794;0,3109;0,592;0,1174;0,0735;0,2043;0,1677;0,0593;0,4043;0,0132;0,7117;0,5307;0,1683;0,234;0,6252;0,8129;0,5151;0,207;0,099;0,4086;0,4486
,43,43,43,43,43
Fitness 37,99319, Gen ;0,794;0,3109;0,592;0,1174;0,0735;0,2043;0,1677;0,0593;0,4043;0,0132;0,7117;0,5307;0,1683;0,234;0,6252;0,8129;0,5151;0,207;0,099;0,4086;0,4486
,51,51,51,52,52
Fitness 70,67499, Gen ;0,794;0,3109;0,592;0,1174;0,0735;0,2043;0,1677;0,0593;0,4043;0,0132;0,7117;0,5307;0,1683;0,234;0,6252;0,8129;0,5151;0,207;0,099;0,4086;0,4486
,100,131,132,144,144
Fitness 91,54878, Gen ;0,794;0,3109;0,592;0,1174;0,0735;0,2043;0,1677;0,0593;0,4043;0,0132;0,7117;0,5307;0,1683;0,234;0,6252;0,8129;0,5151;0,207;0,099;0,4086;0,4486
,51,52,52,52,52
Fitness 75,49944, Gen ;0,794;0,3109;0,592;0,1174;0,0735;0,2043;0,1677;0,0593;0,4043;0,0132;0,7117;0,5307;0,1683;0,234;0,6252;0,8129;0,5151;0,207;0,099;0,4086;0,4486
,58,65,66,66,66
Fitness 2,38428, Gen ;0,794;0,3109;0,592;0,1174;0,0735;0,2043;0,1677;0,0593;0,4043;0,0132;0,7117;0,5307;0,1683;0,234;0,6252;0,8129;0,5151;0,207;0,099;0,4086;0,4486
,67,67,67,67,67
Fitness 74,62044, Gen ;0,794;0,3109;0,592;0,1174;0,0735;0,2043;0,1677;0,0593;0,4043;0,0132;0,7117;0,5307;0,1683;0,234;0,6252;0,8129;0,5151;0,207;0,099;0,4086;0,4486
,46,46,47,47,48
Fitness 53,53922, Gen ;0,794;0,3109;0,592;0,1174;0,0735;0,2043;0,1677;0,0593;0,4043;0,0132;0,7117;0,5307;0,1683;0,234;0,6252;0,8129;0,5151;0,207;0,099;0,4086;0,4486
,46,46,46,46,47
Fitness 50,92109, Gen ;0,794;0,3109;0,592;0,1174;0,0735;0,2043;0,1677;0,0593;0,4043;0,0132;0,7117;0,5307;0,1683;0,234;0,6252;0,8129;0,5151;0,207;0,099;0,4086;0,4486
,45,46,46,46,46
Fitness 83,06165, Gen ;0,794;0,3109;0,592;0,1174;0,0735;0,2043;0,1677;0,0593;0,4043;0,0132;0,7117;0,5307;0,1683;0,234;0,6252;0,8129;0,5151;0,207;0,099;0,4086;0,4486
,83,83,87,99,103
Fitness 84,11961, Gen ;0,794;0,3109;0,592;0,1174;0,0735;0,2043;0,1677;0,0593;0,4043;0,0132;0,7117;0,5307;0,1683;0,234;0,6252;0,8129;0,5151;0,207;0,099;0,4086;0,4486
,59,60,60,117,121
Fitness 85,64341, Gen ;0,794;0,3109;0,592;0,1174;0,0735;0,2043;0,1677;0,0593;0,4043;0,0132;0,7117;0,5307;0,1683;0,234;0,6252;0,8129;0,5151;0,207;0,099;0,4086;0,4486
,50,51,51,51,52
Fitness 18,73745, Gen ;0,794;0,3109;0,592;0,1174;0,0735;0,2043;0,1677;0,0593;0,4043;0,0132;0,7117;0,5307;0,1683;0,234;0,6252;0,8129;0,5151;0,207;0,099;0,4086;0,4486
,88,89,89,89,96
Fitness 12,24819, Gen ;0,794;0,3109;0,592;0,1174;0,0735;0,2043;0,1677;0,0593;0,4043;0,0132;0,7117;0,5307;0,1683;0,234;0,6252;0,8129;0,5151;0,207;0,099;0,4086;0,4486
,54,54,54,55,63
Fitness 75,48215, Gen ;0,794;0,3109;0,592;0,1174;0,0735;0,2043;0,1677;0,0593;0,4043;0,0132;0,7117;0,5307;0,1683;0,234;0,6252;0,8129;0,5151;0,207;0,099;0,4086;0,4486
,57,57,57,57,57
Fitness 22,49073, Gen ;0,794;0,3109;0,592;0,1174;0,0735;0,2043;0,1677;0,0593;0,4043;0,0132;0,7117;0,5307;0,1683;0,234;0,6252;0,8129;0,5151;0,207;0,099;0,4086;0,4486
,48,48,48,48,49
Fitness 60,46089, Gen ;0,794;0,3109;0,592;0,1174;0,0735;0,2043;0,1677;0,0593;0,4043;0,0132;0,7117;0,5307;0,1683;0,234;0,6252;0,8129;0,5151;0,207;0,099;0,4086;0,4486
,89,89,89,89,90
Fitness 66,17299, Gen ;0,794;0,3109;0,592;0,1174;0,0735;0,2043;0,1677;0,0593;0,4043;0,0132;0,7117;0,5307;0,1683;0,234;0,6252;0,8129;0,5151;0,207;0,099;0,4086;0,4486
,91,94,116,116,117
Fitness 80,70894, Gen ;0,794;0,3109;0,592;0,1174;0,0735;0,2043;0,1677;0,0593;0,4043;0,0132;0,7117;0,5307;0,1683;0,234;0,6252;0,8129;0,5151;0,207;0,099;0,4086;0,4486
,70,153,155,178,178
Fitness 26,24227, Gen ;0,794;0,3109;0,592;0,1174;0,0735;0,2043;0,1677;0,0593;0,4043;0,0132;0,7117;0,5307;0,1683;0,234;0,6252;0,8129;0,5151;0,207;0,099;0,4086;0,4486
,82,142,142,143,144
Fitness 10,57001, Gen ;0,794;0,3109;0,592;0,1174;0,0735;0,2043;0,1677;0,0593;0,4043;0,0132;0,7117;0,5307;0,1683;0,234;0,6252;0,8129;0,5151;0,207;0,099;0,4086;0,4486
,55,55,58,58,58
Fitness 0,1679668, Gen ;0,794;0,3109;0,592;0,1174;0,0735;0,2043;0,1677;0,0593;0,4043;0,0132;0,7117;0,5307;0,1683;0,234;0,6252;0,8129;0,5151;0,207;0,099;0,4086;0,4486
,133,133,134,155,155
Fitness 2,420043, Gen ;0,794;0,3109;0,592;0,1174;0,0735;0,2043;0,1677;0,0593;0,4043;0,0132;0,7117;0,5307;0,1683;0,234;0,6252;0,8129;0,5151;0,207;0,099;0,4086;0,4486
,45,45,45,45,46
Fitness 65,68364, Gen ;0,794;0,3109;0,592;0,1174;0,0735;0,2043;0,1677;0,0593;0,4043;0,0132;0,7117;0,5307;0,1683;0,234;0,6252;0,8129;0,5151;0,207;0,099;0,4086;0,4486
,113,113,113,114,114
Fitness 0,9398327, Gen ;0,794;0,3109;0,592;0,1174;0,0735;0,2043;0,1677;0,0593;0,4043;0,0132;0,7117;0,5307;0,1683;0,234;0,6252;0,8129;0,5151;0,207;0,099;0,4086;0,4486
,49,49,49,49,50
Fitness 86,51492, Gen ;0,794;0,3109;0,592;0,1174;0,0735;0,2043;0,1677;0,0593;0,4043;0,0132;0,7117;0,5307;0,1683;0,234;0,6252;0,8129;0,5151;0,207;0,099;0,4086;0,4486
,51,51,51,51,52
Fitness 10,32129, Gen ;0,794;0,3109;0,592;0,1174;0,0735;0,2043;0,1677;0,0593;0,4043;0,0132;0,7117;0,5307;0,1683;0,234;0,6252;0,8129;0,5151;0,207;0,099;0,4086;0,4486
,75,75,75,75,89
Fitness 78,96341, Gen ;0,794;0,3109;0,592;0,1174;0,0735;0,2043;0,1677;0,0593;0,4043;0,0132;0,7117;0,5307;0,1683;0,234;0,6252;0,8129;0,5151;0,207;0,099;0,4086;0,4486
,67,67,70,71,72
Fitness 75,36285, Gen ;0,794;0,3109;0,592;0,1174;0,0735;0,2043;0,1677;0,0593;0,4043;0,0132;0,7117;0,5307;0,1683;0,234;0,6252;0,8129;0,5151;0,207;0,099;0,4086;0,4486
,67,80,84,85,85
Fitness 30,29857, Gen ;0,794;0,3109;0,592;0,1174;0,0735;0,2043;0,1677;0,0593;0,4043;0,0132;0,7117;0,5307;0,1683;0,234;0,6252;0,8129;0,5151;0,207;0,099;0,4086;0,4486
,55,55,55,55,73
Fitness 46,11243, Gen ;0,794;0,3109;0,592;0,1174;0,0735;0,2043;0,1677;0,0593;0,4043;0,0132;0,7117;0,5307;0,1683;0,234;0,6252;0,8129;0,5151;0,207;0,099;0,4086;0,4486
,61,62,62,66,67
Fitness 31,9759, Gen ;0,794;0,3109;0,592;0,1174;0,0735;0,2043;0,1677;0,0593;0,4043;0,0132;0,7117;0,5307;0,1683;0,234;0,6252;0,8129;0,5151;0,207;0,099;0,4086;0,4486
,55,55,55,55,72
Fitness 49,28368, Gen ;0,794;0,3109;0,592;0,1174;0,0735;0,2043;0,1677;0,0593;0,4043;0,0132;0,7117;0,5307;0,1683;0,234;0,6252;0,8129;0,5151;0,207;0,099;0,4086;0,4486
,79,79,79,80,80
Fitness 53,12813, Gen ;0,794;0,3109;0,592;0,1174;0,0735;0,2043;0,1677;0,0593;0,4043;0,0132;0,7117;0,5307;0,1683;0,234;0,6252;0,8129;0,5151;0,207;0,099;0,4086;0,4486
,45,45,45,46,46
Fitness 50,75541, Gen ;0,794;0,3109;0,592;0,1174;0,0735;0,2043;0,1677;0,0593;0,4043;0,0132;0,7117;0,5307;0,1683;0,234;0,6252;0,8129;0,5151;0,207;0,099;0,4086;0,4486
,63,63,64,64,70
Fitness 35,6827, Gen ;0,794;0,3109;0,592;0,1174;0,0735;0,2043;0,1677;0,0593;0,4043;0,0132;0,7117;0,5307;0,1683;0,234;0,6252;0,8129;0,5151;0,207;0,099;0,4086;0,4486
,50,51,51,51,51
Fitness 85,94485, Gen ;0,794;0,3109;0,592;0,1174;0,0735;0,2043;0,1677;0,0593;0,4043;0,0132;0,7117;0,5307;0,1683;0,234;0,6252;0,8129;0,5151;0,207;0,099;0,4086;0,4486
,45,45,46,71,72
Fitness 49,21607, Gen ;0,794;0,3109;0,592;0,1174;0,0735;0,2043;0,1677;0,0593;0,4043;0,0132;0,7117;0,5307;0,1683;0,234;0,6252;0,8129;0,5151;0,207;0,099;0,4086;0,4486
,44,44,44,45,45
Fitness 75,96525, Gen ;0,794;0,3109;0,592;0,1174;0,0735;0,2043;0,1677;0,0593;0,4043;0,0132;0,7117;0,5307;0,1683;0,234;0,6252;0,8129;0,5151;0,207;0,099;0,4086;0,4486
,93,94,94,101,101
Fitness 51,4628, Gen ;0,794;0,3109;0,592;0,1174;0,0735;0,2043;0,1677;0,0593;0,4043;0,0132;0,7117;0,5307;0,1683;0,234;0,6252;0,8129;0,5151;0,207;0,099;0,4086;0,4486
,63,63,63,63,63
Fitness 88,30716, Gen ;0,794;0,3109;0,592;0,1174;0,0735;0,2043;0,1677;0,0593;0,4043;0,0132;0,7117;0,5307;0,1683;0,234;0,6252;0,8129;0,5151;0,207;0,099;0,4086;0,4486
,103,103,104,117,117
Fitness 18,52117, Gen ;0,794;0,3109;0,592;0,1174;0,0735;0,2043;0,1677;0,0593;0,4043;0,0132;0,7117;0,5307;0,1683;0,234;0,6252;0,8129;0,5151;0,207;0,099;0,4086;0,4486
,67,89,122,122,123
Fitness 56,9927, Gen ;0,794;0,3109;0,592;0,1174;0,0735;0,2043;0,1677;0,0593;0,4043;0,0132;0,7117;0,5307;0,1683;0,234;0,6252;0,8129;0,5151;0,207;0,099;0,4086;0,4486
,97,98,98,98,98
Fitness 9,926998, Gen ;0,794;0,3109;0,592;0,1174;0,0735;0,2043;0,1677;0,0593;0,4043;0,0132;0,7117;0,5307;0,1683;0,234;0,6252;0,8129;0,5151;0,207;0,099;0,4086;0,4486
,59,60,60,60,60
Fitness 8,828662, Gen ;0,794;0,3109;0,592;0,1174;0,0735;0,2043;0,1677;0,0593;0,4043;0,0132;0,7117;0,5307;0,1683;0,234;0,6252;0,8129;0,5151;0,207;0,099;0,4086;0,4486
,40,41,41,41,41
Fitness 19,46934, Gen ;0,794;0,3109;0,592;0,1174;0,0735;0,2043;0,1677;0,0593;0,4043;0,0132;0,7117;0,5307;0,1683;0,234;0,6252;0,8129;0,5151;0,207;0,099;0,4086;0,4486
,106,111,111,111,116
Fitness 62,04332, Gen ;0,794;0,3109;0,592;0,1174;0,0735;0,2043;0,1677;0,0593;0,4043;0,0132;0,7117;0,5307;0,1683;0,234;0,6252;0,8129;0,5151;0,207;0,099;0,4086;0,4486
,72,72,73,73,73
Fitness 96,36452, Gen ;0,794;0,3109;0,592;0,1174;0,0735;0,2043;0,1677;0,0593;0,4043;0,0132;0,7117;0,5307;0,1683;0,234;0,6252;0,8129;0,5151;0,207;0,099;0,4086;0,4486
,44,44,44,44,45
Fitness 10,16047, Gen ;0,794;0,3109;0,592;0,1174;0,0735;0,2043;0,1677;0,0593;0,4043;0,0132;0,7117;0,5307;0,1683;0,234;0,6252;0,8129;0,5151;0,207;0,099;0,4086;0,4486
,45,46,46,46,47
Fitness 43,7101, Gen ;0,794;0,3109;0,592;0,1174;0,0735;0,2043;0,1677;0,0593;0,4043;0,0132;0,7117;0,5307;0,1683;0,234;0,6252;0,8129;0,5151;0,207;0,099;0,4086;0,4486
,54,54,71,71,72
Fitness 88,39813, Gen ;0,794;0,3109;0,592;0,1174;0,0735;0,2043;0,1677;0,0593;0,4043;0,0132;0,7117;0,5307;0,1683;0,234;0,6252;0,8129;0,5151;0,207;0,099;0,4086;0,4486
,172,172,172
Fitness 84,66778, Gen ;0,794;0,3109;0,592;0,1174;0,0735;0,2043;0,1677;0,0593;0,4043;0,0132;0,7117;0,5307;0,1683;0,234;0,6252;0,8129;0,5151;0,207;0,099;0,4086;0,4486
,68,69,69,69,70
Fitness 48,19032, Gen ;0,794;0,3109;0,592;0,1174;0,0735;0,2043;0,1677;0,0593;0,4043;0,0132;0,7117;0,5307;0,1683;0,234;0,6252;0,8129;0,5151;0,207;0,099;0,4086;0,4486
,68,69,69,70,73
Fitness 0,00219127, Gen ;0,794;0,3109;0,592;0,1174;0,0735;0,2043;0,1677;0,0593;0,4043;0,0132;0,7117;0,5307;0,1683;0,234;0,6252;0,8129;0,5151;0,207;0,099;0,4086;0,4486
,50,50,51,51,51
Fitness 48,10637, Gen ;0,794;0,3109;0,592;0,1174;0,0735;0,2043;0,1677;0,0593;0,4043;0,0132;0,7117;0,5307;0,1683;0,234;0,6252;0,8129;0,5151;0,207;0,099;0,4086;0,4486
,62,62,62,63,90
Fitness 45,20589, Gen ;0,794;0,3109;0,592;0,1174;0,0735;0,2043;0,1677;0,0593;0,4043;0,0132;0,7117;0,5307;0,1683;0,234;0,6252;0,8129;0,5151;0,207;0,099;0,4086;0,4486
,62,68,69,69,73
Fitness 76,52588, Gen ;0,794;0,3109;0,592;0,1174;0,0735;0,2043;0,1677;0,0593;0,4043;0,0132;0,7117;0,5307;0,1683;0,234;0,6252;0,8129;0,5151;0,207;0,099;0,4086;0,4486
,55,56,56,56,56
Fitness 31,97863, Gen ;0,794;0,3109;0,592;0,1174;0,0735;0,2043;0,1677;0,0593;0,4043;0,0132;0,7117;0,5307;0,1683;0,234;0,6252;0,8129;0,5151;0,207;0,099;0,4086;0,4486
,94,95,95,95,96
Fitness 45,42007, Gen ;0,794;0,3109;0,592;0,1174;0,0735;0,2043;0,1677;0,0593;0,4043;0,0132;0,7117;0,5307;0,1683;0,234;0,6252;0,8129;0,5151;0,207;0,099;0,4086;0,4486
,71,72,126,127,128
Fitness 67,92637, Gen ;0,794;0,3109;0,592;0,1174;0,0735;0,2043;0,1677;0,0593;0,4043;0,0132;0,7117;0,5307;0,1683;0,234;0,6252;0,8129;0,5151;0,207;0,099;0,4086;0,4486
,61,61,61,61,61
Fitness 21,09713, Gen ;0,794;0,3109;0,592;0,1174;0,0735;0,2043;0,1677;0,0593;0,4043;0,0132;0,7117;0,5307;0,1683;0,234;0,6252;0,8129;0,5151;0,207;0,099;0,4086;0,4486
,49,50,50,50,50
Fitness 7,254939, Gen ;0,794;0,3109;0,592;0,1174;0,0735;0,2043;0,1677;0,0593;0,4043;0,0132;0,7117;0,5307;0,1683;0,234;0,6252;0,8129;0,5151;0,207;0,099;0,4086;0,4486
,96,97,97,98,99
Fitness 59,55309, Gen ;0,794;0,3109;0,592;0,1174;0,0735;0,2043;0,1677;0,0593;0,4043;0,0132;0,7117;0,5307;0,1683;0,234;0,6252;0,8129;0,5151;0,207;0,099;0,4086;0,4486
,53,53,53,54,54
Fitness 77,73664, Gen ;0,794;0,3109;0,592;0,1174;0,0735;0,2043;0,1677;0,0593;0,4043;0,0132;0,7117;0,5307;0,1683;0,234;0,6252;0,8129;0,5151;0,207;0,099;0,4086;0,4486
,37,38,38,38,38
Fitness 19,39217, Gen ;0,794;0,3109;0,592;0,1174;0,0735;0,2043;0,1677;0,0593;0,4043;0,0132;0,7117;0,5307;0,1683;0,234;0,6252;0,8129;0,5151;0,207;0,099;0,4086;0,4486
,88,88,88,90,91
Fitness 71,89272, Gen ;0,794;0,3109;0,592;0,1174;0,0735;0,2043;0,1677;0,0593;0,4043;0,0132;0,7117;0,5307;0,1683;0,234;0,6252;0,8129;0,5151;0,207;0,099;0,4086;0,4486
,44,44,45,46,46
Fitness 102,0183, Gen ;0,794;0,3109;0,592;0,1174;0,0735;0,2043;0,1677;0,0593;0,4043;0,0132;0,7117;0,5307;0,1683;0,234;0,6252;0,8129;0,5151;0,207;0,099;0,4086;0,4486
,121,121,122,122,122
Fitness 25,77731, Gen ;0,794;0,3109;0,592;0,1174;0,0735;0,2043;0,1677;0,0593;0,4043;0,0132;0,7117;0,5307;0,1683;0,234;0,6252;0,8129;0,5151;0,207;0,099;0,4086;0,4486
,61,61,61,62,62
Fitness 86,76583, Gen ;0,794;0,3109;0,592;0,1174;0,0735;0,2043;0,1677;0,0593;0,4043;0,0132;0,7117;0,5307;0,1683;0,234;0,6252;0,8129;0,5151;0,207;0,099;0,4086;0,4486
,45,46,46,46,46
Fitness 7,01076, Gen ;0,794;0,3109;0,592;0,1174;0,0735;0,2043;0,1677;0,0593;0,4043;0,0132;0,7117;0,5307;0,1683;0,234;0,6252;0,8129;0,5151;0,207;0,099;0,4086;0,4486
,41,42,42,42,42
Fitness 59,46017, Gen ;0,794;0,3109;0,592;0,1174;0,0735;0,2043;0,1677;0,0593;0,4043;0,0132;0,7117;0,5307;0,1683;0,234;0,6252;0,8129;0,5151;0,207;0,099;0,4086;0,4486
,90,90,90,90,94
Fitness 85,68915, Gen ;0,794;0,3109;0,592;0,1174;0,0735;0,2043;0,1677;0,0593;0,4043;0,0132;0,7117;0,5307;0,1683;0,234;0,6252;0,8129;0,5151;0,207;0,099;0,4086;0,4486
,165
Fitness 93,6149, Gen ;0,794;0,3109;0,592;0,1174;0,0735;0,2043;0,1677;0,0593;0,4043;0,0132;0,7117;0,5307;0,1683;0,234;0,6252;0,8129;0,5151;0,207;0,099;0,4086;0,4486
,50,51,51,51,51
Fitness 23,41652, Gen ;0,794;0,3109;0,592;0,1174;0,0735;0,2043;0,1677;0,0593;0,4043;0,0132;0,7117;0,5307;0,1683;0,234;0,6252;0,8129;0,5151;0,207;0,099;0,4086;0,4486
,120,123,158,158,158
Fitness 0,003755796, Gen ;0,794;0,3109;0,592;0,1174;0,0735;0,2043;0,1677;0,0593;0,4043;0,0132;0,7117;0,5307;0,1683;0,234;0,6252;0,8129;0,5151;0,207;0,099;0,4086;0,4486
,80,82,83,83,83
Fitness 76,10534, Gen ;0,794;0,3109;0,592;0,1174;0,0735;0,2043;0,1677;0,0593;0,4043;0,0132;0,7117;0,5307;0,1683;0,234;0,6252;0,8129;0,5151;0,207;0,099;0,4086;0,4486
,52,52,52,52,53
Fitness 0,7384328, Gen ;0,794;0,3109;0,592;0,1174;0,0735;0,2043;0,1677;0,0593;0,4043;0,0132;0,7117;0,5307;0,1683;0,234;0,6252;0,8129;0,5151;0,207;0,099;0,4086;0,4486
,113,113,114,114,114
Fitness 32,37888, Gen ;0,794;0,3109;0,592;0,1174;0,0735;0,2043;0,1677;0,0593;0,4043;0,0132;0,7117;0,5307;0,1683;0,234;0,6252;0,8129;0,5151;0,207;0,099;0,4086;0,4486
,116,116,116,116,143
Fitness 74,14629, Gen ;0,794;0,3109;0,592;0,1174;0,0735;0,2043;0,1677;0,0593;0,4043;0,0132;0,7117;0,5307;0,1683;0,234;0,6252;0,8129;0,5151;0,207;0,099;0,4086;0,4486
,79,79,80,94,95
Fitness 10,54954, Gen ;0,794;0,3109;0,592;0,1174;0,0735;0,2043;0,1677;0,0593;0,4043;0,0132;0,7117;0,5307;0,1683;0,234;0,6252;0,8129;0,5151;0,207;0,099;0,4086;0,4486
,50,50,50,51,51
Fitness 2,876605, Gen ;0,794;0,3109;0,592;0,1174;0,0735;0,2043;0,1677;0,0593;0,4043;0,0132;0,7117;0,5307;0,1683;0,234;0,6252;0,8129;0,5151;0,207;0,099;0,4086;0,4486
,93,93,94,143,144
Fitness 24,46581, Gen ;0,794;0,3109;0,592;0,1174;0,0735;0,2043;0,1677;0,0593;0,4043;0,0132;0,7117;0,5307;0,1683;0,234;0,6252;0,8129;0,5151;0,207;0,099;0,4086;0,4486
,95,96,96,96,96
Fitness 76,74818, Gen ;0,794;0,3109;0,592;0,1174;0,0735;0,2043;0,1677;0,0593;0,4043;0,0132;0,7117;0,5307;0,1683;0,234;0,6252;0,8129;0,5151;0,207;0,099;0,4086;0,4486
,95,95,95,97,97
Fitness 3,260725, Gen ;0,794;0,3109;0,592;0,1174;0,0735;0,2043;0,1677;0,0593;0,4043;0,0132;0,7117;0,5307;0,1683;0,234;0,6252;0,8129;0,5151;0,207;0,099;0,4086;0,4486
,84,84,84,86,87
