	5PopravljenStroembom ovc
	2 AI1 ovcarjev
Fitness 49,65495, Gen ;0,7804;0,8003;0,8837;0,5503;0,0951;0,2778;0,0537;0,1521;0,8396;0,598;0,0955;0,3782;0,9296;0,3517;0,1115;0,2248;0,6162;0,939;0,1237;0,7946;0,5592
,69,69,70,70,70
Fitness 57,67696, Gen ;0,7804;0,8003;0,8837;0,5503;0,0951;0,2778;0,0537;0,1521;0,8396;0,598;0,0955;0,3782;0,9296;0,3517;0,1115;0,2248;0,6162;0,939;0,1237;0,7946;0,5592
,147,148,148,148,148
Fitness 58,64525, Gen ;0,7804;0,8003;0,8837;0,5503;0,0951;0,2778;0,0537;0,1521;0,8396;0,598;0,0955;0,3782;0,9296;0,3517;0,1115;0,2248;0,6162;0,939;0,1237;0,7946;0,5592
,108,108,109,109,109
Fitness 48,17235, Gen ;0,7804;0,8003;0,8837;0,5503;0,0951;0,2778;0,0537;0,1521;0,8396;0,598;0,0955;0,3782;0,9296;0,3517;0,1115;0,2248;0,6162;0,939;0,1237;0,7946;0,5592
,64,65,65,65,66
Fitness 1,297166, Gen ;0,7804;0,8003;0,8837;0,5503;0,0951;0,2778;0,0537;0,1521;0,8396;0,598;0,0955;0,3782;0,9296;0,3517;0,1115;0,2248;0,6162;0,939;0,1237;0,7946;0,5592
,134,135,135,135,136
Fitness 12,81354, Gen ;0,7804;0,8003;0,8837;0,5503;0,0951;0,2778;0,0537;0,1521;0,8396;0,598;0,0955;0,3782;0,9296;0,3517;0,1115;0,2248;0,6162;0,939;0,1237;0,7946;0,5592
,111,111,111,112,112
Fitness 53,76448, Gen ;0,7804;0,8003;0,8837;0,5503;0,0951;0,2778;0,0537;0,1521;0,8396;0,598;0,0955;0,3782;0,9296;0,3517;0,1115;0,2248;0,6162;0,939;0,1237;0,7946;0,5592
,83,83,84,84,84
Fitness 3,20214, Gen ;0,7804;0,8003;0,8837;0,5503;0,0951;0,2778;0,0537;0,1521;0,8396;0,598;0,0955;0,3782;0,9296;0,3517;0,1115;0,2248;0,6162;0,939;0,1237;0,7946;0,5592
,51,52,52,52,52
Fitness 11,27793, Gen ;0,7804;0,8003;0,8837;0,5503;0,0951;0,2778;0,0537;0,1521;0,8396;0,598;0,0955;0,3782;0,9296;0,3517;0,1115;0,2248;0,6162;0,939;0,1237;0,7946;0,5592
,60,60,61,61,61
Fitness 31,60476, Gen ;0,7804;0,8003;0,8837;0,5503;0,0951;0,2778;0,0537;0,1521;0,8396;0,598;0,0955;0,3782;0,9296;0,3517;0,1115;0,2248;0,6162;0,939;0,1237;0,7946;0,5592

Fitness 74,81731, Gen ;0,7804;0,8003;0,8837;0,5503;0,0951;0,2778;0,0537;0,1521;0,8396;0,598;0,0955;0,3782;0,9296;0,3517;0,1115;0,2248;0,6162;0,939;0,1237;0,7946;0,5592
,80,80,80,80,80
Fitness 59,67045, Gen ;0,7804;0,8003;0,8837;0,5503;0,0951;0,2778;0,0537;0,1521;0,8396;0,598;0,0955;0,3782;0,9296;0,3517;0,1115;0,2248;0,6162;0,939;0,1237;0,7946;0,5592
,83,85,85,85,87
Fitness 0,00158606, Gen ;0,7804;0,8003;0,8837;0,5503;0,0951;0,2778;0,0537;0,1521;0,8396;0,598;0,0955;0,3782;0,9296;0,3517;0,1115;0,2248;0,6162;0,939;0,1237;0,7946;0,5592
,61,62,62,62,62
Fitness 35,57499, Gen ;0,7804;0,8003;0,8837;0,5503;0,0951;0,2778;0,0537;0,1521;0,8396;0,598;0,0955;0,3782;0,9296;0,3517;0,1115;0,2248;0,6162;0,939;0,1237;0,7946;0,5592
,68,68,69,69,69
Fitness 28,8983, Gen ;0,7804;0,8003;0,8837;0,5503;0,0951;0,2778;0,0537;0,1521;0,8396;0,598;0,0955;0,3782;0,9296;0,3517;0,1115;0,2248;0,6162;0,939;0,1237;0,7946;0,5592
,51,51,51,51,52
Fitness 58,19962, Gen ;0,7804;0,8003;0,8837;0,5503;0,0951;0,2778;0,0537;0,1521;0,8396;0,598;0,0955;0,3782;0,9296;0,3517;0,1115;0,2248;0,6162;0,939;0,1237;0,7946;0,5592
,52,52,52,52,53
Fitness 48,8512, Gen ;0,7804;0,8003;0,8837;0,5503;0,0951;0,2778;0,0537;0,1521;0,8396;0,598;0,0955;0,3782;0,9296;0,3517;0,1115;0,2248;0,6162;0,939;0,1237;0,7946;0,5592
,133,134,134,134,134
Fitness 75,98738, Gen ;0,7804;0,8003;0,8837;0,5503;0,0951;0,2778;0,0537;0,1521;0,8396;0,598;0,0955;0,3782;0,9296;0,3517;0,1115;0,2248;0,6162;0,939;0,1237;0,7946;0,5592
,60,60,60,61,61
Fitness 74,27161, Gen ;0,7804;0,8003;0,8837;0,5503;0,0951;0,2778;0,0537;0,1521;0,8396;0,598;0,0955;0,3782;0,9296;0,3517;0,1115;0,2248;0,6162;0,939;0,1237;0,7946;0,5592
,118,118,118,118,119
Fitness 3,477437, Gen ;0,7804;0,8003;0,8837;0,5503;0,0951;0,2778;0,0537;0,1521;0,8396;0,598;0,0955;0,3782;0,9296;0,3517;0,1115;0,2248;0,6162;0,939;0,1237;0,7946;0,5592
,63,64,65,65,66
Fitness 60,10328, Gen ;0,7804;0,8003;0,8837;0,5503;0,0951;0,2778;0,0537;0,1521;0,8396;0,598;0,0955;0,3782;0,9296;0,3517;0,1115;0,2248;0,6162;0,939;0,1237;0,7946;0,5592
,62,62,62,62,63
Fitness 8,411022, Gen ;0,7804;0,8003;0,8837;0,5503;0,0951;0,2778;0,0537;0,1521;0,8396;0,598;0,0955;0,3782;0,9296;0,3517;0,1115;0,2248;0,6162;0,939;0,1237;0,7946;0,5592
,135,135,135,136,136
Fitness 53,41257, Gen ;0,7804;0,8003;0,8837;0,5503;0,0951;0,2778;0,0537;0,1521;0,8396;0,598;0,0955;0,3782;0,9296;0,3517;0,1115;0,2248;0,6162;0,939;0,1237;0,7946;0,5592
,62,62,62,63,64
Fitness 58,06687, Gen ;0,7804;0,8003;0,8837;0,5503;0,0951;0,2778;0,0537;0,1521;0,8396;0,598;0,0955;0,3782;0,9296;0,3517;0,1115;0,2248;0,6162;0,939;0,1237;0,7946;0,5592
,52,52,52,52,52
Fitness 3,215042, Gen ;0,7804;0,8003;0,8837;0,5503;0,0951;0,2778;0,0537;0,1521;0,8396;0,598;0,0955;0,3782;0,9296;0,3517;0,1115;0,2248;0,6162;0,939;0,1237;0,7946;0,5592
,105,105,105,106,106
Fitness 56,82206, Gen ;0,7804;0,8003;0,8837;0,5503;0,0951;0,2778;0,0537;0,1521;0,8396;0,598;0,0955;0,3782;0,9296;0,3517;0,1115;0,2248;0,6162;0,939;0,1237;0,7946;0,5592
,63,64,64,64,64
Fitness 74,81703, Gen ;0,7804;0,8003;0,8837;0,5503;0,0951;0,2778;0,0537;0,1521;0,8396;0,598;0,0955;0,3782;0,9296;0,3517;0,1115;0,2248;0,6162;0,939;0,1237;0,7946;0,5592
,65,66,66,66,66
Fitness 14,47335, Gen ;0,7804;0,8003;0,8837;0,5503;0,0951;0,2778;0,0537;0,1521;0,8396;0,598;0,0955;0,3782;0,9296;0,3517;0,1115;0,2248;0,6162;0,939;0,1237;0,7946;0,5592
,50,50,50,50,51
Fitness 55,66413, Gen ;0,7804;0,8003;0,8837;0,5503;0,0951;0,2778;0,0537;0,1521;0,8396;0,598;0,0955;0,3782;0,9296;0,3517;0,1115;0,2248;0,6162;0,939;0,1237;0,7946;0,5592
,99,99,99,99,101
Fitness 52,79971, Gen ;0,7804;0,8003;0,8837;0,5503;0,0951;0,2778;0,0537;0,1521;0,8396;0,598;0,0955;0,3782;0,9296;0,3517;0,1115;0,2248;0,6162;0,939;0,1237;0,7946;0,5592
,118,118,118,119,119
Fitness 77,22488, Gen ;0,7804;0,8003;0,8837;0,5503;0,0951;0,2778;0,0537;0,1521;0,8396;0,598;0,0955;0,3782;0,9296;0,3517;0,1115;0,2248;0,6162;0,939;0,1237;0,7946;0,5592
,97,97,98,98,98
Fitness 18,03749, Gen ;0,7804;0,8003;0,8837;0,5503;0,0951;0,2778;0,0537;0,1521;0,8396;0,598;0,0955;0,3782;0,9296;0,3517;0,1115;0,2248;0,6162;0,939;0,1237;0,7946;0,5592
,109,109,110,110,111
Fitness 8,285433, Gen ;0,7804;0,8003;0,8837;0,5503;0,0951;0,2778;0,0537;0,1521;0,8396;0,598;0,0955;0,3782;0,9296;0,3517;0,1115;0,2248;0,6162;0,939;0,1237;0,7946;0,5592
,115,115,115,115,116
Fitness 19,51224, Gen ;0,7804;0,8003;0,8837;0,5503;0,0951;0,2778;0,0537;0,1521;0,8396;0,598;0,0955;0,3782;0,9296;0,3517;0,1115;0,2248;0,6162;0,939;0,1237;0,7946;0,5592
,91,91,91,92,92
Fitness 12,16664, Gen ;0,7804;0,8003;0,8837;0,5503;0,0951;0,2778;0,0537;0,1521;0,8396;0,598;0,0955;0,3782;0,9296;0,3517;0,1115;0,2248;0,6162;0,939;0,1237;0,7946;0,5592
,156,156,156,157,157
Fitness 9,674293, Gen ;0,7804;0,8003;0,8837;0,5503;0,0951;0,2778;0,0537;0,1521;0,8396;0,598;0,0955;0,3782;0,9296;0,3517;0,1115;0,2248;0,6162;0,939;0,1237;0,7946;0,5592
,126,126,127,127,127
Fitness 24,62435, Gen ;0,7804;0,8003;0,8837;0,5503;0,0951;0,2778;0,0537;0,1521;0,8396;0,598;0,0955;0,3782;0,9296;0,3517;0,1115;0,2248;0,6162;0,939;0,1237;0,7946;0,5592
,101,101,108,108,109
Fitness 0,5995768, Gen ;0,7804;0,8003;0,8837;0,5503;0,0951;0,2778;0,0537;0,1521;0,8396;0,598;0,0955;0,3782;0,9296;0,3517;0,1115;0,2248;0,6162;0,939;0,1237;0,7946;0,5592
,58,59,59,59,59
Fitness 5,4597, Gen ;0,7804;0,8003;0,8837;0,5503;0,0951;0,2778;0,0537;0,1521;0,8396;0,598;0,0955;0,3782;0,9296;0,3517;0,1115;0,2248;0,6162;0,939;0,1237;0,7946;0,5592
,118,118,119,119,119
Fitness 13,6341, Gen ;0,7804;0,8003;0,8837;0,5503;0,0951;0,2778;0,0537;0,1521;0,8396;0,598;0,0955;0,3782;0,9296;0,3517;0,1115;0,2248;0,6162;0,939;0,1237;0,7946;0,5592
,116,117,117,117,117
Fitness 63,11538, Gen ;0,7804;0,8003;0,8837;0,5503;0,0951;0,2778;0,0537;0,1521;0,8396;0,598;0,0955;0,3782;0,9296;0,3517;0,1115;0,2248;0,6162;0,939;0,1237;0,7946;0,5592
,57,57,57,58,58
Fitness 8,127672, Gen ;0,7804;0,8003;0,8837;0,5503;0,0951;0,2778;0,0537;0,1521;0,8396;0,598;0,0955;0,3782;0,9296;0,3517;0,1115;0,2248;0,6162;0,939;0,1237;0,7946;0,5592
,86,86,86,90,90
Fitness 9,084459, Gen ;0,7804;0,8003;0,8837;0,5503;0,0951;0,2778;0,0537;0,1521;0,8396;0,598;0,0955;0,3782;0,9296;0,3517;0,1115;0,2248;0,6162;0,939;0,1237;0,7946;0,5592
,166,166,167,167,167
Fitness 65,16618, Gen ;0,7804;0,8003;0,8837;0,5503;0,0951;0,2778;0,0537;0,1521;0,8396;0,598;0,0955;0,3782;0,9296;0,3517;0,1115;0,2248;0,6162;0,939;0,1237;0,7946;0,5592
,86,86,87,87,87
Fitness 26,52718, Gen ;0,7804;0,8003;0,8837;0,5503;0,0951;0,2778;0,0537;0,1521;0,8396;0,598;0,0955;0,3782;0,9296;0,3517;0,1115;0,2248;0,6162;0,939;0,1237;0,7946;0,5592
,63,64,64,64,65
Fitness 0,2477809, Gen ;0,7804;0,8003;0,8837;0,5503;0,0951;0,2778;0,0537;0,1521;0,8396;0,598;0,0955;0,3782;0,9296;0,3517;0,1115;0,2248;0,6162;0,939;0,1237;0,7946;0,5592

Fitness 29,21283, Gen ;0,7804;0,8003;0,8837;0,5503;0,0951;0,2778;0,0537;0,1521;0,8396;0,598;0,0955;0,3782;0,9296;0,3517;0,1115;0,2248;0,6162;0,939;0,1237;0,7946;0,5592
,81,81,81,82,82
Fitness 54,83762, Gen ;0,7804;0,8003;0,8837;0,5503;0,0951;0,2778;0,0537;0,1521;0,8396;0,598;0,0955;0,3782;0,9296;0,3517;0,1115;0,2248;0,6162;0,939;0,1237;0,7946;0,5592
,115,115,116,117,117
Fitness 0,001984538, Gen ;0,7804;0,8003;0,8837;0,5503;0,0951;0,2778;0,0537;0,1521;0,8396;0,598;0,0955;0,3782;0,9296;0,3517;0,1115;0,2248;0,6162;0,939;0,1237;0,7946;0,5592
,56,57,57,57,58
Fitness 33,84844, Gen ;0,7804;0,8003;0,8837;0,5503;0,0951;0,2778;0,0537;0,1521;0,8396;0,598;0,0955;0,3782;0,9296;0,3517;0,1115;0,2248;0,6162;0,939;0,1237;0,7946;0,5592
,105,105,105,105,106
Fitness 9,255714, Gen ;0,7804;0,8003;0,8837;0,5503;0,0951;0,2778;0,0537;0,1521;0,8396;0,598;0,0955;0,3782;0,9296;0,3517;0,1115;0,2248;0,6162;0,939;0,1237;0,7946;0,5592
,77,78,78,78,78
Fitness 65,51419, Gen ;0,7804;0,8003;0,8837;0,5503;0,0951;0,2778;0,0537;0,1521;0,8396;0,598;0,0955;0,3782;0,9296;0,3517;0,1115;0,2248;0,6162;0,939;0,1237;0,7946;0,5592
,49,49,49,49,50
Fitness 14,57274, Gen ;0,7804;0,8003;0,8837;0,5503;0,0951;0,2778;0,0537;0,1521;0,8396;0,598;0,0955;0,3782;0,9296;0,3517;0,1115;0,2248;0,6162;0,939;0,1237;0,7946;0,5592
,107,107,108,108,109
Fitness 38,03138, Gen ;0,7804;0,8003;0,8837;0,5503;0,0951;0,2778;0,0537;0,1521;0,8396;0,598;0,0955;0,3782;0,9296;0,3517;0,1115;0,2248;0,6162;0,939;0,1237;0,7946;0,5592
,141,142,142,142,142
Fitness 78,57765, Gen ;0,7804;0,8003;0,8837;0,5503;0,0951;0,2778;0,0537;0,1521;0,8396;0,598;0,0955;0,3782;0,9296;0,3517;0,1115;0,2248;0,6162;0,939;0,1237;0,7946;0,5592
,69,69,70,70,70
Fitness 13,21119, Gen ;0,7804;0,8003;0,8837;0,5503;0,0951;0,2778;0,0537;0,1521;0,8396;0,598;0,0955;0,3782;0,9296;0,3517;0,1115;0,2248;0,6162;0,939;0,1237;0,7946;0,5592
,67,67,68,68,68
Fitness 2,063371, Gen ;0,7804;0,8003;0,8837;0,5503;0,0951;0,2778;0,0537;0,1521;0,8396;0,598;0,0955;0,3782;0,9296;0,3517;0,1115;0,2248;0,6162;0,939;0,1237;0,7946;0,5592
,66,66,66,67,68
Fitness 47,48879, Gen ;0,7804;0,8003;0,8837;0,5503;0,0951;0,2778;0,0537;0,1521;0,8396;0,598;0,0955;0,3782;0,9296;0,3517;0,1115;0,2248;0,6162;0,939;0,1237;0,7946;0,5592
,130,131,131,131,131
Fitness 50,18199, Gen ;0,7804;0,8003;0,8837;0,5503;0,0951;0,2778;0,0537;0,1521;0,8396;0,598;0,0955;0,3782;0,9296;0,3517;0,1115;0,2248;0,6162;0,939;0,1237;0,7946;0,5592
,90,91,91,91,92
Fitness 50,84499, Gen ;0,7804;0,8003;0,8837;0,5503;0,0951;0,2778;0,0537;0,1521;0,8396;0,598;0,0955;0,3782;0,9296;0,3517;0,1115;0,2248;0,6162;0,939;0,1237;0,7946;0,5592
,67,67,67,67,68
Fitness 4,282354, Gen ;0,7804;0,8003;0,8837;0,5503;0,0951;0,2778;0,0537;0,1521;0,8396;0,598;0,0955;0,3782;0,9296;0,3517;0,1115;0,2248;0,6162;0,939;0,1237;0,7946;0,5592
,60,60,60,60,61
Fitness 24,61542, Gen ;0,7804;0,8003;0,8837;0,5503;0,0951;0,2778;0,0537;0,1521;0,8396;0,598;0,0955;0,3782;0,9296;0,3517;0,1115;0,2248;0,6162;0,939;0,1237;0,7946;0,5592
,113,113,113,113,113
Fitness 50,48599, Gen ;0,7804;0,8003;0,8837;0,5503;0,0951;0,2778;0,0537;0,1521;0,8396;0,598;0,0955;0,3782;0,9296;0,3517;0,1115;0,2248;0,6162;0,939;0,1237;0,7946;0,5592
,153,153,153,154,154
Fitness 60,59724, Gen ;0,7804;0,8003;0,8837;0,5503;0,0951;0,2778;0,0537;0,1521;0,8396;0,598;0,0955;0,3782;0,9296;0,3517;0,1115;0,2248;0,6162;0,939;0,1237;0,7946;0,5592
,68,68,68,69,69
Fitness 10,71385, Gen ;0,7804;0,8003;0,8837;0,5503;0,0951;0,2778;0,0537;0,1521;0,8396;0,598;0,0955;0,3782;0,9296;0,3517;0,1115;0,2248;0,6162;0,939;0,1237;0,7946;0,5592
,112,113,113,114,114
Fitness 0,7882977, Gen ;0,7804;0,8003;0,8837;0,5503;0,0951;0,2778;0,0537;0,1521;0,8396;0,598;0,0955;0,3782;0,9296;0,3517;0,1115;0,2248;0,6162;0,939;0,1237;0,7946;0,5592
,87,87,87,87,88
Fitness 48,87819, Gen ;0,7804;0,8003;0,8837;0,5503;0,0951;0,2778;0,0537;0,1521;0,8396;0,598;0,0955;0,3782;0,9296;0,3517;0,1115;0,2248;0,6162;0,939;0,1237;0,7946;0,5592
,107,108,108,108,108
Fitness 10,35019, Gen ;0,7804;0,8003;0,8837;0,5503;0,0951;0,2778;0,0537;0,1521;0,8396;0,598;0,0955;0,3782;0,9296;0,3517;0,1115;0,2248;0,6162;0,939;0,1237;0,7946;0,5592
,100,100,100,100,101
Fitness 28,12293, Gen ;0,7804;0,8003;0,8837;0,5503;0,0951;0,2778;0,0537;0,1521;0,8396;0,598;0,0955;0,3782;0,9296;0,3517;0,1115;0,2248;0,6162;0,939;0,1237;0,7946;0,5592
,64,64,64,64,65
Fitness 13,1153, Gen ;0,7804;0,8003;0,8837;0,5503;0,0951;0,2778;0,0537;0,1521;0,8396;0,598;0,0955;0,3782;0,9296;0,3517;0,1115;0,2248;0,6162;0,939;0,1237;0,7946;0,5592
,88,89,89,89,89
Fitness 17,83387, Gen ;0,7804;0,8003;0,8837;0,5503;0,0951;0,2778;0,0537;0,1521;0,8396;0,598;0,0955;0,3782;0,9296;0,3517;0,1115;0,2248;0,6162;0,939;0,1237;0,7946;0,5592
,101,101,101,102,103
Fitness 54,73524, Gen ;0,7804;0,8003;0,8837;0,5503;0,0951;0,2778;0,0537;0,1521;0,8396;0,598;0,0955;0,3782;0,9296;0,3517;0,1115;0,2248;0,6162;0,939;0,1237;0,7946;0,5592
,95,96,96,96,96
Fitness 26,88628, Gen ;0,7804;0,8003;0,8837;0,5503;0,0951;0,2778;0,0537;0,1521;0,8396;0,598;0,0955;0,3782;0,9296;0,3517;0,1115;0,2248;0,6162;0,939;0,1237;0,7946;0,5592
,112,113,113,113,114
Fitness 16,78958, Gen ;0,7804;0,8003;0,8837;0,5503;0,0951;0,2778;0,0537;0,1521;0,8396;0,598;0,0955;0,3782;0,9296;0,3517;0,1115;0,2248;0,6162;0,939;0,1237;0,7946;0,5592
,55,55,56,56,56
Fitness 21,32343, Gen ;0,7804;0,8003;0,8837;0,5503;0,0951;0,2778;0,0537;0,1521;0,8396;0,598;0,0955;0,3782;0,9296;0,3517;0,1115;0,2248;0,6162;0,939;0,1237;0,7946;0,5592
,72,72,72,72,72
Fitness 10,51093, Gen ;0,7804;0,8003;0,8837;0,5503;0,0951;0,2778;0,0537;0,1521;0,8396;0,598;0,0955;0,3782;0,9296;0,3517;0,1115;0,2248;0,6162;0,939;0,1237;0,7946;0,5592
,98,98,98,99,99
Fitness 68,52523, Gen ;0,7804;0,8003;0,8837;0,5503;0,0951;0,2778;0,0537;0,1521;0,8396;0,598;0,0955;0,3782;0,9296;0,3517;0,1115;0,2248;0,6162;0,939;0,1237;0,7946;0,5592
,53,53,54,54,54
Fitness 44,77405, Gen ;0,7804;0,8003;0,8837;0,5503;0,0951;0,2778;0,0537;0,1521;0,8396;0,598;0,0955;0,3782;0,9296;0,3517;0,1115;0,2248;0,6162;0,939;0,1237;0,7946;0,5592

Fitness 19,18966, Gen ;0,7804;0,8003;0,8837;0,5503;0,0951;0,2778;0,0537;0,1521;0,8396;0,598;0,0955;0,3782;0,9296;0,3517;0,1115;0,2248;0,6162;0,939;0,1237;0,7946;0,5592
,105,105,106,106,106
Fitness 71,84856, Gen ;0,7804;0,8003;0,8837;0,5503;0,0951;0,2778;0,0537;0,1521;0,8396;0,598;0,0955;0,3782;0,9296;0,3517;0,1115;0,2248;0,6162;0,939;0,1237;0,7946;0,5592
,89,89,89,90,90
Fitness 0,001469056, Gen ;0,7804;0,8003;0,8837;0,5503;0,0951;0,2778;0,0537;0,1521;0,8396;0,598;0,0955;0,3782;0,9296;0,3517;0,1115;0,2248;0,6162;0,939;0,1237;0,7946;0,5592
,105,105,106,106,106
Fitness 14,49726, Gen ;0,7804;0,8003;0,8837;0,5503;0,0951;0,2778;0,0537;0,1521;0,8396;0,598;0,0955;0,3782;0,9296;0,3517;0,1115;0,2248;0,6162;0,939;0,1237;0,7946;0,5592
,98,117,120,124,124
Fitness 26,22058, Gen ;0,7804;0,8003;0,8837;0,5503;0,0951;0,2778;0,0537;0,1521;0,8396;0,598;0,0955;0,3782;0,9296;0,3517;0,1115;0,2248;0,6162;0,939;0,1237;0,7946;0,5592
,174,174
Fitness 14,50756, Gen ;0,7804;0,8003;0,8837;0,5503;0,0951;0,2778;0,0537;0,1521;0,8396;0,598;0,0955;0,3782;0,9296;0,3517;0,1115;0,2248;0,6162;0,939;0,1237;0,7946;0,5592
,81,81,85,85,87
Fitness 7,012132, Gen ;0,7804;0,8003;0,8837;0,5503;0,0951;0,2778;0,0537;0,1521;0,8396;0,598;0,0955;0,3782;0,9296;0,3517;0,1115;0,2248;0,6162;0,939;0,1237;0,7946;0,5592
,122,122,122,122,123
Fitness 0,002326272, Gen ;0,7804;0,8003;0,8837;0,5503;0,0951;0,2778;0,0537;0,1521;0,8396;0,598;0,0955;0,3782;0,9296;0,3517;0,1115;0,2248;0,6162;0,939;0,1237;0,7946;0,5592
,96,98,98,98,98
Fitness 29,59035, Gen ;0,7804;0,8003;0,8837;0,5503;0,0951;0,2778;0,0537;0,1521;0,8396;0,598;0,0955;0,3782;0,9296;0,3517;0,1115;0,2248;0,6162;0,939;0,1237;0,7946;0,5592
,66,66,67,67,67
Fitness 6,711626, Gen ;0,7804;0,8003;0,8837;0,5503;0,0951;0,2778;0,0537;0,1521;0,8396;0,598;0,0955;0,3782;0,9296;0,3517;0,1115;0,2248;0,6162;0,939;0,1237;0,7946;0,5592
,69,69,70,70,71
Fitness 19,89578, Gen ;0,7804;0,8003;0,8837;0,5503;0,0951;0,2778;0,0537;0,1521;0,8396;0,598;0,0955;0,3782;0,9296;0,3517;0,1115;0,2248;0,6162;0,939;0,1237;0,7946;0,5592
,66,66,66,66,66
Fitness 51,81817, Gen ;0,7804;0,8003;0,8837;0,5503;0,0951;0,2778;0,0537;0,1521;0,8396;0,598;0,0955;0,3782;0,9296;0,3517;0,1115;0,2248;0,6162;0,939;0,1237;0,7946;0,5592
,130,130,131,131,131
Fitness 46,77263, Gen ;0,7804;0,8003;0,8837;0,5503;0,0951;0,2778;0,0537;0,1521;0,8396;0,598;0,0955;0,3782;0,9296;0,3517;0,1115;0,2248;0,6162;0,939;0,1237;0,7946;0,5592
,51,52,52,52,52
Fitness 52,66993, Gen ;0,7804;0,8003;0,8837;0,5503;0,0951;0,2778;0,0537;0,1521;0,8396;0,598;0,0955;0,3782;0,9296;0,3517;0,1115;0,2248;0,6162;0,939;0,1237;0,7946;0,5592
,73,73,74,74,75
Fitness 4,207431, Gen ;0,7804;0,8003;0,8837;0,5503;0,0951;0,2778;0,0537;0,1521;0,8396;0,598;0,0955;0,3782;0,9296;0,3517;0,1115;0,2248;0,6162;0,939;0,1237;0,7946;0,5592
,157,158,158,158,159
Fitness 74,85664, Gen ;0,7804;0,8003;0,8837;0,5503;0,0951;0,2778;0,0537;0,1521;0,8396;0,598;0,0955;0,3782;0,9296;0,3517;0,1115;0,2248;0,6162;0,939;0,1237;0,7946;0,5592
,157,158,158,158,159
Fitness 41,63339, Gen ;0,7804;0,8003;0,8837;0,5503;0,0951;0,2778;0,0537;0,1521;0,8396;0,598;0,0955;0,3782;0,9296;0,3517;0,1115;0,2248;0,6162;0,939;0,1237;0,7946;0,5592
,59,59,60,60,61
Fitness 0,4938938, Gen ;0,7804;0,8003;0,8837;0,5503;0,0951;0,2778;0,0537;0,1521;0,8396;0,598;0,0955;0,3782;0,9296;0,3517;0,1115;0,2248;0,6162;0,939;0,1237;0,7946;0,5592
,92,92,92,92,93
Fitness 0,4835677, Gen ;0,7804;0,8003;0,8837;0,5503;0,0951;0,2778;0,0537;0,1521;0,8396;0,598;0,0955;0,3782;0,9296;0,3517;0,1115;0,2248;0,6162;0,939;0,1237;0,7946;0,5592
,72,72,72,73,74
Fitness 60,00183, Gen ;0,7804;0,8003;0,8837;0,5503;0,0951;0,2778;0,0537;0,1521;0,8396;0,598;0,0955;0,3782;0,9296;0,3517;0,1115;0,2248;0,6162;0,939;0,1237;0,7946;0,5592
,50,50,50,51,51
Fitness 23,75001, Gen ;0,7804;0,8003;0,8837;0,5503;0,0951;0,2778;0,0537;0,1521;0,8396;0,598;0,0955;0,3782;0,9296;0,3517;0,1115;0,2248;0,6162;0,939;0,1237;0,7946;0,5592

Fitness 42,54422, Gen ;0,7804;0,8003;0,8837;0,5503;0,0951;0,2778;0,0537;0,1521;0,8396;0,598;0,0955;0,3782;0,9296;0,3517;0,1115;0,2248;0,6162;0,939;0,1237;0,7946;0,5592
,171
