	125PopravljenStroembom ovc
	5 AI1 ovcarjev
Generacija 1, Fitness 0,007936508, Gen ;0,3717;0,1239;0,2715;0,6669;0,4028;0,542;0,8785;0,8098;0,5011;0,3443;0,4035;0,528;0,9733;0,1411;0,3144;0,7088;0,2574;0,758;0,8221;0,3111;0,0182

Generacija 1, Fitness 0,007936508, Gen ;0;0;0;0;0;0;0;0;0;0;0;0;0;0;0;0;0;0;0;0;0

Generacija 1, Fitness 0,007936508, Gen ;0;0;0;0;0;0;0;0;0;0;0;0;0;0;0;0;0;0;0;0;0

Generacija 1, Fitness 0,007936508, Gen ;0;0;0;0;0;0;0;0;0;0;0;0;0;0;0;0;0;0;0;0;0

Generacija 1, Fitness 0,007936508, Gen ;0;0;0;0;0;0;0;0;0;0;0;0;0;0;0;0;0;0;0;0;0

Generacija 1, Fitness 0,007936508, Gen ;0;0;0;0;0;0;0;0;0;0;0;0;0;0;0;0;0;0;0;0;0

Generacija 1, Fitness 0,007936508, Gen ;0;0;0;0;0;0;0;0;0;0;0;0;0;0;0;0;0;0;0;0;0

Generacija 1, Fitness 0,007936508, Gen ;0;0;0;0;0;0;0;0;0;0;0;0;0;0;0;0;0;0;0;0;0

Generacija 1, Fitness 0,007936508, Gen ;0;0;0;0;0;0;0;0;0;0;0;0;0;0;0;0;0;0;0;0;0

Generacija 1, Fitness 0,007936508, Gen ;0;0;0;0;0;0;0;0;0;0;0;0;0;0;0;0;0;0;0;0;0

Generacija 1, Fitness 0,007936508, Gen ;0;0;0;0;0;0;0;0;0;0;0;0;0;0;0;0;0;0;0;0;0

Generacija 1, Fitness 0,007936508, Gen ;0;0;0;0;0;0;0;0;0;0;0;0;0;0;0;0;0;0;0;0;0

Generacija 1, Fitness 0,007936508, Gen ;0;0;0;0;0;0;0;0;0;0;0;0;0;0;0;0;0;0;0;0;0

Generacija 1, Fitness 0,007936508, Gen ;0;0;0;0;0;0;0;0;0;0;0;0;0;0;0;0;0;0;0;0;0

Generacija 1, Fitness 0,007936508, Gen ;0;0;0;0;0;0;0;0;0;0;0;0;0;0;0;0;0;0;0;0;0
,156,156,157,162,162,164,165,165,168,169,172,173,173,175,175,177,178,178
Generacija 1, Fitness 0,007936508, Gen ;0;0;0;0;0;0;0;0;0;0;0;0;0;0;0;0;0;0;0;0;0

Generacija 1, Fitness 0,007936508, Gen ;0;0;0;0;0;0;0;0;0;0;0;0;0;0;0;0;0;0;0;0;0

Generacija 1, Fitness 0,007936508, Gen ;0;0;0;0;0;0;0;0;0;0;0;0;0;0;0;0;0;0;0;0;0
,79,79,80,80,80,80,80,80,81,81,81,81,81,81,81,81,81,81,81,82,82,82,82,82,82,82,82,82,82,83,83,83,83,84,84,84,86,87,165
Generacija 1, Fitness 0,007936508, Gen ;0;0;0;0;0;0;0;0;0;0;0;0;0;0;0;0;0;0;0;0;0

