	50Stroembom ovc
	1 AI1 ovcarjev
Fitness 3,343224, Gen ;0,7895;0,3763;0,4063;0,8352;0,3495;0,4036;0,256;0,4347;0,9105;0,4979;0,8275;0,8306;0,3557;0,0991;0,1488;0,8064;0,6198;0,4447;0,3684;0,1753;0,425
,130,131,131,131,131,131,131,131,132,132,132,132,132,132,132,132,132,132,132,133,133,133,133,133,133,133,133,133,133,133,133,133,133,134,134,134,134,134,134,134,134,135,135,137,145,146,146,147,147,147
Fitness 5,509318, Gen ;0,7895;0,3763;0,4063;0,8352;0,3495;0,4036;0,256;0,4347;0,9105;0,4979;0,8275;0,8306;0,3557;0,0991;0,1488;0,8064;0,6198;0,4447;0,3684;0,1753;0,425
,112,112,112,113,113,113,113,113,114,114,114,114,114,114,114,114,114,114,114,115,115,115,115,115,115,115,115,115,115,115,116,116,116,116,116,116,116,116,116,117,117,117,117,117,117,117,117,118,118,118
Fitness 16,41034, Gen ;0,7895;0,3763;0,4063;0,8352;0,3495;0,4036;0,256;0,4347;0,9105;0,4979;0,8275;0,8306;0,3557;0,0991;0,1488;0,8064;0,6198;0,4447;0,3684;0,1753;0,425

Fitness 1,725029, Gen ;0,7895;0,3763;0,4063;0,8352;0,3495;0,4036;0,256;0,4347;0,9105;0,4979;0,8275;0,8306;0,3557;0,0991;0,1488;0,8064;0,6198;0,4447;0,3684;0,1753;0,425

Fitness 8,874514, Gen ;0,7895;0,3763;0,4063;0,8352;0,3495;0,4036;0,256;0,4347;0,9105;0,4979;0,8275;0,8306;0,3557;0,0991;0,1488;0,8064;0,6198;0,4447;0,3684;0,1753;0,425
,93,93,93,93,93,93,93,93,93,94,94,94,94,94,94,94,94,94,94,94,94,94,94,95,95,95,95,95,95,95,95,95,95,95,95,95,95,95,95,96,96,96,96,96,96,96,97,97,97,97
Fitness 0,0001473365, Gen ;0,7895;0,3763;0,4063;0,8352;0,3495;0,4036;0,256;0,4347;0,9105;0,4979;0,8275;0,8306;0,3557;0,0991;0,1488;0,8064;0,6198;0,4447;0,3684;0,1753;0,425

Fitness 0,000385574, Gen ;0,7895;0,3763;0,4063;0,8352;0,3495;0,4036;0,256;0,4347;0,9105;0,4979;0,8275;0,8306;0,3557;0,0991;0,1488;0,8064;0,6198;0,4447;0,3684;0,1753;0,425
,140
Fitness 20,74544, Gen ;0,7895;0,3763;0,4063;0,8352;0,3495;0,4036;0,256;0,4347;0,9105;0,4979;0,8275;0,8306;0,3557;0,0991;0,1488;0,8064;0,6198;0,4447;0,3684;0,1753;0,425
,141,141,142,142,142,142,143,143,143,143,143,143,143,143,143,143,143,144,144,144,144,144,144,144,144,144,145,145,145,145,145,145,145,145,145,145,146,146,146,146,146,146,146,146,146,147,147,147,147,148
Fitness 0,0001520926, Gen ;0,7895;0,3763;0,4063;0,8352;0,3495;0,4036;0,256;0,4347;0,9105;0,4979;0,8275;0,8306;0,3557;0,0991;0,1488;0,8064;0,6198;0,4447;0,3684;0,1753;0,425
,136,136,137,137,137,137,138,138,138,138,138,138,138,138,138,138,138,138,138,138,138,139,139,139,139,139,139,139,139,139,139,139,140,140,140,140,140,140,140,140,140,140,141,141,141,141,141,141,141,142
Fitness 0,0001568777, Gen ;0,7895;0,3763;0,4063;0,8352;0,3495;0,4036;0,256;0,4347;0,9105;0,4979;0,8275;0,8306;0,3557;0,0991;0,1488;0,8064;0,6198;0,4447;0,3684;0,1753;0,425
,102,103,103,103,103,103,103,103,103,103,104,104,104,104,104,104,104,104,104,104,104,104,104,104,104,105,105,105,105,105,105,105,105,105,105,105,105,106,106,106,106,106,106,106,107,107,107,107,107,107
Fitness 1,31163, Gen ;0,7895;0,3763;0,4063;0,8352;0,3495;0,4036;0,256;0,4347;0,9105;0,4979;0,8275;0,8306;0,3557;0,0991;0,1488;0,8064;0,6198;0,4447;0,3684;0,1753;0,425
,122,122,123,124,125,135,135,135,135,135,135,135,136,136,136,136,136,136,136,137,137
Fitness 2,116672, Gen ;0,7895;0,3763;0,4063;0,8352;0,3495;0,4036;0,256;0,4347;0,9105;0,4979;0,8275;0,8306;0,3557;0,0991;0,1488;0,8064;0,6198;0,4447;0,3684;0,1753;0,425
,103,103,104,104,104,104,104,104,104,104,104,104,104,104,105,105,105,105,105,105,105,105,105,105,105,105,105,105,106,106,106,106,106,106,106,106,106,106,106,107,107,107,107,107,107,107,107,108,108,108
Fitness 13,99898, Gen ;0,7895;0,3763;0,4063;0,8352;0,3495;0,4036;0,256;0,4347;0,9105;0,4979;0,8275;0,8306;0,3557;0,0991;0,1488;0,8064;0,6198;0,4447;0,3684;0,1753;0,425

Fitness 0,000338832, Gen ;0,7895;0,3763;0,4063;0,8352;0,3495;0,4036;0,256;0,4347;0,9105;0,4979;0,8275;0,8306;0,3557;0,0991;0,1488;0,8064;0,6198;0,4447;0,3684;0,1753;0,425
,111,111,111,112,112,112,112,112,112,112,112,112,112,112,113,113,113,113,113,113,113,113,113,113,113,113,113,113,114,114,114,114,114,114,114,114,114,114,114,114,114,115,115,115,115,115,115,115,115,115
Fitness 13,6001, Gen ;0,7895;0,3763;0,4063;0,8352;0,3495;0,4036;0,256;0,4347;0,9105;0,4979;0,8275;0,8306;0,3557;0,0991;0,1488;0,8064;0,6198;0,4447;0,3684;0,1753;0,425
,118,118,118,118,118,118,118,118,118,118,118,119,119,119,119,119,119,119,119,119,119,119,120,120,120,120,120,120,120,120,120,120,120,120,120,120,120,121,121,121,121,122
Fitness 0,0005092062, Gen ;0,7895;0,3763;0,4063;0,8352;0,3495;0,4036;0,256;0,4347;0,9105;0,4979;0,8275;0,8306;0,3557;0,0991;0,1488;0,8064;0,6198;0,4447;0,3684;0,1753;0,425

Fitness 9,874194, Gen ;0,7895;0,3763;0,4063;0,8352;0,3495;0,4036;0,256;0,4347;0,9105;0,4979;0,8275;0,8306;0,3557;0,0991;0,1488;0,8064;0,6198;0,4447;0,3684;0,1753;0,425
,79,79,79,80,80,80,80,80,80,80,80,80,81,81,81,81,81,81,81,81,81,81,81,81,81,82,82,82,82,82,82,82,82,82,82,82,82,82,82,83,83,83,83,83,83,83,90,90,90,91
Fitness 0,0002275314, Gen ;0,7895;0,3763;0,4063;0,8352;0,3495;0,4036;0,256;0,4347;0,9105;0,4979;0,8275;0,8306;0,3557;0,0991;0,1488;0,8064;0,6198;0,4447;0,3684;0,1753;0,425
,119,120,121,121,121,121,121,121,121,122,122,122,122,122,122,122,122,122,122,122,122,122,122,123,123,123,123,123,123,123,123,123,123,123,123,123,124,124,124,124,124,125,125,125,125,125,125,126,128
Fitness 0,0001394177, Gen ;0,7895;0,3763;0,4063;0,8352;0,3495;0,4036;0,256;0,4347;0,9105;0,4979;0,8275;0,8306;0,3557;0,0991;0,1488;0,8064;0,6198;0,4447;0,3684;0,1753;0,425

Fitness 27,82101, Gen ;0,7895;0,3763;0,4063;0,8352;0,3495;0,4036;0,256;0,4347;0,9105;0,4979;0,8275;0,8306;0,3557;0,0991;0,1488;0,8064;0,6198;0,4447;0,3684;0,1753;0,425

Fitness 0,0002049947, Gen ;0,7895;0,3763;0,4063;0,8352;0,3495;0,4036;0,256;0,4347;0,9105;0,4979;0,8275;0,8306;0,3557;0,0991;0,1488;0,8064;0,6198;0,4447;0,3684;0,1753;0,425

Fitness 0,0001587661, Gen ;0,7895;0,3763;0,4063;0,8352;0,3495;0,4036;0,256;0,4347;0,9105;0,4979;0,8275;0,8306;0,3557;0,0991;0,1488;0,8064;0,6198;0,4447;0,3684;0,1753;0,425
,100,101,101,101,101,101,101,101,101,101,102,102,102,102,102,102,102,102,102,102,102,102,102,102,102,103,103,103,103,103,103,103,103,103,103,103,103,103,103,104,104,104,104,104,104,105,105,105,105,105
Fitness 0,0002315452, Gen ;0,7895;0,3763;0,4063;0,8352;0,3495;0,4036;0,256;0,4347;0,9105;0,4979;0,8275;0,8306;0,3557;0,0991;0,1488;0,8064;0,6198;0,4447;0,3684;0,1753;0,425
,128,128,128,128,128,128,128,129,129,129,129,129,129,129,129,129,129,129,129,130,130,130,130,130,130,130,130,130,130,130,130,130,131,131,131,131,131,131,131,131,131,132,132,132,132,132,132,133,133,133
Fitness 0,0001500068, Gen ;0,7895;0,3763;0,4063;0,8352;0,3495;0,4036;0,256;0,4347;0,9105;0,4979;0,8275;0,8306;0,3557;0,0991;0,1488;0,8064;0,6198;0,4447;0,3684;0,1753;0,425

Fitness 15,33623, Gen ;0,7895;0,3763;0,4063;0,8352;0,3495;0,4036;0,256;0,4347;0,9105;0,4979;0,8275;0,8306;0,3557;0,0991;0,1488;0,8064;0,6198;0,4447;0,3684;0,1753;0,425
,116,117,117,118,118,118,118,118,118,119,119,119,119,119,119,119,119,119,119,119,119,119,119,119,120,120,120,120,120,120,120,120,120,120,120,120,120,121,121,121,121,122,122
Fitness 3,910826, Gen ;0,7895;0,3763;0,4063;0,8352;0,3495;0,4036;0,256;0,4347;0,9105;0,4979;0,8275;0,8306;0,3557;0,0991;0,1488;0,8064;0,6198;0,4447;0,3684;0,1753;0,425
,97,98,98,98,99,99,99,99,99,99,99,99,99,99,100,100,100,100,100,100,100,100,100,100,100,100,100,101,101,101,101,101,101,101,101,101,101,101,102,102,102,102
Fitness 0,000125185, Gen ;0,7895;0,3763;0,4063;0,8352;0,3495;0,4036;0,256;0,4347;0,9105;0,4979;0,8275;0,8306;0,3557;0,0991;0,1488;0,8064;0,6198;0,4447;0,3684;0,1753;0,425

Fitness 0,0001776479, Gen ;0,7895;0,3763;0,4063;0,8352;0,3495;0,4036;0,256;0,4347;0,9105;0,4979;0,8275;0,8306;0,3557;0,0991;0,1488;0,8064;0,6198;0,4447;0,3684;0,1753;0,425
,87,87,88,88,89,90,92,94,94,94,95,95,95,95,95,95,95,95,95,95,95,95,95,96,96,96,96,96,96,96,96,96,96,96,96,96,96,96,97,97,97,97,97,97,97,98,98,98,98,99
Fitness 0,0003385797, Gen ;0,7895;0,3763;0,4063;0,8352;0,3495;0,4036;0,256;0,4347;0,9105;0,4979;0,8275;0,8306;0,3557;0,0991;0,1488;0,8064;0,6198;0,4447;0,3684;0,1753;0,425
,126,126,126,126,127,127,127,127,127,127,127,127,127,128,128,128,128,128,128,128,128,128,128,128,128,128,128,128,128,128,129,129,129,129,129,129,129,129,130,130,130,130,130,130,131,131,132
Fitness 0,0001760697, Gen ;0,7895;0,3763;0,4063;0,8352;0,3495;0,4036;0,256;0,4347;0,9105;0,4979;0,8275;0,8306;0,3557;0,0991;0,1488;0,8064;0,6198;0,4447;0,3684;0,1753;0,425
,121,121,122,122,122,122,122,122,122,122,122,122,122,123,123,123,123,123,123,123,123,123,123,123,124,124,124,124,124,124,124,124,124,125,125,125,125,125,126,126,126,126,126,126,126,127,127,127,128,129
Fitness 19,95443, Gen ;0,7895;0,3763;0,4063;0,8352;0,3495;0,4036;0,256;0,4347;0,9105;0,4979;0,8275;0,8306;0,3557;0,0991;0,1488;0,8064;0,6198;0,4447;0,3684;0,1753;0,425
,130,130,130,130,131,131,131,131,131,131,131,131,131,131,132,132,132,132,132,132,132,132,132,132,132,132,132,132,132,133,133,133,133,133,133,133,133,133,134,134,134,134,134,134,135,135,135,135,136,136
Fitness 0,0001738598, Gen ;0,7895;0,3763;0,4063;0,8352;0,3495;0,4036;0,256;0,4347;0,9105;0,4979;0,8275;0,8306;0,3557;0,0991;0,1488;0,8064;0,6198;0,4447;0,3684;0,1753;0,425

Fitness 5,195747, Gen ;0,7895;0,3763;0,4063;0,8352;0,3495;0,4036;0,256;0,4347;0,9105;0,4979;0,8275;0,8306;0,3557;0,0991;0,1488;0,8064;0,6198;0,4447;0,3684;0,1753;0,425

Fitness 3,278408, Gen ;0,7895;0,3763;0,4063;0,8352;0,3495;0,4036;0,256;0,4347;0,9105;0,4979;0,8275;0,8306;0,3557;0,0991;0,1488;0,8064;0,6198;0,4447;0,3684;0,1753;0,425
,118,118,118,118,118,119,119,119,119,119,119,119,119,119,119,120,120,120,120,120,122,122,123,123,123,123,123,123,165,165,166,166,166,166,166,167,167,167,167,167,167,168,168,168,168,169,169,169,170,171
Fitness 0,0001411254, Gen ;0,7895;0,3763;0,4063;0,8352;0,3495;0,4036;0,256;0,4347;0,9105;0,4979;0,8275;0,8306;0,3557;0,0991;0,1488;0,8064;0,6198;0,4447;0,3684;0,1753;0,425
,122,123,123,123,123,123,124,124,124,124,124,124,124,124,124,124,125,125,125,125,125,125,125,125,125,125,125,125,125,126,126,126,126,126,126,126,126,126,126,127,127,127,127,127,127,127,127,128,128,128
Fitness 0,0001762039, Gen ;0,7895;0,3763;0,4063;0,8352;0,3495;0,4036;0,256;0,4347;0,9105;0,4979;0,8275;0,8306;0,3557;0,0991;0,1488;0,8064;0,6198;0,4447;0,3684;0,1753;0,425

Fitness 0,1153598, Gen ;0,7895;0,3763;0,4063;0,8352;0,3495;0,4036;0,256;0,4347;0,9105;0,4979;0,8275;0,8306;0,3557;0,0991;0,1488;0,8064;0,6198;0,4447;0,3684;0,1753;0,425

Fitness 5,166695, Gen ;0,7895;0,3763;0,4063;0,8352;0,3495;0,4036;0,256;0,4347;0,9105;0,4979;0,8275;0,8306;0,3557;0,0991;0,1488;0,8064;0,6198;0,4447;0,3684;0,1753;0,425
,146,146,147,147,147,147,147,147,147,147,147,147,147,148,148,148,148,148,148,148,148,148,148,148,148,148,149,149,149,149,149,149,149,149,149,149,149,150,150,150,150,150,150,150,150,151,151,151,151,152
Fitness 0,0001253313, Gen ;0,7895;0,3763;0,4063;0,8352;0,3495;0,4036;0,256;0,4347;0,9105;0,4979;0,8275;0,8306;0,3557;0,0991;0,1488;0,8064;0,6198;0,4447;0,3684;0,1753;0,425

Fitness 0,0002094432, Gen ;0,7895;0,3763;0,4063;0,8352;0,3495;0,4036;0,256;0,4347;0,9105;0,4979;0,8275;0,8306;0,3557;0,0991;0,1488;0,8064;0,6198;0,4447;0,3684;0,1753;0,425

Fitness 0,8968047, Gen ;0,7895;0,3763;0,4063;0,8352;0,3495;0,4036;0,256;0,4347;0,9105;0,4979;0,8275;0,8306;0,3557;0,0991;0,1488;0,8064;0,6198;0,4447;0,3684;0,1753;0,425

Fitness 0,0002120925, Gen ;0,7895;0,3763;0,4063;0,8352;0,3495;0,4036;0,256;0,4347;0,9105;0,4979;0,8275;0,8306;0,3557;0,0991;0,1488;0,8064;0,6198;0,4447;0,3684;0,1753;0,425

Fitness 0,00013688, Gen ;0,7895;0,3763;0,4063;0,8352;0,3495;0,4036;0,256;0,4347;0,9105;0,4979;0,8275;0,8306;0,3557;0,0991;0,1488;0,8064;0,6198;0,4447;0,3684;0,1753;0,425
,113,114,114,114,114,115,115,115,115,115,115,115,115,115,116,116,116,116,116,116,116,116,116,116,116,116,116,117,117,117,117,117,117,117,117,117,118,118,118
Fitness 0,0001694943, Gen ;0,7895;0,3763;0,4063;0,8352;0,3495;0,4036;0,256;0,4347;0,9105;0,4979;0,8275;0,8306;0,3557;0,0991;0,1488;0,8064;0,6198;0,4447;0,3684;0,1753;0,425
,103,104,104,104,104,104,104,104,104,105,105,105,105,105,105,105,105,105,105,105,105,105,105,106,106,106,106,106,106,106,106,106,106,106,106,106,107,107,107,107,107,107,108,108,108,108,108,109,109,109
Fitness 0,0001695087, Gen ;0,7895;0,3763;0,4063;0,8352;0,3495;0,4036;0,256;0,4347;0,9105;0,4979;0,8275;0,8306;0,3557;0,0991;0,1488;0,8064;0,6198;0,4447;0,3684;0,1753;0,425

Fitness 0,0002250062, Gen ;0,7895;0,3763;0,4063;0,8352;0,3495;0,4036;0,256;0,4347;0,9105;0,4979;0,8275;0,8306;0,3557;0,0991;0,1488;0,8064;0,6198;0,4447;0,3684;0,1753;0,425

Fitness 13,16856, Gen ;0,7895;0,3763;0,4063;0,8352;0,3495;0,4036;0,256;0,4347;0,9105;0,4979;0,8275;0,8306;0,3557;0,0991;0,1488;0,8064;0,6198;0,4447;0,3684;0,1753;0,425

Fitness 0,0001172807, Gen ;0,7895;0,3763;0,4063;0,8352;0,3495;0,4036;0,256;0,4347;0,9105;0,4979;0,8275;0,8306;0,3557;0,0991;0,1488;0,8064;0,6198;0,4447;0,3684;0,1753;0,425

Fitness 0,0001341934, Gen ;0,7895;0,3763;0,4063;0,8352;0,3495;0,4036;0,256;0,4347;0,9105;0,4979;0,8275;0,8306;0,3557;0,0991;0,1488;0,8064;0,6198;0,4447;0,3684;0,1753;0,425

Fitness 0,0001826473, Gen ;0,7895;0,3763;0,4063;0,8352;0,3495;0,4036;0,256;0,4347;0,9105;0,4979;0,8275;0,8306;0,3557;0,0991;0,1488;0,8064;0,6198;0,4447;0,3684;0,1753;0,425
,106,157,158,158,159,159,159,159,159,159,159,160,160,160,160,160,160,160,160,160,160,160,160,160,160,160,160,161,161,161,161,161,161,161,161,161,161,161,161,161,162,162,162,162,162,162,162,162,163,163
Fitness 0,0002120125, Gen ;0,7895;0,3763;0,4063;0,8352;0,3495;0,4036;0,256;0,4347;0,9105;0,4979;0,8275;0,8306;0,3557;0,0991;0,1488;0,8064;0,6198;0,4447;0,3684;0,1753;0,425

Fitness 0,0001247308, Gen ;0,7895;0,3763;0,4063;0,8352;0,3495;0,4036;0,256;0,4347;0,9105;0,4979;0,8275;0,8306;0,3557;0,0991;0,1488;0,8064;0,6198;0,4447;0,3684;0,1753;0,425
,131,132,132,132,132,132,133,133,133,133,134,134,135,135,136,136,137,137,138,142,142,143,143,143,144,144,144,144,144,144,144,144,145,145,145,145,145,146
Fitness 0,2321816, Gen ;0,7895;0,3763;0,4063;0,8352;0,3495;0,4036;0,256;0,4347;0,9105;0,4979;0,8275;0,8306;0,3557;0,0991;0,1488;0,8064;0,6198;0,4447;0,3684;0,1753;0,425
,93,93,93,93,93,93,93,94,94,94,94,94,94,94,94,94,94,94,94,94,95,95,95,95,95,95,95,95,95,95,95,95,95,95,95,95,96,96,96,96,96,96,97,97,97,97,97,97,98,98
Fitness 0,0001542632, Gen ;0,7895;0,3763;0,4063;0,8352;0,3495;0,4036;0,256;0,4347;0,9105;0,4979;0,8275;0,8306;0,3557;0,0991;0,1488;0,8064;0,6198;0,4447;0,3684;0,1753;0,425

Fitness 0,0002688788, Gen ;0,7895;0,3763;0,4063;0,8352;0,3495;0,4036;0,256;0,4347;0,9105;0,4979;0,8275;0,8306;0,3557;0,0991;0,1488;0,8064;0,6198;0,4447;0,3684;0,1753;0,425

Fitness 19,98257, Gen ;0,7895;0,3763;0,4063;0,8352;0,3495;0,4036;0,256;0,4347;0,9105;0,4979;0,8275;0,8306;0,3557;0,0991;0,1488;0,8064;0,6198;0,4447;0,3684;0,1753;0,425
,140,141,141,141,141,141,141,141,142,142,142,142,142,142,142,142,142,142,142,142,142,142,142,142,142,143,143,143,143,143,143,143,143,143,143,143,143,143,143,143,143,144,144,144,144,144,144,144,144,145
Fitness 0,0001845799, Gen ;0,7895;0,3763;0,4063;0,8352;0,3495;0,4036;0,256;0,4347;0,9105;0,4979;0,8275;0,8306;0,3557;0,0991;0,1488;0,8064;0,6198;0,4447;0,3684;0,1753;0,425

Fitness 0,0001382682, Gen ;0,7895;0,3763;0,4063;0,8352;0,3495;0,4036;0,256;0,4347;0,9105;0,4979;0,8275;0,8306;0,3557;0,0991;0,1488;0,8064;0,6198;0,4447;0,3684;0,1753;0,425
,118,119,119,119,120,120,120,120,120,120,120,120,120,120,120,121,121,121,121,121,121,121,121,121,121,121,121,121,122,122,122,122,122,122,122,122,122,122,123,123,123,123,123,123,124,124,125,125,128,130
Fitness 1,630279, Gen ;0,7895;0,3763;0,4063;0,8352;0,3495;0,4036;0,256;0,4347;0,9105;0,4979;0,8275;0,8306;0,3557;0,0991;0,1488;0,8064;0,6198;0,4447;0,3684;0,1753;0,425

Fitness 0,0001410624, Gen ;0,7895;0,3763;0,4063;0,8352;0,3495;0,4036;0,256;0,4347;0,9105;0,4979;0,8275;0,8306;0,3557;0,0991;0,1488;0,8064;0,6198;0,4447;0,3684;0,1753;0,425

Fitness 5,203958, Gen ;0,7895;0,3763;0,4063;0,8352;0,3495;0,4036;0,256;0,4347;0,9105;0,4979;0,8275;0,8306;0,3557;0,0991;0,1488;0,8064;0,6198;0,4447;0,3684;0,1753;0,425
,123,124,124,124,125,125,125,125,125,125,125,125,125,125,125,125,126,126,126,126,126,126,126,126,126,126,126,126,127,127,127,127,127,127,127,127,127,127,127,127,127,128,128,128,128,128,128,128,128,128
Fitness 0,0001883658, Gen ;0,7895;0,3763;0,4063;0,8352;0,3495;0,4036;0,256;0,4347;0,9105;0,4979;0,8275;0,8306;0,3557;0,0991;0,1488;0,8064;0,6198;0,4447;0,3684;0,1753;0,425
,120,120,120,120,120,120,121,121,121,121,121,121,121,121,121,121,122,122,122,122,122,122,122,122,122,122,122,122,122,122,122,123,123,123,123,123,123,123,123,123,124,124,124,124,124,124,125,125,125,125
Fitness 0,0001636012, Gen ;0,7895;0,3763;0,4063;0,8352;0,3495;0,4036;0,256;0,4347;0,9105;0,4979;0,8275;0,8306;0,3557;0,0991;0,1488;0,8064;0,6198;0,4447;0,3684;0,1753;0,425

Fitness 5,062292, Gen ;0,7895;0,3763;0,4063;0,8352;0,3495;0,4036;0,256;0,4347;0,9105;0,4979;0,8275;0,8306;0,3557;0,0991;0,1488;0,8064;0,6198;0,4447;0,3684;0,1753;0,425
,125,125,125,126,126,126,126,126,126,126,126,127,127,127,127,127,127,127,127,127,127,127,127,127,128,128,128,128,128,128,128,128,128,128,128,128,128,128,128
Fitness 6,066651, Gen ;0,7895;0,3763;0,4063;0,8352;0,3495;0,4036;0,256;0,4347;0,9105;0,4979;0,8275;0,8306;0,3557;0,0991;0,1488;0,8064;0,6198;0,4447;0,3684;0,1753;0,425
,106,106,106,106,106,106,106,106,106,107,107,107,107,107,107,107,107,107,107,107,107,107,108,108,108,108,108,108,108,108,108,108,108,109,109,109,109,109,110,110,110,110,110,110,110,110,110,111,111,111
Fitness 0,0001612568, Gen ;0,7895;0,3763;0,4063;0,8352;0,3495;0,4036;0,256;0,4347;0,9105;0,4979;0,8275;0,8306;0,3557;0,0991;0,1488;0,8064;0,6198;0,4447;0,3684;0,1753;0,425
,116,116,116,116,116,117,117,117,117,117,117,117,117,117,118,118,118,118,118,118,118,118,118,118,118,118,119,119,119,119,119,119,119,119,119,119,120,120,120,120,120,120,121,121,121,121
Fitness 0,0002882481, Gen ;0,7895;0,3763;0,4063;0,8352;0,3495;0,4036;0,256;0,4347;0,9105;0,4979;0,8275;0,8306;0,3557;0,0991;0,1488;0,8064;0,6198;0,4447;0,3684;0,1753;0,425

Fitness 12,16665, Gen ;0,7895;0,3763;0,4063;0,8352;0,3495;0,4036;0,256;0,4347;0,9105;0,4979;0,8275;0,8306;0,3557;0,0991;0,1488;0,8064;0,6198;0,4447;0,3684;0,1753;0,425

Fitness 0,0001634724, Gen ;0,7895;0,3763;0,4063;0,8352;0,3495;0,4036;0,256;0,4347;0,9105;0,4979;0,8275;0,8306;0,3557;0,0991;0,1488;0,8064;0,6198;0,4447;0,3684;0,1753;0,425
,91,91,91,91,91,92,92,92,92,92,92,92,92,92,92,92,92,92,92,92,92,92,93,93,93,93,93,93,93,93,93,93,93,93,93,93,93,93,94,94,94,94
Fitness 0,0001511548, Gen ;0,7895;0,3763;0,4063;0,8352;0,3495;0,4036;0,256;0,4347;0,9105;0,4979;0,8275;0,8306;0,3557;0,0991;0,1488;0,8064;0,6198;0,4447;0,3684;0,1753;0,425
,127,127,127,127,127,127,128,128,128,128,128,128,128,128,129,129,129,129,129,129,130,132,132,132,132,132,133,133,133,134
Fitness 0,0001358491, Gen ;0,7895;0,3763;0,4063;0,8352;0,3495;0,4036;0,256;0,4347;0,9105;0,4979;0,8275;0,8306;0,3557;0,0991;0,1488;0,8064;0,6198;0,4447;0,3684;0,1753;0,425
,144,144,145,145,145,145,145,145,146,146,146,146,146,146,146,146,146,146,146,146,147,147,147,147,147,147,147,147,147,147,147,147,147,147,148,148,148,148,148,148,148,148,148,148,148,149,149,149,149,149
Fitness 0,0001867435, Gen ;0,7895;0,3763;0,4063;0,8352;0,3495;0,4036;0,256;0,4347;0,9105;0,4979;0,8275;0,8306;0,3557;0,0991;0,1488;0,8064;0,6198;0,4447;0,3684;0,1753;0,425
,157,157,157,157,157,157,157,158,158,158,158,158,158,159,159,160,160,161
Fitness 0,0002370921, Gen ;0,7895;0,3763;0,4063;0,8352;0,3495;0,4036;0,256;0,4347;0,9105;0,4979;0,8275;0,8306;0,3557;0,0991;0,1488;0,8064;0,6198;0,4447;0,3684;0,1753;0,425
,140,141,141,141,142,142,142,142,142,142,142,143,143,143,143,143,143,143,143,143,143,143,144,144,144,144,144,144,144,144,144,144,144,144,144,144,144,145,145,145,146
Fitness 1,134105, Gen ;0,7895;0,3763;0,4063;0,8352;0,3495;0,4036;0,256;0,4347;0,9105;0,4979;0,8275;0,8306;0,3557;0,0991;0,1488;0,8064;0,6198;0,4447;0,3684;0,1753;0,425
,122,122,122,122,123,123,123,123,123,123,123,123,124,124,124,124,124,124,124,124,124,124,124,124,125,125,125,125,125,125,125,125,125,125,125,125,125,126,126,126,126,126,127
Fitness 0,0004566141, Gen ;0,7895;0,3763;0,4063;0,8352;0,3495;0,4036;0,256;0,4347;0,9105;0,4979;0,8275;0,8306;0,3557;0,0991;0,1488;0,8064;0,6198;0,4447;0,3684;0,1753;0,425
,88,89,90,90,90,90,90,90,91,91,91,91,91,91,92,92,92,93,94,98,98,98,98,98,98,98,98,98,98,98,99,99,99,99,99,99,99,99,99,100,100
Fitness 0,000244241, Gen ;0,7895;0,3763;0,4063;0,8352;0,3495;0,4036;0,256;0,4347;0,9105;0,4979;0,8275;0,8306;0,3557;0,0991;0,1488;0,8064;0,6198;0,4447;0,3684;0,1753;0,425

Fitness 0,0001735811, Gen ;0,7895;0,3763;0,4063;0,8352;0,3495;0,4036;0,256;0,4347;0,9105;0,4979;0,8275;0,8306;0,3557;0,0991;0,1488;0,8064;0,6198;0,4447;0,3684;0,1753;0,425
,117,117,118,118,119,119,119,119,119,119,119,119,119,119,119,120,120,120,120,120,120,120,120,120,120,120,120,120,121,121,121,121,121,121,121,121,121,121,121,121,122,122,122,122,122,122,123,123,123,123
Fitness 0,0001857107, Gen ;0,7895;0,3763;0,4063;0,8352;0,3495;0,4036;0,256;0,4347;0,9105;0,4979;0,8275;0,8306;0,3557;0,0991;0,1488;0,8064;0,6198;0,4447;0,3684;0,1753;0,425
,131,132,132,132,133,133,133,133,133,134,134,134,134,134,134,134,134,134,134,134,135,135,135,135,135,135,135,135,135,135,135,135,135,135,136,136,136,136,136,136,137,137,137,137,137,137,137,138,138
Fitness 0,0001591286, Gen ;0,7895;0,3763;0,4063;0,8352;0,3495;0,4036;0,256;0,4347;0,9105;0,4979;0,8275;0,8306;0,3557;0,0991;0,1488;0,8064;0,6198;0,4447;0,3684;0,1753;0,425
,108,108,109,109,109,109,109,109,109,109,110,110,110,110,110,110,110,110,110,110,110,110,110,111,111,111,111,111,111,111,111,111,111,111,111,112,112,112,112,112,112,112,112,113,113,113,113,113,113,114
Fitness 6,81777, Gen ;0,7895;0,3763;0,4063;0,8352;0,3495;0,4036;0,256;0,4347;0,9105;0,4979;0,8275;0,8306;0,3557;0,0991;0,1488;0,8064;0,6198;0,4447;0,3684;0,1753;0,425
,140,141,141,141,141,141,141,141,141,141,141,141,142,142,142,142,142,142,142,142,142,142,143,143
Fitness 0,0001295445, Gen ;0,7895;0,3763;0,4063;0,8352;0,3495;0,4036;0,256;0,4347;0,9105;0,4979;0,8275;0,8306;0,3557;0,0991;0,1488;0,8064;0,6198;0,4447;0,3684;0,1753;0,425

Fitness 10,73759, Gen ;0,7895;0,3763;0,4063;0,8352;0,3495;0,4036;0,256;0,4347;0,9105;0,4979;0,8275;0,8306;0,3557;0,0991;0,1488;0,8064;0,6198;0,4447;0,3684;0,1753;0,425

Fitness 0,0003147846, Gen ;0,7895;0,3763;0,4063;0,8352;0,3495;0,4036;0,256;0,4347;0,9105;0,4979;0,8275;0,8306;0,3557;0,0991;0,1488;0,8064;0,6198;0,4447;0,3684;0,1753;0,425

Fitness 0,0001684817, Gen ;0,7895;0,3763;0,4063;0,8352;0,3495;0,4036;0,256;0,4347;0,9105;0,4979;0,8275;0,8306;0,3557;0,0991;0,1488;0,8064;0,6198;0,4447;0,3684;0,1753;0,425

Fitness 0,0004765434, Gen ;0,7895;0,3763;0,4063;0,8352;0,3495;0,4036;0,256;0,4347;0,9105;0,4979;0,8275;0,8306;0,3557;0,0991;0,1488;0,8064;0,6198;0,4447;0,3684;0,1753;0,425

Fitness 0,0001323259, Gen ;0,7895;0,3763;0,4063;0,8352;0,3495;0,4036;0,256;0,4347;0,9105;0,4979;0,8275;0,8306;0,3557;0,0991;0,1488;0,8064;0,6198;0,4447;0,3684;0,1753;0,425

Fitness 0,0001536472, Gen ;0,7895;0,3763;0,4063;0,8352;0,3495;0,4036;0,256;0,4347;0,9105;0,4979;0,8275;0,8306;0,3557;0,0991;0,1488;0,8064;0,6198;0,4447;0,3684;0,1753;0,425

Fitness 0,0001687238, Gen ;0,7895;0,3763;0,4063;0,8352;0,3495;0,4036;0,256;0,4347;0,9105;0,4979;0,8275;0,8306;0,3557;0,0991;0,1488;0,8064;0,6198;0,4447;0,3684;0,1753;0,425
,119,119,119,119,119,120,120,120,120,120,120,120,120,120,120,120,120,120,120,120,121,122,124
Fitness 0,000198138, Gen ;0,7895;0,3763;0,4063;0,8352;0,3495;0,4036;0,256;0,4347;0,9105;0,4979;0,8275;0,8306;0,3557;0,0991;0,1488;0,8064;0,6198;0,4447;0,3684;0,1753;0,425
,128,128,128,129,129,129,129,129,129,129,129,130,130,130,130,130,130,130,130,130,130,130,130,130,130,131,131,131,131,131,131,131,131,131,131,131,131,131,131,132,132,132,132,132,132,133,133,133,133,133
Fitness 0,0004164857, Gen ;0,7895;0,3763;0,4063;0,8352;0,3495;0,4036;0,256;0,4347;0,9105;0,4979;0,8275;0,8306;0,3557;0,0991;0,1488;0,8064;0,6198;0,4447;0,3684;0,1753;0,425

Fitness 0,0003031451, Gen ;0,7895;0,3763;0,4063;0,8352;0,3495;0,4036;0,256;0,4347;0,9105;0,4979;0,8275;0,8306;0,3557;0,0991;0,1488;0,8064;0,6198;0,4447;0,3684;0,1753;0,425

Fitness 3,902416, Gen ;0,7895;0,3763;0,4063;0,8352;0,3495;0,4036;0,256;0,4347;0,9105;0,4979;0,8275;0,8306;0,3557;0,0991;0,1488;0,8064;0,6198;0,4447;0,3684;0,1753;0,425
,109,109,109,109,110,110,110,110,110,110,110,110,111,111,111,111,111,111,111,111,111,111,111,112,112,112,112,112,112,112,112,112,112,112,112,112,112,112,112,113,113,113,113,113,113,114,114,114,114,114
Fitness 0,000145066, Gen ;0,7895;0,3763;0,4063;0,8352;0,3495;0,4036;0,256;0,4347;0,9105;0,4979;0,8275;0,8306;0,3557;0,0991;0,1488;0,8064;0,6198;0,4447;0,3684;0,1753;0,425
,102,103,103,103,103,103,103,104,104,104,104,104,104,104,104,104,104,104,105,105,105,105,105,105,105,105,105,105,105,106,106,106,106,106,106,106,106,107,107,107
Fitness 0,000151429, Gen ;0,7895;0,3763;0,4063;0,8352;0,3495;0,4036;0,256;0,4347;0,9105;0,4979;0,8275;0,8306;0,3557;0,0991;0,1488;0,8064;0,6198;0,4447;0,3684;0,1753;0,425
,97,97,98,98,98,98,98,98,98,98,99,99,99,99,99,99,99,99,99,99,99,100,100,100,100,100,100,100,100,100,100,100,100,100,101,101,101,102,102,102,102,102,102,102,103,103,105,106,106,106
Fitness 10,52766, Gen ;0,7895;0,3763;0,4063;0,8352;0,3495;0,4036;0,256;0,4347;0,9105;0,4979;0,8275;0,8306;0,3557;0,0991;0,1488;0,8064;0,6198;0,4447;0,3684;0,1753;0,425

Fitness 0,0004482657, Gen ;0,7895;0,3763;0,4063;0,8352;0,3495;0,4036;0,256;0,4347;0,9105;0,4979;0,8275;0,8306;0,3557;0,0991;0,1488;0,8064;0,6198;0,4447;0,3684;0,1753;0,425

Fitness 15,24595, Gen ;0,7895;0,3763;0,4063;0,8352;0,3495;0,4036;0,256;0,4347;0,9105;0,4979;0,8275;0,8306;0,3557;0,0991;0,1488;0,8064;0,6198;0,4447;0,3684;0,1753;0,425
,108,109,109,110,110,110,110,110,110,110,110,110,111,111,111,111,111,111,111,111,111,111,111,111,111,111,112,112,112,112,112,112,112,112,112,112,112,112,112,112,112,112,113,113,113,113,113,113,113,113
Fitness 0,0001574384, Gen ;0,7895;0,3763;0,4063;0,8352;0,3495;0,4036;0,256;0,4347;0,9105;0,4979;0,8275;0,8306;0,3557;0,0991;0,1488;0,8064;0,6198;0,4447;0,3684;0,1753;0,425

Fitness 0,00015822, Gen ;0,7895;0,3763;0,4063;0,8352;0,3495;0,4036;0,256;0,4347;0,9105;0,4979;0,8275;0,8306;0,3557;0,0991;0,1488;0,8064;0,6198;0,4447;0,3684;0,1753;0,425
,120,120,121,121,121,122,122,122,122,122,122,122,122,123,123,123,123,123,123,123,123,123,123,123,123,124,124,124,124,124,124,124,124,124,124,124,124,124,124,125,125,125,125,125,125,125,126,126,126,126
Fitness 10,75863, Gen ;0,7895;0,3763;0,4063;0,8352;0,3495;0,4036;0,256;0,4347;0,9105;0,4979;0,8275;0,8306;0,3557;0,0991;0,1488;0,8064;0,6198;0,4447;0,3684;0,1753;0,425
,131,132,132,133,133,133,133,133,133,133,133,133,133,133,134,134,134,134,134,134,134,134,134,134,134,134,134,134,135,135,135,135,135,135,135,135,135,135,135,135,136,136,136,136,136,136,136,136,137,137
