	25Stroembom ovc
	2 AI1 ovcarjev
Fitness 33,81122, Gen ;0,6661;0,776;0,6903;0,575;0,0814;0,8748;0,5311;0,3523;0,6678;0,2261;0,6875;0,4316;0,2613;0,5782;0,944;0,5161;0,5684;0,4053;0,4734;0,3571;0,3514

Fitness 35,04735, Gen ;0,6661;0,776;0,6903;0,575;0,0814;0,8748;0,5311;0,3523;0,6678;0,2261;0,6875;0,4316;0,2613;0,5782;0,944;0,5161;0,5684;0,4053;0,4734;0,3571;0,3514
,99,99,99,99,100,100,100,100,100,100,100,100,100,100,100,100,100,101,101,101,101,101,101,102,102
Fitness 50,19204, Gen ;0,6661;0,776;0,6903;0,575;0,0814;0,8748;0,5311;0,3523;0,6678;0,2261;0,6875;0,4316;0,2613;0,5782;0,944;0,5161;0,5684;0,4053;0,4734;0,3571;0,3514
,128,129,129,130,130,130,130,130,130,130,130,130,131,131,131,131,131,131,131,131,132,132,132,132,133
Fitness 0,0003474223, Gen ;0,6661;0,776;0,6903;0,575;0,0814;0,8748;0,5311;0,3523;0,6678;0,2261;0,6875;0,4316;0,2613;0,5782;0,944;0,5161;0,5684;0,4053;0,4734;0,3571;0,3514

Fitness 17,44201, Gen ;0,6661;0,776;0,6903;0,575;0,0814;0,8748;0,5311;0,3523;0,6678;0,2261;0,6875;0,4316;0,2613;0,5782;0,944;0,5161;0,5684;0,4053;0,4734;0,3571;0,3514

Fitness 3,899786, Gen ;0,6661;0,776;0,6903;0,575;0,0814;0,8748;0,5311;0,3523;0,6678;0,2261;0,6875;0,4316;0,2613;0,5782;0,944;0,5161;0,5684;0,4053;0,4734;0,3571;0,3514
,94,94,94,94,94,95,95,95,95,95,95,95,95,95,95,96,96,96,96,96,96,96,96,96,96
Fitness 0,0003805778, Gen ;0,6661;0,776;0,6903;0,575;0,0814;0,8748;0,5311;0,3523;0,6678;0,2261;0,6875;0,4316;0,2613;0,5782;0,944;0,5161;0,5684;0,4053;0,4734;0,3571;0,3514
,73,73,73,74,74,74,74,74,74,74,74,74,75,75,75,75,75,75,75,75,75,75,76,76,76
Fitness 0,0004033531, Gen ;0,6661;0,776;0,6903;0,575;0,0814;0,8748;0,5311;0,3523;0,6678;0,2261;0,6875;0,4316;0,2613;0,5782;0,944;0,5161;0,5684;0,4053;0,4734;0,3571;0,3514
,112,113,113,113,113,113,113,113,113,114,114,114,114,114,114,114,114,115,115,115,115,115,115,115,116
Fitness 21,01972, Gen ;0,6661;0,776;0,6903;0,575;0,0814;0,8748;0,5311;0,3523;0,6678;0,2261;0,6875;0,4316;0,2613;0,5782;0,944;0,5161;0,5684;0,4053;0,4734;0,3571;0,3514
,156,176,176,176,177,177,177,177,177,177,177,177,178,178,178,178,178,178,178,178,179,179,179,179,179
Fitness 40,26346, Gen ;0,6661;0,776;0,6903;0,575;0,0814;0,8748;0,5311;0,3523;0,6678;0,2261;0,6875;0,4316;0,2613;0,5782;0,944;0,5161;0,5684;0,4053;0,4734;0,3571;0,3514
,98,98,98,99,99,99,99,99,99,99,99,99,99,100,100,100,100,100,100,100,101,101,101,106,107
Fitness 9,663353, Gen ;0,6661;0,776;0,6903;0,575;0,0814;0,8748;0,5311;0,3523;0,6678;0,2261;0,6875;0,4316;0,2613;0,5782;0,944;0,5161;0,5684;0,4053;0,4734;0,3571;0,3514
,139,163,163,164,164,164,164,164,164,164,164,164,164,165,165,165,165,165,165,166,166,166,170,171,172
Fitness 0,03850169, Gen ;0,6661;0,776;0,6903;0,575;0,0814;0,8748;0,5311;0,3523;0,6678;0,2261;0,6875;0,4316;0,2613;0,5782;0,944;0,5161;0,5684;0,4053;0,4734;0,3571;0,3514
,68,68,68,68,68,68,68,68,68,69,69,69,69,69,69,69,69,70,70,70,70,70,70,71,71
Fitness 15,13427, Gen ;0,6661;0,776;0,6903;0,575;0,0814;0,8748;0,5311;0,3523;0,6678;0,2261;0,6875;0,4316;0,2613;0,5782;0,944;0,5161;0,5684;0,4053;0,4734;0,3571;0,3514
,74,74,74,74,74,74,74,75,75,75,75,75,75,75,75,76,76,76,76,76,76,76,76,77,77
Fitness 0,07090943, Gen ;0,6661;0,776;0,6903;0,575;0,0814;0,8748;0,5311;0,3523;0,6678;0,2261;0,6875;0,4316;0,2613;0,5782;0,944;0,5161;0,5684;0,4053;0,4734;0,3571;0,3514
,98,99,99,99,99,99,99,99,99,99,100,100,110,111,111,111,111,111,111,111,112,112,112,112
Fitness 47,19589, Gen ;0,6661;0,776;0,6903;0,575;0,0814;0,8748;0,5311;0,3523;0,6678;0,2261;0,6875;0,4316;0,2613;0,5782;0,944;0,5161;0,5684;0,4053;0,4734;0,3571;0,3514
,85,86,86,86,86,86,86,86,86,86,87,87,87,87,87,87,87,87,87,87,88,88,88,88,110
Fitness 39,49693, Gen ;0,6661;0,776;0,6903;0,575;0,0814;0,8748;0,5311;0,3523;0,6678;0,2261;0,6875;0,4316;0,2613;0,5782;0,944;0,5161;0,5684;0,4053;0,4734;0,3571;0,3514

Fitness 0,0001401919, Gen ;0,6661;0,776;0,6903;0,575;0,0814;0,8748;0,5311;0,3523;0,6678;0,2261;0,6875;0,4316;0,2613;0,5782;0,944;0,5161;0,5684;0,4053;0,4734;0,3571;0,3514
,162,162,162,162,163,163,163,163,163,163,163,163,163,163,163,163,164,164,164,164,164,164,164,172,172
Fitness 15,99846, Gen ;0,6661;0,776;0,6903;0,575;0,0814;0,8748;0,5311;0,3523;0,6678;0,2261;0,6875;0,4316;0,2613;0,5782;0,944;0,5161;0,5684;0,4053;0,4734;0,3571;0,3514
,102,103,103,103,103,103,103,103,103,103,104,104,104,104,104,104,104,104,105,105,106,106,106,106,116
Fitness 0,0003823505, Gen ;0,6661;0,776;0,6903;0,575;0,0814;0,8748;0,5311;0,3523;0,6678;0,2261;0,6875;0,4316;0,2613;0,5782;0,944;0,5161;0,5684;0,4053;0,4734;0,3571;0,3514
,74,74,74,74,75,75,75,75,75,75,75,76,76,77,77,77,77,77,77,77,77,78,78,78,78
Fitness 0,06855115, Gen ;0,6661;0,776;0,6903;0,575;0,0814;0,8748;0,5311;0,3523;0,6678;0,2261;0,6875;0,4316;0,2613;0,5782;0,944;0,5161;0,5684;0,4053;0,4734;0,3571;0,3514
,71,71,71,71,71,71,71,71,71,71,72,72,72,72,72,72,72,72,72,72,72,73,73,73,74
Fitness 10,77923, Gen ;0,6661;0,776;0,6903;0,575;0,0814;0,8748;0,5311;0,3523;0,6678;0,2261;0,6875;0,4316;0,2613;0,5782;0,944;0,5161;0,5684;0,4053;0,4734;0,3571;0,3514
,60,60,60,60,60,61,61,61,61,61,61,61,61,61,61,61,61,61,62,62,62,63,63,67,67
Fitness 38,48027, Gen ;0,6661;0,776;0,6903;0,575;0,0814;0,8748;0,5311;0,3523;0,6678;0,2261;0,6875;0,4316;0,2613;0,5782;0,944;0,5161;0,5684;0,4053;0,4734;0,3571;0,3514
,96,96,96,96,97,97,97,97,97,97,97,98,98,98,98,98,99,99,100,100,100,131,157,158,158
Fitness 43,52806, Gen ;0,6661;0,776;0,6903;0,575;0,0814;0,8748;0,5311;0,3523;0,6678;0,2261;0,6875;0,4316;0,2613;0,5782;0,944;0,5161;0,5684;0,4053;0,4734;0,3571;0,3514
,132,132,132,132,132,132,133,133,133,133,133,133,133,133,133,133,133,133,134,134,134,134,134,134,138
Fitness 53,57922, Gen ;0,6661;0,776;0,6903;0,575;0,0814;0,8748;0,5311;0,3523;0,6678;0,2261;0,6875;0,4316;0,2613;0,5782;0,944;0,5161;0,5684;0,4053;0,4734;0,3571;0,3514
,95,95,95,96,96,96,96,96,96,96,96,96,97,97,97,97,97,97,97,97,97,97,98,98,98
Fitness 1,277068, Gen ;0,6661;0,776;0,6903;0,575;0,0814;0,8748;0,5311;0,3523;0,6678;0,2261;0,6875;0,4316;0,2613;0,5782;0,944;0,5161;0,5684;0,4053;0,4734;0,3571;0,3514
,146,146,147,159,159,160,160,160,160,161,161,162,163,164,164,165,165,166,169,170,170,170,170,171
Fitness 2,959619, Gen ;0,6661;0,776;0,6903;0,575;0,0814;0,8748;0,5311;0,3523;0,6678;0,2261;0,6875;0,4316;0,2613;0,5782;0,944;0,5161;0,5684;0,4053;0,4734;0,3571;0,3514
,82,82,83,85,85,85,86,86,86,86,86,86,86,86,86,86,87,87,87,87,87,87,87,88,88
Fitness 19,79568, Gen ;0,6661;0,776;0,6903;0,575;0,0814;0,8748;0,5311;0,3523;0,6678;0,2261;0,6875;0,4316;0,2613;0,5782;0,944;0,5161;0,5684;0,4053;0,4734;0,3571;0,3514
,53
Fitness 0,0006977472, Gen ;0,6661;0,776;0,6903;0,575;0,0814;0,8748;0,5311;0,3523;0,6678;0,2261;0,6875;0,4316;0,2613;0,5782;0,944;0,5161;0,5684;0,4053;0,4734;0,3571;0,3514
,150,150,151,151,151,151,151,151,151,151,152,152,152,152,152,152,152,152,152,152,152,152,153,153,153
Fitness 28,24881, Gen ;0,6661;0,776;0,6903;0,575;0,0814;0,8748;0,5311;0,3523;0,6678;0,2261;0,6875;0,4316;0,2613;0,5782;0,944;0,5161;0,5684;0,4053;0,4734;0,3571;0,3514
,69,69,69,69,69,69,69,69,70,70,70,70,70,70,70,70,70,70,71,71,71,71,71,72,72
Fitness 0,0003601039, Gen ;0,6661;0,776;0,6903;0,575;0,0814;0,8748;0,5311;0,3523;0,6678;0,2261;0,6875;0,4316;0,2613;0,5782;0,944;0,5161;0,5684;0,4053;0,4734;0,3571;0,3514
,79,79,79,79,79,80,80,80,80,80,80,80,80,80,80,81,81,81,81,81,82,82,82,82,82
Fitness 0,7486905, Gen ;0,6661;0,776;0,6903;0,575;0,0814;0,8748;0,5311;0,3523;0,6678;0,2261;0,6875;0,4316;0,2613;0,5782;0,944;0,5161;0,5684;0,4053;0,4734;0,3571;0,3514
,81,82,82,82,82,82,82,82,82,82,82,83,83,83,83,83,83,83,83,83,83,84,84,84,85
Fitness 45,70802, Gen ;0,6661;0,776;0,6903;0,575;0,0814;0,8748;0,5311;0,3523;0,6678;0,2261;0,6875;0,4316;0,2613;0,5782;0,944;0,5161;0,5684;0,4053;0,4734;0,3571;0,3514
,65,66,66,66,66,66,66,66,66,66,67,67,67,67,67,67,67,67,68,68,68,68,68,68,69
Fitness 33,5611, Gen ;0,6661;0,776;0,6903;0,575;0,0814;0,8748;0,5311;0,3523;0,6678;0,2261;0,6875;0,4316;0,2613;0,5782;0,944;0,5161;0,5684;0,4053;0,4734;0,3571;0,3514
,105,105,105,105,105,105,105,105,105,105,105,105,106,106,106,106,106,106,106,106,107,107,107,107,121
Fitness 31,54092, Gen ;0,6661;0,776;0,6903;0,575;0,0814;0,8748;0,5311;0,3523;0,6678;0,2261;0,6875;0,4316;0,2613;0,5782;0,944;0,5161;0,5684;0,4053;0,4734;0,3571;0,3514
,72,105,106,106,106,106,106,106,106,106,107,107,107,107,107,107,107,107,107,107,107,108,108,108,108
Fitness 49,89079, Gen ;0,6661;0,776;0,6903;0,575;0,0814;0,8748;0,5311;0,3523;0,6678;0,2261;0,6875;0,4316;0,2613;0,5782;0,944;0,5161;0,5684;0,4053;0,4734;0,3571;0,3514
,46,72,80,80,80,80,80,81,81,81,81,81,81,81,82,82,82,82,82,82,82,83,83,83,83
Fitness 9,017217, Gen ;0,6661;0,776;0,6903;0,575;0,0814;0,8748;0,5311;0,3523;0,6678;0,2261;0,6875;0,4316;0,2613;0,5782;0,944;0,5161;0,5684;0,4053;0,4734;0,3571;0,3514
,81,81,81,81,82,82,82,82,82,82,82,82,82,82,83,83,83,83,83,83,83,83,83,84,84
Fitness 13,47148, Gen ;0,6661;0,776;0,6903;0,575;0,0814;0,8748;0,5311;0,3523;0,6678;0,2261;0,6875;0,4316;0,2613;0,5782;0,944;0,5161;0,5684;0,4053;0,4734;0,3571;0,3514
,104,104,104,105,105,106,106,106,106,106,106,107,107,107,107,107,107,107,108,108,120,123,126
Fitness 33,34972, Gen ;0,6661;0,776;0,6903;0,575;0,0814;0,8748;0,5311;0,3523;0,6678;0,2261;0,6875;0,4316;0,2613;0,5782;0,944;0,5161;0,5684;0,4053;0,4734;0,3571;0,3514
,105,105,105,105,105,106,106,106,106,106,106,106,106,106,106,106,106,106,107,107,107,107,107,107,107
Fitness 31,87577, Gen ;0,6661;0,776;0,6903;0,575;0,0814;0,8748;0,5311;0,3523;0,6678;0,2261;0,6875;0,4316;0,2613;0,5782;0,944;0,5161;0,5684;0,4053;0,4734;0,3571;0,3514

Fitness 0,0009047368, Gen ;0,6661;0,776;0,6903;0,575;0,0814;0,8748;0,5311;0,3523;0,6678;0,2261;0,6875;0,4316;0,2613;0,5782;0,944;0,5161;0,5684;0,4053;0,4734;0,3571;0,3514
,146,146,146,146,146,147,147,147,147,147,147,148,148,148,148,148,148,148,148,148,149,149,149,149,149
Fitness 13,74226, Gen ;0,6661;0,776;0,6903;0,575;0,0814;0,8748;0,5311;0,3523;0,6678;0,2261;0,6875;0,4316;0,2613;0,5782;0,944;0,5161;0,5684;0,4053;0,4734;0,3571;0,3514
,85,85,86,86,86,86,86,86,86,86,86,86,86,87,87,87,87,87,87,87,87,87,88,88,88
Fitness 0,0007429421, Gen ;0,6661;0,776;0,6903;0,575;0,0814;0,8748;0,5311;0,3523;0,6678;0,2261;0,6875;0,4316;0,2613;0,5782;0,944;0,5161;0,5684;0,4053;0,4734;0,3571;0,3514
,114,114,115,115,132,132,132,133,133,133,133,133,133,133,133,134,134,134,134,134,135,135,135,135,135
Fitness 1,085615, Gen ;0,6661;0,776;0,6903;0,575;0,0814;0,8748;0,5311;0,3523;0,6678;0,2261;0,6875;0,4316;0,2613;0,5782;0,944;0,5161;0,5684;0,4053;0,4734;0,3571;0,3514
,89,89,89,89,89,90,90,90,90,90,90,90,90,90,90,91,91,91,91,91,91,92,92,92,92
Fitness 27,82538, Gen ;0,6661;0,776;0,6903;0,575;0,0814;0,8748;0,5311;0,3523;0,6678;0,2261;0,6875;0,4316;0,2613;0,5782;0,944;0,5161;0,5684;0,4053;0,4734;0,3571;0,3514
,141,169,169,169,169,169,169,169,169,169,169,169,169,170,170,170,170,170,170,171,171,171,172,173,173
Fitness 3,478111, Gen ;0,6661;0,776;0,6903;0,575;0,0814;0,8748;0,5311;0,3523;0,6678;0,2261;0,6875;0,4316;0,2613;0,5782;0,944;0,5161;0,5684;0,4053;0,4734;0,3571;0,3514
,147,148,148,148,148,148,148,148,148,148,149,149,149,149,149,149,149,149,149,149,150,150,150,150,151
Fitness 24,47686, Gen ;0,6661;0,776;0,6903;0,575;0,0814;0,8748;0,5311;0,3523;0,6678;0,2261;0,6875;0,4316;0,2613;0,5782;0,944;0,5161;0,5684;0,4053;0,4734;0,3571;0,3514
,140,140,140,141,141,141,141,141,141,141,141,142,142,142,142,142,142,143,143,143,143,143,143,143,144
Fitness 0,0530085, Gen ;0,6661;0,776;0,6903;0,575;0,0814;0,8748;0,5311;0,3523;0,6678;0,2261;0,6875;0,4316;0,2613;0,5782;0,944;0,5161;0,5684;0,4053;0,4734;0,3571;0,3514
,101,119,120,120,120,120,120,121,121,121,121,121,121,121,121,129,129,129,129,129,130,130,130,130,130
Fitness 0,958816, Gen ;0,6661;0,776;0,6903;0,575;0,0814;0,8748;0,5311;0,3523;0,6678;0,2261;0,6875;0,4316;0,2613;0,5782;0,944;0,5161;0,5684;0,4053;0,4734;0,3571;0,3514
,154,154,154,154,154,154,154,154,154,154,154,154,155,155,155,155,155,155,155,155,155,156,156,156,166
Fitness 1,732145, Gen ;0,6661;0,776;0,6903;0,575;0,0814;0,8748;0,5311;0,3523;0,6678;0,2261;0,6875;0,4316;0,2613;0,5782;0,944;0,5161;0,5684;0,4053;0,4734;0,3571;0,3514
,86,87,87,87,87,87,87,87,88,88,88,88,88,88,88,88,88,88,89,89,89,89,90,90,90
Fitness 4,980502, Gen ;0,6661;0,776;0,6903;0,575;0,0814;0,8748;0,5311;0,3523;0,6678;0,2261;0,6875;0,4316;0,2613;0,5782;0,944;0,5161;0,5684;0,4053;0,4734;0,3571;0,3514
,99,100,100,100,100,100,100,100,103,103,104,104,104,104,104,104,104,105,105,105,105,105,105,106,106
Fitness 0,1925701, Gen ;0,6661;0,776;0,6903;0,575;0,0814;0,8748;0,5311;0,3523;0,6678;0,2261;0,6875;0,4316;0,2613;0,5782;0,944;0,5161;0,5684;0,4053;0,4734;0,3571;0,3514
,96,96,115,115,115,115,116,116,116,116,116,116,117,117,117,117,117,117,118,118,118,118,119,120,121
Fitness 26,23303, Gen ;0,6661;0,776;0,6903;0,575;0,0814;0,8748;0,5311;0,3523;0,6678;0,2261;0,6875;0,4316;0,2613;0,5782;0,944;0,5161;0,5684;0,4053;0,4734;0,3571;0,3514
,65,65,66,66,66,66,66,66,66,66,66,66,66,66,66,66,67,67,67,67,67,67,68,68,68
Fitness 14,93022, Gen ;0,6661;0,776;0,6903;0,575;0,0814;0,8748;0,5311;0,3523;0,6678;0,2261;0,6875;0,4316;0,2613;0,5782;0,944;0,5161;0,5684;0,4053;0,4734;0,3571;0,3514
,153,153,153,153,154,155,155,155,155,155,155,156,156,156,156,156,156,157,157,157,157,158,158,158,159
Fitness 8,041023, Gen ;0,6661;0,776;0,6903;0,575;0,0814;0,8748;0,5311;0,3523;0,6678;0,2261;0,6875;0,4316;0,2613;0,5782;0,944;0,5161;0,5684;0,4053;0,4734;0,3571;0,3514

Fitness 50,65524, Gen ;0,6661;0,776;0,6903;0,575;0,0814;0,8748;0,5311;0,3523;0,6678;0,2261;0,6875;0,4316;0,2613;0,5782;0,944;0,5161;0,5684;0,4053;0,4734;0,3571;0,3514
,82,83,83,83,83,83,83,83,83,84,84,84,84,84,84,84,84,85,85,85,86,86,86,86,87
Fitness 0,4139343, Gen ;0,6661;0,776;0,6903;0,575;0,0814;0,8748;0,5311;0,3523;0,6678;0,2261;0,6875;0,4316;0,2613;0,5782;0,944;0,5161;0,5684;0,4053;0,4734;0,3571;0,3514
,120,120,120,121,121,121,121,121,121,121,121,122,122,122,122,122,122,122,122,122,122,123,123,123,123
Fitness 0,0004341541, Gen ;0,6661;0,776;0,6903;0,575;0,0814;0,8748;0,5311;0,3523;0,6678;0,2261;0,6875;0,4316;0,2613;0,5782;0,944;0,5161;0,5684;0,4053;0,4734;0,3571;0,3514
,74,74,74,74,74,75,75,75,75,75,75,75,75,75,75,76,76,76,76,76,76,76,77,77,77
Fitness 29,5638, Gen ;0,6661;0,776;0,6903;0,575;0,0814;0,8748;0,5311;0,3523;0,6678;0,2261;0,6875;0,4316;0,2613;0,5782;0,944;0,5161;0,5684;0,4053;0,4734;0,3571;0,3514
,74,74,74,74,74,74,74,75,75,75,75,75,75,75,75,75,75,75,76,76,76,76,76,77,77
Fitness 6,565562, Gen ;0,6661;0,776;0,6903;0,575;0,0814;0,8748;0,5311;0,3523;0,6678;0,2261;0,6875;0,4316;0,2613;0,5782;0,944;0,5161;0,5684;0,4053;0,4734;0,3571;0,3514
,72,72,73,73,73,73,73,73,73,73,73,73,74,74,74,74,74,74,74,74,74,74,75,75,75
Fitness 39,48487, Gen ;0,6661;0,776;0,6903;0,575;0,0814;0,8748;0,5311;0,3523;0,6678;0,2261;0,6875;0,4316;0,2613;0,5782;0,944;0,5161;0,5684;0,4053;0,4734;0,3571;0,3514
,83,83,84,84,84,84,84,84,84,85,85,85,85,85,85,85,85,85,85,85,86,86,86,86,87
Fitness 39,7961, Gen ;0,6661;0,776;0,6903;0,575;0,0814;0,8748;0,5311;0,3523;0,6678;0,2261;0,6875;0,4316;0,2613;0,5782;0,944;0,5161;0,5684;0,4053;0,4734;0,3571;0,3514
,85,85,85,86,86,86,86,86,86,86,86,86,87,87,87,87,87,87,87,88,88,88,88,88,89
Fitness 41,6106, Gen ;0,6661;0,776;0,6903;0,575;0,0814;0,8748;0,5311;0,3523;0,6678;0,2261;0,6875;0,4316;0,2613;0,5782;0,944;0,5161;0,5684;0,4053;0,4734;0,3571;0,3514
,81,81,81,81,81,82,82,82,82,82,82,82,82,82,83,83,83,83,83,83,84,84,84,84,84
Fitness 29,48511, Gen ;0,6661;0,776;0,6903;0,575;0,0814;0,8748;0,5311;0,3523;0,6678;0,2261;0,6875;0,4316;0,2613;0,5782;0,944;0,5161;0,5684;0,4053;0,4734;0,3571;0,3514
,68,68,68,69,69,69,69,69,69,69,69,69,70,70,70,70,70,70,70,71,71,71,71,71,71
Fitness 27,48618, Gen ;0,6661;0,776;0,6903;0,575;0,0814;0,8748;0,5311;0,3523;0,6678;0,2261;0,6875;0,4316;0,2613;0,5782;0,944;0,5161;0,5684;0,4053;0,4734;0,3571;0,3514
,142,142,143,143,143,143,143,143,143,143,144,144,144,144,144,144,144,144,144,144,145,145,145,145,145
Fitness 31,53357, Gen ;0,6661;0,776;0,6903;0,575;0,0814;0,8748;0,5311;0,3523;0,6678;0,2261;0,6875;0,4316;0,2613;0,5782;0,944;0,5161;0,5684;0,4053;0,4734;0,3571;0,3514
,159,159,159,160,160,160,160,160,160,160,160,161,161,161,161,161,161,161,161,162,162,163,163,164
Fitness 46,18559, Gen ;0,6661;0,776;0,6903;0,575;0,0814;0,8748;0,5311;0,3523;0,6678;0,2261;0,6875;0,4316;0,2613;0,5782;0,944;0,5161;0,5684;0,4053;0,4734;0,3571;0,3514
,84,84,85,85,85,85,85,85,85,86,86,86,86,86,86,86,86,86,86,86,87,87,87,87,87
Fitness 1,555699, Gen ;0,6661;0,776;0,6903;0,575;0,0814;0,8748;0,5311;0,3523;0,6678;0,2261;0,6875;0,4316;0,2613;0,5782;0,944;0,5161;0,5684;0,4053;0,4734;0,3571;0,3514
,107,108,108,108,108,108,108,111,111,112,112,112,112,112,112,113,113,113,113,113,113,114,114,114,114
Fitness 0,0008719873, Gen ;0,6661;0,776;0,6903;0,575;0,0814;0,8748;0,5311;0,3523;0,6678;0,2261;0,6875;0,4316;0,2613;0,5782;0,944;0,5161;0,5684;0,4053;0,4734;0,3571;0,3514
,111,112,112,112,112,112,112,112,113,113,113,113,113,113,114,114,114,114,114,115,115,115,115,115,115
Fitness 28,59051, Gen ;0,6661;0,776;0,6903;0,575;0,0814;0,8748;0,5311;0,3523;0,6678;0,2261;0,6875;0,4316;0,2613;0,5782;0,944;0,5161;0,5684;0,4053;0,4734;0,3571;0,3514
,71,71,71,71,71,72,72,72,72,72,72,72,72,72,72,72,73,73,73,73,73,73,73,74,74
Fitness 10,54174, Gen ;0,6661;0,776;0,6903;0,575;0,0814;0,8748;0,5311;0,3523;0,6678;0,2261;0,6875;0,4316;0,2613;0,5782;0,944;0,5161;0,5684;0,4053;0,4734;0,3571;0,3514
,119,119,119,120,120,120,120,120,120,120,120,121,129,129,129,130,130,130,130,130,130,130,130,131,131
Fitness 9,901459, Gen ;0,6661;0,776;0,6903;0,575;0,0814;0,8748;0,5311;0,3523;0,6678;0,2261;0,6875;0,4316;0,2613;0,5782;0,944;0,5161;0,5684;0,4053;0,4734;0,3571;0,3514
,92,92,92,93,93,93,93,93,93,93,93,93,94,94,94,94,94,94,94,94,94,95,95,95,95
Fitness 43,12499, Gen ;0,6661;0,776;0,6903;0,575;0,0814;0,8748;0,5311;0,3523;0,6678;0,2261;0,6875;0,4316;0,2613;0,5782;0,944;0,5161;0,5684;0,4053;0,4734;0,3571;0,3514
,91,91,91,91,91,91,91,91,91,92,92,92,92,92,92,92,93,93,93,93,93,93,94,94,103
Fitness 4,611953, Gen ;0,6661;0,776;0,6903;0,575;0,0814;0,8748;0,5311;0,3523;0,6678;0,2261;0,6875;0,4316;0,2613;0,5782;0,944;0,5161;0,5684;0,4053;0,4734;0,3571;0,3514
,99,108,108,108,108,108,108,109,109,109,109,109,109,109,109,109,109,109,109,110,110,110,110,111,139
Fitness 21,8228, Gen ;0,6661;0,776;0,6903;0,575;0,0814;0,8748;0,5311;0,3523;0,6678;0,2261;0,6875;0,4316;0,2613;0,5782;0,944;0,5161;0,5684;0,4053;0,4734;0,3571;0,3514
,163,164,164,164,164,164,164,164,165,165,165,165,165,165,165,165,166,166,166,166,167,167,167,167
Fitness 18,20102, Gen ;0,6661;0,776;0,6903;0,575;0,0814;0,8748;0,5311;0,3523;0,6678;0,2261;0,6875;0,4316;0,2613;0,5782;0,944;0,5161;0,5684;0,4053;0,4734;0,3571;0,3514
,98,98,98,99,99,99,99,99,99,99,99,99,100,100,100,100,100,101,101,101,102,102,103,104,105
Fitness 4,187092, Gen ;0,6661;0,776;0,6903;0,575;0,0814;0,8748;0,5311;0,3523;0,6678;0,2261;0,6875;0,4316;0,2613;0,5782;0,944;0,5161;0,5684;0,4053;0,4734;0,3571;0,3514
,91,113,113,113,113,114,114,114,114,114,114,115,115,115,115,115,115,116,116,117,118,118,118,119,119
Fitness 0,0002561302, Gen ;0,6661;0,776;0,6903;0,575;0,0814;0,8748;0,5311;0,3523;0,6678;0,2261;0,6875;0,4316;0,2613;0,5782;0,944;0,5161;0,5684;0,4053;0,4734;0,3571;0,3514
,82,82,83,83,83,83,83,83,83,83,84,84,84,88,88,89,89,89,89,89,90,90,90,90,91
Fitness 16,0303, Gen ;0,6661;0,776;0,6903;0,575;0,0814;0,8748;0,5311;0,3523;0,6678;0,2261;0,6875;0,4316;0,2613;0,5782;0,944;0,5161;0,5684;0,4053;0,4734;0,3571;0,3514
,135,135,135,135,136,136,136,136,136,136,136,136,136,136,136,137,137,137,137,137,137,137,137,138,138
Fitness 8,669913, Gen ;0,6661;0,776;0,6903;0,575;0,0814;0,8748;0,5311;0,3523;0,6678;0,2261;0,6875;0,4316;0,2613;0,5782;0,944;0,5161;0,5684;0,4053;0,4734;0,3571;0,3514
,101,102,102,102,102,102,102,102,102,102,103,103,103,103,103,103,103,103,104,104,104,104,105,105,105
Fitness 26,51967, Gen ;0,6661;0,776;0,6903;0,575;0,0814;0,8748;0,5311;0,3523;0,6678;0,2261;0,6875;0,4316;0,2613;0,5782;0,944;0,5161;0,5684;0,4053;0,4734;0,3571;0,3514
,90,112,112,112,112,112,112,112,112,112,113,113,113,113,113,113,113,113,113,114,114,114,114,115,117
Fitness 2,699089, Gen ;0,6661;0,776;0,6903;0,575;0,0814;0,8748;0,5311;0,3523;0,6678;0,2261;0,6875;0,4316;0,2613;0,5782;0,944;0,5161;0,5684;0,4053;0,4734;0,3571;0,3514
,31,59,59,59,60,60,60,60,60,60,60,60,60,60,61,61,61,61,61,62,62,62,62,62,63
Fitness 15,36403, Gen ;0,6661;0,776;0,6903;0,575;0,0814;0,8748;0,5311;0,3523;0,6678;0,2261;0,6875;0,4316;0,2613;0,5782;0,944;0,5161;0,5684;0,4053;0,4734;0,3571;0,3514
,99,99,99,100,100,100,100,100,100,100,100,100,101,101,101,101,101,101,101,101,102,102,102,102,124
Fitness 9,640563, Gen ;0,6661;0,776;0,6903;0,575;0,0814;0,8748;0,5311;0,3523;0,6678;0,2261;0,6875;0,4316;0,2613;0,5782;0,944;0,5161;0,5684;0,4053;0,4734;0,3571;0,3514
,115,115,115,116,116,116,116,116,116,116,116,116,116,116,116,116,117,117,117,117,117,118,118,118
Fitness 59,1207, Gen ;0,6661;0,776;0,6903;0,575;0,0814;0,8748;0,5311;0,3523;0,6678;0,2261;0,6875;0,4316;0,2613;0,5782;0,944;0,5161;0,5684;0,4053;0,4734;0,3571;0,3514
,86,86,86,86,86,87,87,87,87,87,87,87,87,87,87,88,88,88,88,88,88,88,88,90,90
Fitness 8,631378, Gen ;0,6661;0,776;0,6903;0,575;0,0814;0,8748;0,5311;0,3523;0,6678;0,2261;0,6875;0,4316;0,2613;0,5782;0,944;0,5161;0,5684;0,4053;0,4734;0,3571;0,3514
,84,84,84,84,85,85,85,85,85,85,86,87,87,87,88,88,88,89,89,89,89,89,89,89,89
Fitness 0,0001207148, Gen ;0,6661;0,776;0,6903;0,575;0,0814;0,8748;0,5311;0,3523;0,6678;0,2261;0,6875;0,4316;0,2613;0,5782;0,944;0,5161;0,5684;0,4053;0,4734;0,3571;0,3514

Fitness 26,49977, Gen ;0,6661;0,776;0,6903;0,575;0,0814;0,8748;0,5311;0,3523;0,6678;0,2261;0,6875;0,4316;0,2613;0,5782;0,944;0,5161;0,5684;0,4053;0,4734;0,3571;0,3514
,110,110,111,111,111,111,111,111,111,111,112,112,112,112,112,112,112,112,112,113,113,113,114,114,115
Fitness 27,1038, Gen ;0,6661;0,776;0,6903;0,575;0,0814;0,8748;0,5311;0,3523;0,6678;0,2261;0,6875;0,4316;0,2613;0,5782;0,944;0,5161;0,5684;0,4053;0,4734;0,3571;0,3514
,97,97,97,97,97,97,98,98,98,98,98,98,98,98,98,98,99,99,99,99,99,100,100,100,100
Fitness 0,0005660957, Gen ;0,6661;0,776;0,6903;0,575;0,0814;0,8748;0,5311;0,3523;0,6678;0,2261;0,6875;0,4316;0,2613;0,5782;0,944;0,5161;0,5684;0,4053;0,4734;0,3571;0,3514
,146
Fitness 10,3414, Gen ;0,6661;0,776;0,6903;0,575;0,0814;0,8748;0,5311;0,3523;0,6678;0,2261;0,6875;0,4316;0,2613;0,5782;0,944;0,5161;0,5684;0,4053;0,4734;0,3571;0,3514
,82,82,82,82,82,82,82,82,82,83,83,83,83,83,83,83,83,83,83,83,83,83,83,84,84
Fitness 18,65536, Gen ;0,6661;0,776;0,6903;0,575;0,0814;0,8748;0,5311;0,3523;0,6678;0,2261;0,6875;0,4316;0,2613;0,5782;0,944;0,5161;0,5684;0,4053;0,4734;0,3571;0,3514
,92,92,92,92,92,93,93,93,93,93,93,93,93,93,93,94,94,94,94,94,94,94,95,95,95
Fitness 0,0003464581, Gen ;0,6661;0,776;0,6903;0,575;0,0814;0,8748;0,5311;0,3523;0,6678;0,2261;0,6875;0,4316;0,2613;0,5782;0,944;0,5161;0,5684;0,4053;0,4734;0,3571;0,3514
,96,96,97,97,97,97,97,97,97,97,98,98,98,98,98,98,98,99,99,99,100,100,100,100,100
Fitness 31,89278, Gen ;0,6661;0,776;0,6903;0,575;0,0814;0,8748;0,5311;0,3523;0,6678;0,2261;0,6875;0,4316;0,2613;0,5782;0,944;0,5161;0,5684;0,4053;0,4734;0,3571;0,3514
,84,84,84,84,107,107,107,107,107,107,108,108,108,108,108,108,108,108,109,109,110,110,118,118
Fitness 22,28533, Gen ;0,6661;0,776;0,6903;0,575;0,0814;0,8748;0,5311;0,3523;0,6678;0,2261;0,6875;0,4316;0,2613;0,5782;0,944;0,5161;0,5684;0,4053;0,4734;0,3571;0,3514
,100,100,100,100,100,100,100,101,101,101,101,101,101,101,101,101,101,101,102,102,102,102,103,103,103
Fitness 18,3554, Gen ;0,6661;0,776;0,6903;0,575;0,0814;0,8748;0,5311;0,3523;0,6678;0,2261;0,6875;0,4316;0,2613;0,5782;0,944;0,5161;0,5684;0,4053;0,4734;0,3571;0,3514
,88,88,88,88,88,89,89,89,92,92,92,92,92,93,93,93,93,93,93,93,94,94,94,94,94
Fitness 0,0001393136, Gen ;0,6661;0,776;0,6903;0,575;0,0814;0,8748;0,5311;0,3523;0,6678;0,2261;0,6875;0,4316;0,2613;0,5782;0,944;0,5161;0,5684;0,4053;0,4734;0,3571;0,3514
,93,94,94,94,94,94,94,94,94,94,95,95,95,95,95,95,95,95,96,96,96,96,101,102,102
Fitness 16,69952, Gen ;0,6661;0,776;0,6903;0,575;0,0814;0,8748;0,5311;0,3523;0,6678;0,2261;0,6875;0,4316;0,2613;0,5782;0,944;0,5161;0,5684;0,4053;0,4734;0,3571;0,3514
,90,91,91,91,91,91,91,91,92,92,92,92,92,92,92,92,92,92,92,93,93,93,93,94,95
Fitness 23,05149, Gen ;0,6661;0,776;0,6903;0,575;0,0814;0,8748;0,5311;0,3523;0,6678;0,2261;0,6875;0,4316;0,2613;0,5782;0,944;0,5161;0,5684;0,4053;0,4734;0,3571;0,3514
,119,120,120,120,120,120,120,120,120,121,121,121,121,121,121,121,121,121,121,122,122,123,127,127,127
Fitness 18,14184, Gen ;0,6661;0,776;0,6903;0,575;0,0814;0,8748;0,5311;0,3523;0,6678;0,2261;0,6875;0,4316;0,2613;0,5782;0,944;0,5161;0,5684;0,4053;0,4734;0,3571;0,3514
,136,136,137,137,137,137,137,137,137,137,138,138,138,138,138,138,138,138,138,139,139,139,147,147,147
Fitness 22,46179, Gen ;0,6661;0,776;0,6903;0,575;0,0814;0,8748;0,5311;0,3523;0,6678;0,2261;0,6875;0,4316;0,2613;0,5782;0,944;0,5161;0,5684;0,4053;0,4734;0,3571;0,3514
,145,145,145,145,145,146,146,146,146,146,146,146,146,146,146,147,147,147,147,147,147,147,148,148,148
