	75Stroembom ovc
	2 AI1 ovcarjev
Fitness 22,31072, Gen ;0,4287;0,5049;0,411;0,8452;0,0001;0,7243;0,3046;0,0464;0,3838;0,0972;0,5413;0,2563;0,2417;0,3618;0,6236;0,8307;0,985;0,6109;0,5486;0,8498;0,6274
,83,84,84,84,84,84,84,84,84,84,84,84,84,84,85,85,85,85,85,85,85,85,85,85,85,85,85,85,85,85,85,85,85,86,86,86,86,86,86,86,86,86,86,87,87,87,87,87,87,87,87,87,87,88,88,88,88,88,88,88,88,89,89,89,89,89,90,90,91,92,92,93,94,95,96
Fitness 27,72801, Gen ;0,4287;0,5049;0,411;0,8452;0,0001;0,7243;0,3046;0,0464;0,3838;0,0972;0,5413;0,2563;0,2417;0,3618;0,6236;0,8307;0,985;0,6109;0,5486;0,8498;0,6274
,93,93,93,93,94,94,94,94,94,94,94,94,94,94,94,94,94,94,94,95,95,95,95,95,95,95,95,95,95,95,95,96,96,96,96,96,96,96,96,96,97,97,99,100,101,101,105,106,107,107,107,107,107,107,108,108,108,108,108,108,108,108,108,109,109,109,109,110,110,110,110,110,111,111,111
Fitness 37,8828, Gen ;0,4287;0,5049;0,411;0,8452;0,0001;0,7243;0,3046;0,0464;0,3838;0,0972;0,5413;0,2563;0,2417;0,3618;0,6236;0,8307;0,985;0,6109;0,5486;0,8498;0,6274
,73,73,73,73,73,74,74,74,74,74,74,74,74,74,74,74,74,74,74,74,74,74,74,74,75,75,75,75,75,75,75,75,75,75,75,75,75,75,75,75,76,76,76,76,76,76,76,76,76,76,76,76,77,77,77,77,77,77,77,77,78,78,78,78,78,78,78,79,79,79,79,80,80,80
Fitness 23,44193, Gen ;0,4287;0,5049;0,411;0,8452;0,0001;0,7243;0,3046;0,0464;0,3838;0,0972;0,5413;0,2563;0,2417;0,3618;0,6236;0,8307;0,985;0,6109;0,5486;0,8498;0,6274
,74,74,75,75,75,75,75,75,75,75,75,75,81,81,81,81,81,82,82,82,82,82,82,82,82,82,82,82,83,83,83,83,83,83,83,83,83,83,83,83,83,83,84,84,84,84,84,84,84,84,84,84,84,84,85,85,85,85,85,85,85,85,85,85,86,86,86,86,86,86,87,87,87,88,88
Fitness 13,46028, Gen ;0,4287;0,5049;0,411;0,8452;0,0001;0,7243;0,3046;0,0464;0,3838;0,0972;0,5413;0,2563;0,2417;0,3618;0,6236;0,8307;0,985;0,6109;0,5486;0,8498;0,6274
,90,90,90,91,91,91,91,91,91,91,92,92,92,92,92,92,92,92,92,92,93,93,93,93,93,93,94,94,94,94,94,94,94,95,95,95,95,95,96,101,102,104,104,105,105,105,105,105,106,106,106,106,106,106,106,107,107,107,107,107,107,107,107,108,108,108,108,109,109,109,110,111,111,111
Fitness 0,0001360059, Gen ;0,4287;0,5049;0,411;0,8452;0,0001;0,7243;0,3046;0,0464;0,3838;0,0972;0,5413;0,2563;0,2417;0,3618;0,6236;0,8307;0,985;0,6109;0,5486;0,8498;0,6274
,76,76,76,76,76,76,76,76,76,76,76,76,76,76,77,77,77,77,77,77,77,77,77,77,77,77,77,77,77,77,77,77,78,78,78,78,78,78,78,78,78,78,78,78,78,78,79,79,79,79,79,79,79,79,79,79,79,80,80,80,80,80,80,80,80,81,81,81,81,82,82,82,82,82,83
Fitness 29,66575, Gen ;0,4287;0,5049;0,411;0,8452;0,0001;0,7243;0,3046;0,0464;0,3838;0,0972;0,5413;0,2563;0,2417;0,3618;0,6236;0,8307;0,985;0,6109;0,5486;0,8498;0,6274

Fitness 4,828403E-05, Gen ;0,4287;0,5049;0,411;0,8452;0,0001;0,7243;0,3046;0,0464;0,3838;0,0972;0,5413;0,2563;0,2417;0,3618;0,6236;0,8307;0,985;0,6109;0,5486;0,8498;0,6274
,87,87,87,88,88,88,88,88,88,88,88,88,88,88,88,88,88,88,88,88,88,88,88,88,88,89,89,89,89,89,89,89,89,89,89,89,90,90,90,90,90,90,90,90,90,90,90,90,90,91,91,91,91,91,91,91,92,92,92,92,92,92,92,92,93,93,93,93,93,94,94,95,95,95,96
Fitness 34,27043, Gen ;0,4287;0,5049;0,411;0,8452;0,0001;0,7243;0,3046;0,0464;0,3838;0,0972;0,5413;0,2563;0,2417;0,3618;0,6236;0,8307;0,985;0,6109;0,5486;0,8498;0,6274
,88,88,89,89,89,89,89,89,89,89,89,89,89,89,89,89,89,89,89,90,90,90,90,90,90,90,90,90,90,90,90,90,90,90,90,90,91,91,91,91,91,91,91,91,91,91,91,91,91,91,92,92,92,92,92,92,92,92,93,93,93,93,93,93,94,95,95,95,95,96,96,97,97,97,98
Fitness 0,0001390145, Gen ;0,4287;0,5049;0,411;0,8452;0,0001;0,7243;0,3046;0,0464;0,3838;0,0972;0,5413;0,2563;0,2417;0,3618;0,6236;0,8307;0,985;0,6109;0,5486;0,8498;0,6274
,101,101,101,102,102,102,102,102,102,102,102,102,102,102,103,103,103,103,103,103,103,103,103,103,103,103,103,103,104,104,104,104,104,104,104,104,104,104,105,105,105,105,105,105,106
Fitness 22,71231, Gen ;0,4287;0,5049;0,411;0,8452;0,0001;0,7243;0,3046;0,0464;0,3838;0,0972;0,5413;0,2563;0,2417;0,3618;0,6236;0,8307;0,985;0,6109;0,5486;0,8498;0,6274
,73,73,74,74,74,74,74,74,74,74,74,74,74,74,74,74,74,74,74,75,75,75,75,75,75,75,75,75,75,75,75,75,75,75,75,75,75,75,76,76,76,76,76,76,76,76,76,76,76,76,77,77,77,77,77,77,77,77,77,78,78,78,78,78,78,78,79,79,79,79,79,80,80,80,137
Fitness 21,03899, Gen ;0,4287;0,5049;0,411;0,8452;0,0001;0,7243;0,3046;0,0464;0,3838;0,0972;0,5413;0,2563;0,2417;0,3618;0,6236;0,8307;0,985;0,6109;0,5486;0,8498;0,6274
,85,85,85,85,85,85,85,85,85,85,85,86,86,86,86,86,86,86,86,86,86,86,86,86,86,86,86,87,87,87,87,87,87,87,87,87,87,87,87,87,87,87,87,88,88,88,88,88,88,88,88,88,88,89,89,89,89,89,90,90,90,90,90,90,91,91,91,91,91,92,92,92,92,93,93
Fitness 0,0001230718, Gen ;0,4287;0,5049;0,411;0,8452;0,0001;0,7243;0,3046;0,0464;0,3838;0,0972;0,5413;0,2563;0,2417;0,3618;0,6236;0,8307;0,985;0,6109;0,5486;0,8498;0,6274

Fitness 6,673769, Gen ;0,4287;0,5049;0,411;0,8452;0,0001;0,7243;0,3046;0,0464;0,3838;0,0972;0,5413;0,2563;0,2417;0,3618;0,6236;0,8307;0,985;0,6109;0,5486;0,8498;0,6274
,84,85,85,85,85,85,85,85,86,86,86,86,86,86,86,86,86,86,86,86,86,86,86,86,86,87,87,87,87,87,87,87,87,87,87,87,87,87,87,87,88,88,88,88,88,88,88,88,88,88,89,89,89,89,89,89,89,90,90,90,90,90,90,90,91,91,91,92,92,92,93,93,111,112,112
Fitness 24,80473, Gen ;0,4287;0,5049;0,411;0,8452;0,0001;0,7243;0,3046;0,0464;0,3838;0,0972;0,5413;0,2563;0,2417;0,3618;0,6236;0,8307;0,985;0,6109;0,5486;0,8498;0,6274
,98,98,99,99,99,99,99,99,99,99,99,99,99,99,100,100,100,100,100,100,100,100,100,100,100,100,100,100,100,100,100,101,101,101,101,101,101,101,101,101,101,101,101,101,101,101,102,102,102,102,102,102,102,102,102,103,103,103,103,103,103,103,103,104,104,104,104,104,104,105,105,105,105,105,106
Fitness 0,0001343933, Gen ;0,4287;0,5049;0,411;0,8452;0,0001;0,7243;0,3046;0,0464;0,3838;0,0972;0,5413;0,2563;0,2417;0,3618;0,6236;0,8307;0,985;0,6109;0,5486;0,8498;0,6274

Fitness 14,76704, Gen ;0,4287;0,5049;0,411;0,8452;0,0001;0,7243;0,3046;0,0464;0,3838;0,0972;0,5413;0,2563;0,2417;0,3618;0,6236;0,8307;0,985;0,6109;0,5486;0,8498;0,6274
,138,139,139,139,139,139,139,139,139,139,139,139,139,140,140,140,140,140,140,140,140,141,141,141,141,141,141,141,141,141,141,141,141,141,141,141,141,142,142,142,142,142,142,142,142,142,142,142,143,143,143,143,143,143,143,143,143,143,143,143,143,143,144,144,144,144,144,144,145,145,145,145,145
Fitness 15,32072, Gen ;0,4287;0,5049;0,411;0,8452;0,0001;0,7243;0,3046;0,0464;0,3838;0,0972;0,5413;0,2563;0,2417;0,3618;0,6236;0,8307;0,985;0,6109;0,5486;0,8498;0,6274
,127,128,128,128,128,128,128,128,128,128,128,128,128,128,128,128,129,129,129,129,129,129,129,129,129,129,129,129,129,129,129,129,129,130,130,130,130,130,130,130,130,130,130,130,131,131,131,131,131,131,131,131,131,131,132,132,132,132,132,132,132,133,133,133,133,133,133,134,134,134,134,135,135,135
Fitness 0,0001075551, Gen ;0,4287;0,5049;0,411;0,8452;0,0001;0,7243;0,3046;0,0464;0,3838;0,0972;0,5413;0,2563;0,2417;0,3618;0,6236;0,8307;0,985;0,6109;0,5486;0,8498;0,6274
,113,114,114,114,114,115,115,115,115,115,115,115,115,115,116,116,116,116,116,116,117,117,117,117,117,117,117,117,117,118,118,118,118,118,118,118,118,118,118,118,118,118,118,119,119,119,119,119,119,119,119,119,120,120,120,120,120,121
Fitness 9,052881E-05, Gen ;0,4287;0,5049;0,411;0,8452;0,0001;0,7243;0,3046;0,0464;0,3838;0,0972;0,5413;0,2563;0,2417;0,3618;0,6236;0,8307;0,985;0,6109;0,5486;0,8498;0,6274
,81,82,82,82,82,82,82,82,83,83,83,83,83,83,83,83,83,83,83,83,83,83,83,84,84,84,84,84,84,84,84,84,84,84,84,84,84,85,85,85,85,85,85,85,85,85,85,85,85,85,86,86,86,86,86,86,86,86,86,87,87,87,88
Fitness 0,0002368994, Gen ;0,4287;0,5049;0,411;0,8452;0,0001;0,7243;0,3046;0,0464;0,3838;0,0972;0,5413;0,2563;0,2417;0,3618;0,6236;0,8307;0,985;0,6109;0,5486;0,8498;0,6274
,79,79,79,79,79,79,80,80,80,80,80,80,80,80,80,81,81,81,81,81,81,81,81,81,82,82,82,82,82,82,82,82,82,82,82,82,82,82,82,83,83,83,83,83,83,83,83,83,83,84,84,84,84,84,84,84,84,85,85,85,85,85,85,85,85,85,85,86,87,87,87,87,87,87,88
Fitness 7,919133E-05, Gen ;0,4287;0,5049;0,411;0,8452;0,0001;0,7243;0,3046;0,0464;0,3838;0,0972;0,5413;0,2563;0,2417;0,3618;0,6236;0,8307;0,985;0,6109;0,5486;0,8498;0,6274
,84,84,84,84,84,84,84,84,84,85,85,85,85,85,85,85,85,85,85,85,85,86,86,86,86,86,86,86,86,86,86,86,86,86,86,86,87,87,87,87,87,87,87,87,87,87,87,87,87,87,88,88,88,88,88,88,88,89,89,89,89,89,89,89,89,89,90,90,90,91,91,91,91,91,91
Fitness 6,4818E-05, Gen ;0,4287;0,5049;0,411;0,8452;0,0001;0,7243;0,3046;0,0464;0,3838;0,0972;0,5413;0,2563;0,2417;0,3618;0,6236;0,8307;0,985;0,6109;0,5486;0,8498;0,6274
,74,74,74,75,75,75,75,75,75,75,75,75,75,75,75,75,75,75,75,75,76,76,76,76,76,76,76,76,76,76,76,76,76,76,76,76,76,76,76,77,77,77,77,77,77,77,77,77,77,77,77,77,78,78,78,78,78,78,78,78,78,78,78,78,78,79,79,79,79,79,79,79,80,80,80
Fitness 29,4174, Gen ;0,4287;0,5049;0,411;0,8452;0,0001;0,7243;0,3046;0,0464;0,3838;0,0972;0,5413;0,2563;0,2417;0,3618;0,6236;0,8307;0,985;0,6109;0,5486;0,8498;0,6274
,82,83,83,83,83,83,83,83,83,83,83,83,83,83,83,83,83,83,83,83,83,83,84,84,84,84,84,84,84,84,84,84,84,84,84,84,84,84,84,84,84,85,85,85,85,85,85,85,85,85,85,86,86,86,86,86,86,86,86,87,87,87,87,87,87,87,87,88,88,88,88,88,89,89,89
Fitness 26,19061, Gen ;0,4287;0,5049;0,411;0,8452;0,0001;0,7243;0,3046;0,0464;0,3838;0,0972;0,5413;0,2563;0,2417;0,3618;0,6236;0,8307;0,985;0,6109;0,5486;0,8498;0,6274
,94,94,94,95,95,95,102,102,102,102,102,103,103,103,103,103,103,103,103,103,103,103,103,103,103,104,104,104,104,104,104,104,104,104,104,104,104,104,105,105,105,105,105,105,105,105,105,105,105,105,105,106,106,106,106,106,106,106,107,107,107,107,107,107,107,107,108,108,108,109,109,109,109,109,110
Fitness 36,91552, Gen ;0,4287;0,5049;0,411;0,8452;0,0001;0,7243;0,3046;0,0464;0,3838;0,0972;0,5413;0,2563;0,2417;0,3618;0,6236;0,8307;0,985;0,6109;0,5486;0,8498;0,6274
,88,89,89,89,89,89,89,89,89,89,89,89,90,90,90,90,90,90,90,90,90,90,90,90,90,90,90,90,90,90,90,90,91,91,91,91,91,91,91,91,91,91,91,91,92,92,92,92,92,92,92,92,92,93,93,93,93,93,93,93,94,94,94,94,94,94,94,95,95,95,95,96,96,96,97
Fitness 27,81929, Gen ;0,4287;0,5049;0,411;0,8452;0,0001;0,7243;0,3046;0,0464;0,3838;0,0972;0,5413;0,2563;0,2417;0,3618;0,6236;0,8307;0,985;0,6109;0,5486;0,8498;0,6274
,113,113,113,113,113,113,113,113,113,113,113,113,113,113,113,113,114,114,114,114,114,114,114,114,114,114,114,114,114,114,114,114,114,114,114,114,115,115,115,115,115,115,115,115,115,115,115,115,116,116,116,116,116,116,116,116,116,117,117,117,117,118,118,118,118,118,118,118,118,119,119,119,120,120,121
Fitness 13,11613, Gen ;0,4287;0,5049;0,411;0,8452;0,0001;0,7243;0,3046;0,0464;0,3838;0,0972;0,5413;0,2563;0,2417;0,3618;0,6236;0,8307;0,985;0,6109;0,5486;0,8498;0,6274
,101,101,101,101,102,102,102,102,102,102,102,102,102,102,102,102,102,102,102,102,103,103,103,103,103,103,103,103,103,103,103,103,103,103,103,103,103,103,103,103,103,103,104,104,104,104,104,104,104,104,104,104,105,105,105,105,105,105,106,106,106,106,106,107,107,107,107,108,109,109,109,110,110
Fitness 21,87364, Gen ;0,4287;0,5049;0,411;0,8452;0,0001;0,7243;0,3046;0,0464;0,3838;0,0972;0,5413;0,2563;0,2417;0,3618;0,6236;0,8307;0,985;0,6109;0,5486;0,8498;0,6274

Fitness 7,846829, Gen ;0,4287;0,5049;0,411;0,8452;0,0001;0,7243;0,3046;0,0464;0,3838;0,0972;0,5413;0,2563;0,2417;0,3618;0,6236;0,8307;0,985;0,6109;0,5486;0,8498;0,6274
,83,84,84,84,84,84,84,84,84,84,84,84,84,85,85,85,85,85,85,85,85,85,85,85,85,85,85,85,85,85,85,85,86,86,86,86,86,86,86,86,86,86,86,86,87,87,87,87,87,87,87,87,87,87,87,88,88,88,88,88,88,89,89,89,89,89,89,89,89,90,90,90,90,90,90
Fitness 5,636144E-05, Gen ;0,4287;0,5049;0,411;0,8452;0,0001;0,7243;0,3046;0,0464;0,3838;0,0972;0,5413;0,2563;0,2417;0,3618;0,6236;0,8307;0,985;0,6109;0,5486;0,8498;0,6274

Fitness 0,0001710636, Gen ;0,4287;0,5049;0,411;0,8452;0,0001;0,7243;0,3046;0,0464;0,3838;0,0972;0,5413;0,2563;0,2417;0,3618;0,6236;0,8307;0,985;0,6109;0,5486;0,8498;0,6274

Fitness 26,71119, Gen ;0,4287;0,5049;0,411;0,8452;0,0001;0,7243;0,3046;0,0464;0,3838;0,0972;0,5413;0,2563;0,2417;0,3618;0,6236;0,8307;0,985;0,6109;0,5486;0,8498;0,6274
,158,158,158,158,159,159,159,159,159,159,159,159,159,159,160,160,160,160,160,160,160,160,160,160,160,160,160,161,161,161,163,163,164,164,164,165,165,165,165,166,166,166,169,169,169,169,169,169,169,170,170,170,170,170,170,170,170,170,170,171,171,171,171,171,171,172,172,172,172,172,173,173,173
Fitness 0,0001622999, Gen ;0,4287;0,5049;0,411;0,8452;0,0001;0,7243;0,3046;0,0464;0,3838;0,0972;0,5413;0,2563;0,2417;0,3618;0,6236;0,8307;0,985;0,6109;0,5486;0,8498;0,6274
,83,83,83,84,84,84,84,84,84,84,84,84,84,84,84,84,84,84,84,85,85,85,85,85,85,85,85,85,85,85,85,85,85,85,85,85,85,86,86,86,86,86,86,86,86,86,86,87,87,87,87,87,87,87,87,87,88,88,88,88,88,88,88,89,89,89,89,90,90,90,90,90,92,92,93
Fitness 0,0001282159, Gen ;0,4287;0,5049;0,411;0,8452;0,0001;0,7243;0,3046;0,0464;0,3838;0,0972;0,5413;0,2563;0,2417;0,3618;0,6236;0,8307;0,985;0,6109;0,5486;0,8498;0,6274

Fitness 0,0001011056, Gen ;0,4287;0,5049;0,411;0,8452;0,0001;0,7243;0,3046;0,0464;0,3838;0,0972;0,5413;0,2563;0,2417;0,3618;0,6236;0,8307;0,985;0,6109;0,5486;0,8498;0,6274
,103,103,103,103,103,103,103,103,103,104,104,104,104,104,104,104,104,104,104,104,104,104,104,104,104,104,104,105,105,105,105,105,105,105,105,105,105,105,105,105,106,106,106,106,106,106,106,106,106,106,106,106,107,107,107,107,107,107,107,107,108,108,108,108,108,108,108,108,109,109,109,109,109,110,110
Fitness 25,13707, Gen ;0,4287;0,5049;0,411;0,8452;0,0001;0,7243;0,3046;0,0464;0,3838;0,0972;0,5413;0,2563;0,2417;0,3618;0,6236;0,8307;0,985;0,6109;0,5486;0,8498;0,6274
,92,92,92,92,93,93,93,93,93,93,93,93,93,93,93,93,93,93,93,93,93,93,93,94,94,94,94,94,94,94,94,94,94,94,94,94,94,94,95,95,95,95,95,95,95,95,95,95,96,96,96,96,96,96,96,96,97,97,97,97,97,97,97,97,97,97,98,98,99,99,99,99,100,100,100
Fitness 0,0001768206, Gen ;0,4287;0,5049;0,411;0,8452;0,0001;0,7243;0,3046;0,0464;0,3838;0,0972;0,5413;0,2563;0,2417;0,3618;0,6236;0,8307;0,985;0,6109;0,5486;0,8498;0,6274
,86,86,86,86,86,86,86,86,87,87,87,87,87,87,87,87,87,87,87,87,87,88,88,88,88,88,88,88,88,88,88,88,88,88,88,88,88,89,89,89,89,89,89,89,89,89,89,89,89,90,90,90,90,90,90,90,90,91,91,91,91,91,91,91,92,92,92,92,92,93,93,93,94,94
Fitness 12,79172, Gen ;0,4287;0,5049;0,411;0,8452;0,0001;0,7243;0,3046;0,0464;0,3838;0,0972;0,5413;0,2563;0,2417;0,3618;0,6236;0,8307;0,985;0,6109;0,5486;0,8498;0,6274
,80,81,81,81,81,81,81,81,81,81,81,81,81,81,81,81,81,81,81,82,82,82,82,82,82,82,82,82,82,82,82,82,82,82,82,82,83,83,83,83,83,83,83,83,83,83,83,83,83,83,84,84,84,84,84,84,84,84,84,85,85,85,85,85,85,85,85,85,86,86,87,87,87,87,87
Fitness 19,41788, Gen ;0,4287;0,5049;0,411;0,8452;0,0001;0,7243;0,3046;0,0464;0,3838;0,0972;0,5413;0,2563;0,2417;0,3618;0,6236;0,8307;0,985;0,6109;0,5486;0,8498;0,6274
,87,87,87,87,87,87,87,88,88,88,88,88,88,88,88,88,88,88,88,89,89,89,89,89,89,89,89,89,89,89,89,89,89,89,89,89,89,90,90,90,90,90,90,90,90,90,90,90,90,90,91,91,91,91,91,91,91,91,92,92,92,92,92,92,92,92,92,93,93,93,94,94,94,94,95
Fitness 7,225692E-05, Gen ;0,4287;0,5049;0,411;0,8452;0,0001;0,7243;0,3046;0,0464;0,3838;0,0972;0,5413;0,2563;0,2417;0,3618;0,6236;0,8307;0,985;0,6109;0,5486;0,8498;0,6274
,92,92,92,92,92,92,92,92,92,93,93,93,93,93,93,93,93,93,93,93,93,93,93,93,93,94,94,94,94,94,94,94,94,94,94,94,94,94,94,94,95,95,95,95,95,95,95,95,95,95,95,96,96,96,96,96,96,96,97,97,97,97,97,97,97,98,98,99,99,99,99,99,100,100,100
Fitness 29,57515, Gen ;0,4287;0,5049;0,411;0,8452;0,0001;0,7243;0,3046;0,0464;0,3838;0,0972;0,5413;0,2563;0,2417;0,3618;0,6236;0,8307;0,985;0,6109;0,5486;0,8498;0,6274
,97,97,98,98,98,120,121,121,121,121,121,121,122,122,122,122,122,122,122,123,123,123,123,123,123,123,123,123,123,123,124,124,124,124,124,124,124,124,124,124,124,124,125,125,125,125,125,125,125,125,125,126,126,126,126,127,128,128,129,129,129,130,130,130,130
Fitness 23,24591, Gen ;0,4287;0,5049;0,411;0,8452;0,0001;0,7243;0,3046;0,0464;0,3838;0,0972;0,5413;0,2563;0,2417;0,3618;0,6236;0,8307;0,985;0,6109;0,5486;0,8498;0,6274
,93,93,93,94,94,94,94,94,94,94,94,94,94,94,94,94,94,94,94,94,94,94,95,95,95,95,95,95,95,95,95,95,95,95,95,96,96,96,96,96,96,96,96,96,96,96,96,96,97,97,97,97,97,97,97,97,98,98,98,98,98,98,98,98,98,99,99,99,99,99,99,100,100,100,101
Fitness 19,10477, Gen ;0,4287;0,5049;0,411;0,8452;0,0001;0,7243;0,3046;0,0464;0,3838;0,0972;0,5413;0,2563;0,2417;0,3618;0,6236;0,8307;0,985;0,6109;0,5486;0,8498;0,6274
,166,167,167,167,167,167,167,167,168,168,168,168,168,168
Fitness 0,0001013357, Gen ;0,4287;0,5049;0,411;0,8452;0,0001;0,7243;0,3046;0,0464;0,3838;0,0972;0,5413;0,2563;0,2417;0,3618;0,6236;0,8307;0,985;0,6109;0,5486;0,8498;0,6274
,78,78,78,78,78,78,78,79,79,79,79,79,79,79,79,79,79,79,79,79,79,79,79,79,79,79,79,79,80,80,80,80,80,80,80,80,80,80,80,80,80,81,81,81,81,81,81,81,81,81,81,81,82,82,82,82,82,82,82,83,83,83,83,83,83,83,83,84,84,84,84,84,85,85,85
Fitness 18,57368, Gen ;0,4287;0,5049;0,411;0,8452;0,0001;0,7243;0,3046;0,0464;0,3838;0,0972;0,5413;0,2563;0,2417;0,3618;0,6236;0,8307;0,985;0,6109;0,5486;0,8498;0,6274
,92,92,92,92,92,92,92,93,93,93,93,93,93,93,93,93,93,93,93,93,93,93,93,93,93,93,93,93,94,94,94,94,94,94,94,94,94,94,94,94,94,95,95,95,95,95,95,95,95,95,95,95,96,96,96,96,96,96,96,96,96,96,97,97,97,97,97,97,98,98,98,98,98,99,99
Fitness 0,0003309252, Gen ;0,4287;0,5049;0,411;0,8452;0,0001;0,7243;0,3046;0,0464;0,3838;0,0972;0,5413;0,2563;0,2417;0,3618;0,6236;0,8307;0,985;0,6109;0,5486;0,8498;0,6274
,70,70,70,70,70,70,70,70,70,71,71,71,71,71,71,71,71,71,71,71,71,71,71,71,71,72,72,72,72,72,72,72,72,72,72,72,72,72,72,72,73,73,73,73,73,73,73,73,74,74,74,74,74,74,74,74,75,75,75,75,75,75,75,75,76,76,76,76,77,77,77,77,77,77,78
Fitness 31,76344, Gen ;0,4287;0,5049;0,411;0,8452;0,0001;0,7243;0,3046;0,0464;0,3838;0,0972;0,5413;0,2563;0,2417;0,3618;0,6236;0,8307;0,985;0,6109;0,5486;0,8498;0,6274
,81,81,81,81,81,81,81,81,81,81,81,82,82,82,82,82,82,82,82,82,82,82,82,82,82,82,82,82,82,82,82,82,82,83,83,83,83,83,83,83,83,83,83,83,83,83,83,83,83,84,84,84,84,84,84,84,84,84,84,84,85,85,85,85,85,85,85,85,85,85,86,86,86,86,86
Fitness 19,73035, Gen ;0,4287;0,5049;0,411;0,8452;0,0001;0,7243;0,3046;0,0464;0,3838;0,0972;0,5413;0,2563;0,2417;0,3618;0,6236;0,8307;0,985;0,6109;0,5486;0,8498;0,6274
,101,101,101,101,102,102,102,102,102,102,102,102,102,102,102,102,102,102,102,102,102,102,102,102,102,102,103,103,103,103,103,103,103,103,103,103,103,103,103,103,103,103,104,104,104,104,104,104,104,104,104,104,104,105,105,105,105,105,105,105,106,106,106,106,107,107,107,108,108,108,109,109,111,111,112
Fitness 39,73556, Gen ;0,4287;0,5049;0,411;0,8452;0,0001;0,7243;0,3046;0,0464;0,3838;0,0972;0,5413;0,2563;0,2417;0,3618;0,6236;0,8307;0,985;0,6109;0,5486;0,8498;0,6274
,74,74,74,74,74,74,74,75,75,75,75,78,78,78,79,79,79,79,79,79,79,79,79,79,79,79,80,80,80,80,80,80,80,80,80,80,80,80,80,81,81,81,81,81,81,81,81,81,81,81,81,81,82,82,82,82,82,82,82,82,83,83,83,83,83,83,83,83,84,84,84,84,85,85,85
Fitness 30,24253, Gen ;0,4287;0,5049;0,411;0,8452;0,0001;0,7243;0,3046;0,0464;0,3838;0,0972;0,5413;0,2563;0,2417;0,3618;0,6236;0,8307;0,985;0,6109;0,5486;0,8498;0,6274
,91,91,91,91,91,91,91,91,91,92,92,92,92,92,92,92,92,92,92,92,93,93,93,93,93,93,93,93,93,93,93,93,93,93,94,94,94,94,94,94,94,94,94,94,95,95,95,95,95,95,95,95,95,96,96,96,96,96,96,96,97,97,97,97,97,97,98,98,98,99,99,99,100,100,101
Fitness 12,32802, Gen ;0,4287;0,5049;0,411;0,8452;0,0001;0,7243;0,3046;0,0464;0,3838;0,0972;0,5413;0,2563;0,2417;0,3618;0,6236;0,8307;0,985;0,6109;0,5486;0,8498;0,6274
,112,113,113,113,113,113,113,125,125,126,126,126,126,126,126,126,126,126,127,127,127,127,127,127,127,127,127,127,127,127,127,128,128,128,128,128,128,128,128,128,128,129,129,129,129,129,129,129,129,129,129,130,130,130,130,130,131,131,131,131,131,131,132,132,132,132
Fitness 32,15143, Gen ;0,4287;0,5049;0,411;0,8452;0,0001;0,7243;0,3046;0,0464;0,3838;0,0972;0,5413;0,2563;0,2417;0,3618;0,6236;0,8307;0,985;0,6109;0,5486;0,8498;0,6274
,94,94,94,94,94,94,95,95,95,102,102,102,102,102,102,102,102,102,102,103,103,103,103,103,103,103,103,103,103,103,103,103,103,104,104,104,104,104,104,104,104,104,104,104,104,105,105,105,105,105,105,105,105,105,105,105,106,106,106,107,107,107,107,107,107,107,107,107,107,108,108,108,109,109,110
Fitness 19,19434, Gen ;0,4287;0,5049;0,411;0,8452;0,0001;0,7243;0,3046;0,0464;0,3838;0,0972;0,5413;0,2563;0,2417;0,3618;0,6236;0,8307;0,985;0,6109;0,5486;0,8498;0,6274
,98,98,98,99,99,99,99,99,99,99,99,99,99,99,100,100,100,100,100,100,100,100,100,100,100,100,100,100,100,100,100,100,100,100,100,100,100,101,101,101,101,101,101,101,101,101,101,101,101,101,101,102,102,102,102,102,102,102,102,102,103,103,103,103,103,103,103,103,103,104,104,104,104,104
Fitness 6,713206E-05, Gen ;0,4287;0,5049;0,411;0,8452;0,0001;0,7243;0,3046;0,0464;0,3838;0,0972;0,5413;0,2563;0,2417;0,3618;0,6236;0,8307;0,985;0,6109;0,5486;0,8498;0,6274
,83,83,83,83,83,83,83,83,83,83,84,84,84,84,84,84,84,84,84,84,84,84,84,84,84,84,84,84,85,85,85,85,85,85,85,85,85,85,85,85,86,86,86,86,86,86,86,86,86,86,86,87,87,87,87,87,87,87,87,88,88,88,88,88,88,88,88,88,89,89,89,89,89,90,90
Fitness 13,44442, Gen ;0,4287;0,5049;0,411;0,8452;0,0001;0,7243;0,3046;0,0464;0,3838;0,0972;0,5413;0,2563;0,2417;0,3618;0,6236;0,8307;0,985;0,6109;0,5486;0,8498;0,6274
,92,93,93,93,93,93,93,94,94,94,94,94,94,94,94,94,94,94,94,94,94,94,94,94,94,95,95,95,95,95,95,95,95,95,95,95,95,95,95,95,95,96,96,96,96,96,96,96,96,96,96,97,97,97,97,97,97,98,98,98,98,98,99,99,99,99,100,100,100,100,101,101,101,101,101
Fitness 8,47788E-05, Gen ;0,4287;0,5049;0,411;0,8452;0,0001;0,7243;0,3046;0,0464;0,3838;0,0972;0,5413;0,2563;0,2417;0,3618;0,6236;0,8307;0,985;0,6109;0,5486;0,8498;0,6274
,107,109,109,109,111,111,111,112,112,112,112,112,112,113,113,113,113,113,113,113,113,113,113,114,114,114,114,114,114,114,114,114,114,114,114,114,114,115,115,115,115,115,115,115,115,115,115,115,115,116,116,116,116,116,116,116,116,116,117,117,117,117,117,117,117,117,117,117,117,118,119,119,120
Fitness 27,30269, Gen ;0,4287;0,5049;0,411;0,8452;0,0001;0,7243;0,3046;0,0464;0,3838;0,0972;0,5413;0,2563;0,2417;0,3618;0,6236;0,8307;0,985;0,6109;0,5486;0,8498;0,6274
,70,71,72,72,84,84,84,84,84,84,84,84,84,84,84,84,84,84,84,85,85,85,85,85,85,85,85,85,85,85,85,85,85,85,85,86,86,86,86,86,86,86,86,86,86,86,86,86,86,87,87,87,87,87,87,87,87,87,87,88,88,88,88,88,88,88,88,88,88,88,89,89,89,89,90
Fitness 18,39902, Gen ;0,4287;0,5049;0,411;0,8452;0,0001;0,7243;0,3046;0,0464;0,3838;0,0972;0,5413;0,2563;0,2417;0,3618;0,6236;0,8307;0,985;0,6109;0,5486;0,8498;0,6274

Fitness 4,413665E-05, Gen ;0,4287;0,5049;0,411;0,8452;0,0001;0,7243;0,3046;0,0464;0,3838;0,0972;0,5413;0,2563;0,2417;0,3618;0,6236;0,8307;0,985;0,6109;0,5486;0,8498;0,6274
,92,92,92,92,93,93,93,93,93,93,93,93,93,93,93,93,93,93,93,93,94,94,94,94,94,94,94,94,94,94,94,94,94,94,94,94,95,95,95,95,95,95,95,95,95,95,95,95,96,96,96,96,96,96,96,96,96,96,97,97,97,97,97,97,97,97,97,98,98,98,98,99,99,99,99
Fitness 27,40565, Gen ;0,4287;0,5049;0,411;0,8452;0,0001;0,7243;0,3046;0,0464;0,3838;0,0972;0,5413;0,2563;0,2417;0,3618;0,6236;0,8307;0,985;0,6109;0,5486;0,8498;0,6274
,100,100,100,100,100,101,101,101,101,101,101,101,101,101,101,101,101,102,102,102,102,102,102,102,102,102,102,103,103,103,103,103,103,103,103,103,103,103,104,104
Fitness 0,0001608072, Gen ;0,4287;0,5049;0,411;0,8452;0,0001;0,7243;0,3046;0,0464;0,3838;0,0972;0,5413;0,2563;0,2417;0,3618;0,6236;0,8307;0,985;0,6109;0,5486;0,8498;0,6274
,95,95,95,95,95,95,95,95,95,96,96,96,96,96,96,96,96,96,96,96,96,97,97,97,97,97,97,97,97,97,97,97,98,98,98,98,98,98,98,98,98,98,98,99,99,99,99,99,99,99,99,99,100,100,100,100,100,100,100,100,101,101,101,101,101
Fitness 19,66344, Gen ;0,4287;0,5049;0,411;0,8452;0,0001;0,7243;0,3046;0,0464;0,3838;0,0972;0,5413;0,2563;0,2417;0,3618;0,6236;0,8307;0,985;0,6109;0,5486;0,8498;0,6274
,66,66,66,67,67,67,67,67,67,67,68,75,75,75,75,75,75,75,76,76,76,76,76,76,76,76,77,77,77,77,77,77,77,77,77,77,77,77,77,77,78,78,78,78,78,78,78,78,78,79,79,79,79,79,79,79,79,80,80,80,80,80,80,81,81,81,81,81,81,82,82,82,82,83,83
Fitness 0,0002001566, Gen ;0,4287;0,5049;0,411;0,8452;0,0001;0,7243;0,3046;0,0464;0,3838;0,0972;0,5413;0,2563;0,2417;0,3618;0,6236;0,8307;0,985;0,6109;0,5486;0,8498;0,6274
,73,134,134,134,134,134,134,134,134,134,134,134,135,135,135,135,135,135,135,135,135,135,135,135,135,135,135,135,135,135,135,136,136,136,136,136,136,136,136,136,136,136,136,136,136,136,137,137,137,137,137,137,137,137,137,137,137,138,138,138,138,138,138,138,138,138,138,138,138,138,139,139,139,139,139
Fitness 8,364875E-05, Gen ;0,4287;0,5049;0,411;0,8452;0,0001;0,7243;0,3046;0,0464;0,3838;0,0972;0,5413;0,2563;0,2417;0,3618;0,6236;0,8307;0,985;0,6109;0,5486;0,8498;0,6274
,69,70,70,70,70,70,70,70,71,79,79,79,79,79,79,79,79,79,79,79,79,79,79,79,79,80,80,80,80,80,80,80,80,80,80,80,80,80,80,80,81,81,81,81,81,81,81,81,82,82,82,82,82,82,83,83,83,84,84,84,84,84,84,85,85,85,85,86,86,87,87,88,88,89,89
Fitness 34,69168, Gen ;0,4287;0,5049;0,411;0,8452;0,0001;0,7243;0,3046;0,0464;0,3838;0,0972;0,5413;0,2563;0,2417;0,3618;0,6236;0,8307;0,985;0,6109;0,5486;0,8498;0,6274
,88,88,88,88,88,88,89,89,89,89,89,89,89,89,89,89,89,89,89,89,89,89,89,89,90,90,90,90,90,90,90,90,90,90,90,90,90,90,91,91,91,91,91,91,91,91,91,91,91,92,92,92,92,92,92,92,93,93,93,93,93,93,93,93,94,94,94,94,94,95,95,96,96,96
Fitness 2,601381, Gen ;0,4287;0,5049;0,411;0,8452;0,0001;0,7243;0,3046;0,0464;0,3838;0,0972;0,5413;0,2563;0,2417;0,3618;0,6236;0,8307;0,985;0,6109;0,5486;0,8498;0,6274
,96,96,96,96,96,97,97,97,97,97,97,97,97,97,97,97,97,97,97,97,97,97,98,98,98,98,98,98,98,98,98,98,98,98,98,98,98,98,98,98,98,98,98,98,99,99,99,99,99,99,99,99,99,99,99,99,99,100,100,100,100,100,100,100,100,100,101,101,101,101,101,101,101,101,101
Fitness 29,27907, Gen ;0,4287;0,5049;0,411;0,8452;0,0001;0,7243;0,3046;0,0464;0,3838;0,0972;0,5413;0,2563;0,2417;0,3618;0,6236;0,8307;0,985;0,6109;0,5486;0,8498;0,6274

Fitness 5,679436E-05, Gen ;0,4287;0,5049;0,411;0,8452;0,0001;0,7243;0,3046;0,0464;0,3838;0,0972;0,5413;0,2563;0,2417;0,3618;0,6236;0,8307;0,985;0,6109;0,5486;0,8498;0,6274
,104,104,104,105,105,105,105,105,105,105,105,105,105,105,105,105,105,105,105,105,105,105,105,105,105,105,106,106,106,106,106,106,106,106,106,106,106,106,106,106,106,106,106,106,107,107,107,107,107,107,107,107,107,107,107,107,108,108,108,108,108,108,108,108,108,108,109,109,109,109,109,110,110,110,110
Fitness 17,84057, Gen ;0,4287;0,5049;0,411;0,8452;0,0001;0,7243;0,3046;0,0464;0,3838;0,0972;0,5413;0,2563;0,2417;0,3618;0,6236;0,8307;0,985;0,6109;0,5486;0,8498;0,6274
,99,100,100,100,100,100,100,100,100,101,101,101,101,101,101,101,101,101,101,101,101,101,101,101,101,101,101,101,102,102,102,102,102,102,102,102,102,102,102,102,102,102,103,103,103,103,103,103,103,103,103,104,104,104,104,104,104,105,105,105,105,105,105,105,105,106,106,106,107,107,107,107,107,108,108
Fitness 0,0001928884, Gen ;0,4287;0,5049;0,411;0,8452;0,0001;0,7243;0,3046;0,0464;0,3838;0,0972;0,5413;0,2563;0,2417;0,3618;0,6236;0,8307;0,985;0,6109;0,5486;0,8498;0,6274
,124,125,125,125,125,125,125,125,125,126,126,126,126,127,127,127,135,135,135,136,136,136,136,136,136,137,137,137,138,138,139,147,147,148,148,148,148,148,148,148,148,148,149,149,149,149,149,149,149,149,149,149,149,149,150,150,150,150,150,150,150,150,150,150,151,151,151,151,151,151,151,152,152,152,152
Fitness 12,81836, Gen ;0,4287;0,5049;0,411;0,8452;0,0001;0,7243;0,3046;0,0464;0,3838;0,0972;0,5413;0,2563;0,2417;0,3618;0,6236;0,8307;0,985;0,6109;0,5486;0,8498;0,6274
,91,92,92,92,92,92,92,92,92,92,92,92,92,92,92,92,92,92,93,93,93,93,93,93,93,93,93,93,93,93,93,93,94,94,94,94,94,94,94,94,94,94,94,94,94,94,94,95,95,95,95,95,95,95,95,95,95,95,96,96,96,96,96,96,96,97,97,97,97,97,97,97,97,98,98
Fitness 14,10015, Gen ;0,4287;0,5049;0,411;0,8452;0,0001;0,7243;0,3046;0,0464;0,3838;0,0972;0,5413;0,2563;0,2417;0,3618;0,6236;0,8307;0,985;0,6109;0,5486;0,8498;0,6274
,95,95,96,96,96,96,96,96,96,96,96,96,96,96,96,96,96,96,96,97,97,97,97,97,97,97,97,97,97,97,97,97,97,97,97,97,98,98,98,98,98,98,98,98,98,98,98,98,99,99,99,99,99,99,99,99,100,100,100,100,100,100,100,101,101,101,101,101,101,102,102,102,102,103,103
Fitness 1,035336, Gen ;0,4287;0,5049;0,411;0,8452;0,0001;0,7243;0,3046;0,0464;0,3838;0,0972;0,5413;0,2563;0,2417;0,3618;0,6236;0,8307;0,985;0,6109;0,5486;0,8498;0,6274
,98,98,98,98,98,98,98,98,98,99,99,99,99,99,99,99,99,99,99,99,99,99,99,99,99,99,100,100,100,100,100,100,100,100,100,100,100,100,100,100,101,101,101,101,101,101,101,101,101,101,102,102,102,102,102,102,102,102,103,103,103,103,103,103,103,103,103,103,104
Fitness 20,68787, Gen ;0,4287;0,5049;0,411;0,8452;0,0001;0,7243;0,3046;0,0464;0,3838;0,0972;0,5413;0,2563;0,2417;0,3618;0,6236;0,8307;0,985;0,6109;0,5486;0,8498;0,6274
,85,85,85,85,85,85,85,85,85,85,85,85,85,86,86,86,86,86,86,86,86,86,86,86,86,86,86,86,86,86,86,86,86,86,87,87,87,87,87,87,87,87,87,87,87,87,87,88,88,88,88,88,88,88,88,88,88,88,89,89,89,89,89,90,90,90,90,90,90,90,90,91,91,91,91
Fitness 17,43392, Gen ;0,4287;0,5049;0,411;0,8452;0,0001;0,7243;0,3046;0,0464;0,3838;0,0972;0,5413;0,2563;0,2417;0,3618;0,6236;0,8307;0,985;0,6109;0,5486;0,8498;0,6274
,101,101,101,101,101,102,102,102,102,102,102,102,102,103,103,103,103,103,103,103,103,103,103,103,103,104,104,104,104,104,104,104,104,104,104,105,105,105,105,105,105,105,105,105,105,105,105,106,106,106,106,106,106,106,106,106,107,108,108
Fitness 8,38516E-05, Gen ;0,4287;0,5049;0,411;0,8452;0,0001;0,7243;0,3046;0,0464;0,3838;0,0972;0,5413;0,2563;0,2417;0,3618;0,6236;0,8307;0,985;0,6109;0,5486;0,8498;0,6274
,101,101,103,103,103,104,104,128,128,128,128,129,129,129,129,129,129,130,130,130,130,130,130,131,132
Fitness 25,87575, Gen ;0,4287;0,5049;0,411;0,8452;0,0001;0,7243;0,3046;0,0464;0,3838;0,0972;0,5413;0,2563;0,2417;0,3618;0,6236;0,8307;0,985;0,6109;0,5486;0,8498;0,6274
,75,76,76,76,76,76,76,76,76,76,76,77,77,77,77,77,77,77,77,77,77,77,77,77,77,77,77,77,78,78,78,78,78,78,78,78,78,78,78,78,79,79,79,79,79,79,79,79,79,79,79,80,80,80,80,80,80,80,80,80,80,80,80,80,81,81,81,81,81,82,82,82,83,83,84
Fitness 0,0001726211, Gen ;0,4287;0,5049;0,411;0,8452;0,0001;0,7243;0,3046;0,0464;0,3838;0,0972;0,5413;0,2563;0,2417;0,3618;0,6236;0,8307;0,985;0,6109;0,5486;0,8498;0,6274

Fitness 0,0002653357, Gen ;0,4287;0,5049;0,411;0,8452;0,0001;0,7243;0,3046;0,0464;0,3838;0,0972;0,5413;0,2563;0,2417;0,3618;0,6236;0,8307;0,985;0,6109;0,5486;0,8498;0,6274
,92,93,93,94,94,94,94,95,95,95,95,96,96,96,96,96,96,96,96,96,97,97,97,97,98,98,99,99,99
Fitness 33,41769, Gen ;0,4287;0,5049;0,411;0,8452;0,0001;0,7243;0,3046;0,0464;0,3838;0,0972;0,5413;0,2563;0,2417;0,3618;0,6236;0,8307;0,985;0,6109;0,5486;0,8498;0,6274
,97,97,97,97,98,98,98,98,98,98,98,98,98,98,98,98,98,98,98,98,99,99,99,99,99,99,99,99,99,99,99,99,99,99,99,99,99,99,100,100,100,100,100,100,100,100,100,100,101,101,101,101,101,101,101,102,102,102,102,102,102,103,103,103,103,103,103,104,104,104,104,105,105,105,105
Fitness 0,0001228143, Gen ;0,4287;0,5049;0,411;0,8452;0,0001;0,7243;0,3046;0,0464;0,3838;0,0972;0,5413;0,2563;0,2417;0,3618;0,6236;0,8307;0,985;0,6109;0,5486;0,8498;0,6274

Fitness 0,0001847637, Gen ;0,4287;0,5049;0,411;0,8452;0,0001;0,7243;0,3046;0,0464;0,3838;0,0972;0,5413;0,2563;0,2417;0,3618;0,6236;0,8307;0,985;0,6109;0,5486;0,8498;0,6274
,74,74,74,74,75,75,75,79,79,79,79,79,80,80,80,80,80,80,80,80,80,80,80,80,80,80,80,80,81,81,81,81,81,81,81,81,81,81,81,81,81,81,81,82,82,82,82,82,82,82,82,82,83,83,83,83,83,83,83,83,84,84,84,84,84,84,84,84,84,85,85,85,85,86,86
Fitness 15,74773, Gen ;0,4287;0,5049;0,411;0,8452;0,0001;0,7243;0,3046;0,0464;0,3838;0,0972;0,5413;0,2563;0,2417;0,3618;0,6236;0,8307;0,985;0,6109;0,5486;0,8498;0,6274
,93,94,94,94,94,94,94,94,94,94,94,94,94,94,94,94,94,94,94,94,95,95,95,95,95,95,95,95,95,95,95,95,95,95,95,95,95,95,96,96,96,96,96,96,96,96,96,96,96,96,96,96,96,96,97,97,97,97,97,97,97,97,98,98,98,98,98,98,98,98,98,99,99,99,99
Fitness 0,0002435247, Gen ;0,4287;0,5049;0,411;0,8452;0,0001;0,7243;0,3046;0,0464;0,3838;0,0972;0,5413;0,2563;0,2417;0,3618;0,6236;0,8307;0,985;0,6109;0,5486;0,8498;0,6274
,90,91,91,91,91,91,91,91,91,91,91,91,91,91,91,91,91,91,91,92,92,92,92,92,92,92,92,92,92,92,92,92,92,92,92,92,92,93,93,93,93,93,93,93,93,93,93,93,93,93,94,94,94,94,94,94,94,94,95,95,95,95,95,95,95,95,95,95,95,96,96,96,96,97,97
Fitness 31,30402, Gen ;0,4287;0,5049;0,411;0,8452;0,0001;0,7243;0,3046;0,0464;0,3838;0,0972;0,5413;0,2563;0,2417;0,3618;0,6236;0,8307;0,985;0,6109;0,5486;0,8498;0,6274
,97,97,97,98,98,98,98,98,98,98,98,98,98,98,98,98,98,98,98,98,99,99,99,99,99,99,99,99,99,99,99,99,99,99,100,100,100,100,100,100,100,100,100,100,100,100,100,100,100,101,101,101,101,101,101,101,102,102,102,102,102,102,102,102,102,103,103,103,104,104,104,105,105,105
Fitness 19,47199, Gen ;0,4287;0,5049;0,411;0,8452;0,0001;0,7243;0,3046;0,0464;0,3838;0,0972;0,5413;0,2563;0,2417;0,3618;0,6236;0,8307;0,985;0,6109;0,5486;0,8498;0,6274
,87,88,88,88,88,88,88,88,88,88,88,88,88,89,89,89,89,89,89,89,89,89,89,89,89,89,89,89,89,89,89,89,90,90,90,90,90,90,90,90,90,90,90,90,90,90,91,91,91,91,91,91,91,91,92,92,92,92,92,92,92,93,93,93,93,93,93,93,94,94,94,94,95,95,95
Fitness 21,21636, Gen ;0,4287;0,5049;0,411;0,8452;0,0001;0,7243;0,3046;0,0464;0,3838;0,0972;0,5413;0,2563;0,2417;0,3618;0,6236;0,8307;0,985;0,6109;0,5486;0,8498;0,6274
,72,73,73,73,73,73,73,73,73,73,74,74,74,74,82,82,82,82,82,83,83,83,83,83,83,83,83,83,83,83,83,83,83,83,84,84,84,84,84,84,84,84,84,84,84,84,84,85,85,85,85,85,85,85,85,85,85,85,85,86,86,86,86,86,86,86,86,87,87,87,87,87,87,87,88
Fitness 5,925844E-05, Gen ;0,4287;0,5049;0,411;0,8452;0,0001;0,7243;0,3046;0,0464;0,3838;0,0972;0,5413;0,2563;0,2417;0,3618;0,6236;0,8307;0,985;0,6109;0,5486;0,8498;0,6274
,91,91,91,91,92,92,92,92,92,92,92,92,92,92,92,92,92,92,92,92,92,92,92,92,92,92,92,92,93,93,93,93,93,93,93,93,93,93,93,93,93,93,93,93,93,93,93,94,94,94,94,94,94,94,94,94,94,94,94,94,95,95,95,95,95,95,95,95,95,96,96,96,97,97,97
Fitness 22,79411, Gen ;0,4287;0,5049;0,411;0,8452;0,0001;0,7243;0,3046;0,0464;0,3838;0,0972;0,5413;0,2563;0,2417;0,3618;0,6236;0,8307;0,985;0,6109;0,5486;0,8498;0,6274
,96,96,96,96,96,96,96,96,96,96,96,96,96,96,96,96,96,97,97,97,97,97,97,97,97,97,97,97,97,97,97,97,97,98,98,98,98,98,98,98,98,98,98,98,98,98,99,99,99,99,99,99,99,99,99,100,100,100,100,100,100,100,101,101,101,101,101,101,101,102,102,103
Fitness 29,4276, Gen ;0,4287;0,5049;0,411;0,8452;0,0001;0,7243;0,3046;0,0464;0,3838;0,0972;0,5413;0,2563;0,2417;0,3618;0,6236;0,8307;0,985;0,6109;0,5486;0,8498;0,6274
,145,145,145,145,145,145,146,146,146,146,146,146,146,146,146,146,146,146,146,146,146,146,147,147,147,147,147,147,147,147,148,148,148,148,148,148,148,148,148,148,148,149,149,149,149,149,149,149,149,149,150,150,150,150,150,150,150,150,150,151,151,151,151,151,151,151,151,151,151,152,152,152,153,153
Fitness 21,18307, Gen ;0,4287;0,5049;0,411;0,8452;0,0001;0,7243;0,3046;0,0464;0,3838;0,0972;0,5413;0,2563;0,2417;0,3618;0,6236;0,8307;0,985;0,6109;0,5486;0,8498;0,6274
,154,159,159,160,160,167,167,167,168,168,168,168,168,168,168,168,168,168,168,168,168,169,169,169,169,169,169,169,169,169,169,169,170,170,170,170,170,170,170,170,170,170,171,171,171,171,171,171,172,172,172,172,172,172,173,173,173,173,173,173,173,174,174,175,176
Fitness 0,0001498138, Gen ;0,4287;0,5049;0,411;0,8452;0,0001;0,7243;0,3046;0,0464;0,3838;0,0972;0,5413;0,2563;0,2417;0,3618;0,6236;0,8307;0,985;0,6109;0,5486;0,8498;0,6274
,106,106,106,106,106,106,106,107,107,107,107,107,107,107,107,107,107,107,107,107,107,107,107,107,107,107,108,108,108,108,108,108,108,108,108,108,108,108,108,108,108,108,108,108,109,109,109,109,109,109,109,109,109,109,109,109,110,110,110,110,110,110,110,111,111,111,111,111,111,112,112,112,112,113,113
Fitness 7,167221E-05, Gen ;0,4287;0,5049;0,411;0,8452;0,0001;0,7243;0,3046;0,0464;0,3838;0,0972;0,5413;0,2563;0,2417;0,3618;0,6236;0,8307;0,985;0,6109;0,5486;0,8498;0,6274
,113,113,113,113,113,113,113,113,114,114,114,114,114,114,114,114,114,114,114,114,114,114,114,114,114,115,115,115,115,115,115,115,115,115,115,115,115,115,115,115,115,115,115,115,115,116,116,116,116,116,116,116,116,116,116,117,117,117,117,117,117,117,117,118,118,118,118,118,118,119,119,119,119,120
Fitness 0,0003757438, Gen ;0,4287;0,5049;0,411;0,8452;0,0001;0,7243;0,3046;0,0464;0,3838;0,0972;0,5413;0,2563;0,2417;0,3618;0,6236;0,8307;0,985;0,6109;0,5486;0,8498;0,6274
,162,162,163,163,163,164,164,165,165,165,165,166,167,168,168,169,169,170,171,172,172,173,173,173,173,173,173,173,174,174,174,174,174,174,174,174,174,175,175,176,176,176,176,176,176,176,177,177,177,177,177,177,177,177,177
Fitness 11,3331, Gen ;0,4287;0,5049;0,411;0,8452;0,0001;0,7243;0,3046;0,0464;0,3838;0,0972;0,5413;0,2563;0,2417;0,3618;0,6236;0,8307;0,985;0,6109;0,5486;0,8498;0,6274
,126,126,126,126,126,126,127,127,127,127,127,127,127,127,127,127,127,127,127,127,128,128,128,128,128,128,128,128,128,128,128,128,128,128,128,128,128,128,129,129,129,129,129,129,129,129,129,129,129,130,130,130,130,130,130,130,130,131,131,131,131,131,132,132,132,132,132,133,133,133,133,134,134,135,135
Fitness 4,09425E-05, Gen ;0,4287;0,5049;0,411;0,8452;0,0001;0,7243;0,3046;0,0464;0,3838;0,0972;0,5413;0,2563;0,2417;0,3618;0,6236;0,8307;0,985;0,6109;0,5486;0,8498;0,6274
,173
Fitness 0,0002379692, Gen ;0,4287;0,5049;0,411;0,8452;0,0001;0,7243;0,3046;0,0464;0,3838;0,0972;0,5413;0,2563;0,2417;0,3618;0,6236;0,8307;0,985;0,6109;0,5486;0,8498;0,6274
,133,133,133,133,133,133,133,133,134,134,134,134,134,134,134,134,134,134,134,134,134,134,134,134,134,134,134,134,135,135,135,135,135,135,135,135,135,135,135,135,135,135,135,135,136,136,136,136,136,136,136,136,136,136,137,137,137,137,137,137,137,138,138,138,138,138,138,139,139,140,140,140,141,141
Fitness 3,572329, Gen ;0,4287;0,5049;0,411;0,8452;0,0001;0,7243;0,3046;0,0464;0,3838;0,0972;0,5413;0,2563;0,2417;0,3618;0,6236;0,8307;0,985;0,6109;0,5486;0,8498;0,6274
,69,90,90,90,91,91,91,91,91,91,91,91,92,92,92,97,98,98,98,99,99,99,99,100,100,100,100,100,101,101,101,101,102,102,103,103,103,104,104,104,105,105,105,105,106,106,106,106,107,107,107,107,108,119,120,120,120,121,121,121,121,122,122
Fitness 0,000157739, Gen ;0,4287;0,5049;0,411;0,8452;0,0001;0,7243;0,3046;0,0464;0,3838;0,0972;0,5413;0,2563;0,2417;0,3618;0,6236;0,8307;0,985;0,6109;0,5486;0,8498;0,6274
,95,97,119,119,119,120,121,129,130,130,131,131,131,132,132,132,133,133,133,133,134,135,135,135,135,136,136,137
