	100Stroembom ovc
	3 AI1 ovcarjev
Fitness 196.987, Gen ;0.959;0.3008;0.3488;0.4309;0.0462;0.4607;0.1693;0.1019;0.4498;0.2291;0.3682;0.5758;0.1377;0.5439;0.435;0.8837;0.2987;0.9644;0.7286;0.1257;0.3888
,65,65,65,66,66,66,66,66,66,66,66,66,67,67,67,67,67,67,67,67,67,67,67,67,67,67,67,67,67,67,67,68,68,68,68,68,68,68,68,68,68,68,68,68,68,68,68,68,68,68,68,68,68,68,68,68,69,69,69,69,69,69,69,69,69,69,69,69,69,69,69,69,69,69,69,69,69,69,69,69,69,70,70,70,70,70,70,70,70,70,70,70,70,70,70,70,70,70,71,71
Fitness 202.4575, Gen ;0.959;0.3008;0.3488;0.4309;0.0462;0.4607;0.1693;0.1019;0.4498;0.2291;0.3682;0.5758;0.1377;0.5439;0.435;0.8837;0.2987;0.9644;0.7286;0.1257;0.3888
,66,66,66,67,67,67,67,67,67,67,68,68,68,68,68,68,68,68,68,68,68,68,68,68,68,68,68,68,69,69,69,69,69,69,69,69,69,69,69,69,69,69,69,69,69,69,69,69,69,69,69,69,69,70,70,70,70,70,70,70,70,70,70,70,70,70,70,70,70,70,70,70,70,70,70,70,70,71,71,71,71,71,71,71,71,71,71,71,71,71,71,71,71,71,71,71,71,72,72,72
Fitness 209.9461, Gen ;0.959;0.3008;0.3488;0.4309;0.0462;0.4607;0.1693;0.1019;0.4498;0.2291;0.3682;0.5758;0.1377;0.5439;0.435;0.8837;0.2987;0.9644;0.7286;0.1257;0.3888
,65,66,66,66,66,66,66,66,67,67,67,67,67,67,67,67,67,67,67,67,67,67,67,67,67,67,68,68,68,68,68,68,68,68,68,68,68,68,68,68,68,68,68,68,68,68,68,68,68,68,68,69,69,69,69,69,69,69,69,69,69,69,69,69,69,69,69,69,69,69,69,69,69,69,69,69,70,70,70,70,70,70,70,70,70,70,70,70,70,70,70,70,70,70,71,71,71,71,71,71
Fitness 210.978, Gen ;0.959;0.3008;0.3488;0.4309;0.0462;0.4607;0.1693;0.1019;0.4498;0.2291;0.3682;0.5758;0.1377;0.5439;0.435;0.8837;0.2987;0.9644;0.7286;0.1257;0.3888
,70,70,71,71,71,71,71,71,71,71,71,71,71,71,71,71,71,71,72,72,72,72,72,72,72,72,72,72,72,72,72,72,72,72,72,73,73,73,73,73,73,73,73,73,73,73,73,73,73,73,73,73,73,73,73,73,73,73,73,73,73,73,73,74,74,74,74,74,74,74,74,74,74,74,74,74,74,74,74,74,74,74,74,74,75,75,75,75,75,75,75,75,75,75,75,75,75,75,75,76
Fitness 261.1787, Gen ;0.959;0.3008;0.3488;0.4309;0.0462;0.4607;0.1693;0.1019;0.4498;0.2291;0.3682;0.5758;0.1377;0.5439;0.435;0.8837;0.2987;0.9644;0.7286;0.1257;0.3888
,67,67,67,67,68,68,68,68,68,68,68,68,68,69,69,69,69,69,69,69,69,69,69,69,69,69,69,69,69,69,69,70,70,70,70,70,70,70,70,70,70,70,70,70,70,70,70,70,70,70,70,70,70,70,70,70,71,71,71,71,71,71,71,71,71,71,71,71,71,71,71,71,71,71,71,71,71,71,71,71,72,72,72,72,72,72,72,72,72,72,72,72,72,72,72,72,72,72,73,73
Fitness 212.306, Gen ;0.959;0.3008;0.3488;0.4309;0.0462;0.4607;0.1693;0.1019;0.4498;0.2291;0.3682;0.5758;0.1377;0.5439;0.435;0.8837;0.2987;0.9644;0.7286;0.1257;0.3888
,68,68,69,69,69,69,69,69,70,70,70,70,70,70,70,70,70,70,70,70,70,70,70,70,70,70,71,71,71,71,71,71,71,71,71,71,71,71,71,71,71,71,71,71,71,71,72,72,72,72,72,72,72,72,72,72,72,72,72,72,72,72,72,72,72,72,72,72,72,72,72,73,73,73,73,73,73,73,73,73,73,73,73,73,73,73,73,73,73,73,73,73,73,74,74,74,74,74,74,74
Fitness 204.1945, Gen ;0.959;0.3008;0.3488;0.4309;0.0462;0.4607;0.1693;0.1019;0.4498;0.2291;0.3682;0.5758;0.1377;0.5439;0.435;0.8837;0.2987;0.9644;0.7286;0.1257;0.3888
,62,63,63,63,63,63,64,64,64,64,64,64,64,64,64,64,64,64,65,65,65,65,65,65,65,65,65,65,65,65,65,65,65,65,65,65,65,66,66,66,66,66,66,66,66,66,66,66,66,66,66,66,66,66,66,66,66,66,66,66,66,67,67,67,67,67,67,67,67,67,67,67,67,67,67,67,67,67,67,67,67,67,67,67,67,68,68,68,68,68,68,68,68,68,68,68,68,68,68,68
Fitness 211.1459, Gen ;0.959;0.3008;0.3488;0.4309;0.0462;0.4607;0.1693;0.1019;0.4498;0.2291;0.3682;0.5758;0.1377;0.5439;0.435;0.8837;0.2987;0.9644;0.7286;0.1257;0.3888
,64,65,65,65,65,65,65,66,66,66,66,66,66,66,66,66,66,66,66,66,67,67,67,67,67,67,67,67,67,67,67,67,67,67,67,67,67,67,67,67,68,68,68,68,68,68,68,68,68,68,68,68,68,68,68,68,68,68,68,68,68,68,68,68,68,69,69,69,69,69,69,69,69,69,69,69,69,69,69,69,69,69,69,69,69,69,70,70,70,70,70,70,70,70,70,70,70,70,70,70
Fitness 176.9915, Gen ;0.959;0.3008;0.3488;0.4309;0.0462;0.4607;0.1693;0.1019;0.4498;0.2291;0.3682;0.5758;0.1377;0.5439;0.435;0.8837;0.2987;0.9644;0.7286;0.1257;0.3888
,65,65,66,66,66,66,66,66,66,66,67,67,67,67,67,67,67,67,67,67,67,67,67,67,67,67,67,68,68,68,68,68,68,68,68,68,68,68,68,68,68,68,68,68,68,68,68,68,68,68,68,69,69,69,69,69,69,69,69,69,69,69,69,69,69,69,69,69,69,69,69,69,69,69,69,70,70,70,70,70,70,70,70,70,70,70,70,70,70,70,70,70,70,70,71,71,71,71,71,71
Fitness 191.7947, Gen ;0.959;0.3008;0.3488;0.4309;0.0462;0.4607;0.1693;0.1019;0.4498;0.2291;0.3682;0.5758;0.1377;0.5439;0.435;0.8837;0.2987;0.9644;0.7286;0.1257;0.3888
,62,62,62,63,63,63,63,63,63,63,63,64,64,64,64,64,64,64,64,64,64,64,64,64,64,64,64,65,65,65,65,65,65,65,65,65,65,65,65,65,65,65,65,65,65,65,65,65,65,65,65,66,66,66,66,66,66,66,66,66,66,66,66,66,66,66,66,66,66,66,66,66,66,66,66,66,67,67,67,67,67,67,67,67,67,67,67,67,67,67,67,67,67,67,67,68,68,68,68,68
Fitness 188.7603, Gen ;0.959;0.3008;0.3488;0.4309;0.0462;0.4607;0.1693;0.1019;0.4498;0.2291;0.3682;0.5758;0.1377;0.5439;0.435;0.8837;0.2987;0.9644;0.7286;0.1257;0.3888
,62,62,63,63,63,63,63,63,63,63,64,64,64,64,64,64,64,64,64,64,64,64,64,64,64,64,65,65,65,65,65,65,65,65,65,65,65,65,65,65,65,65,65,65,65,65,65,65,65,65,65,65,65,66,66,66,66,66,66,66,66,66,66,66,66,66,66,66,66,66,66,66,66,66,66,66,66,66,67,67,67,67,67,67,67,67,67,67,67,67,67,67,67,67,67,68,68,68,68,68
Fitness 229.2767, Gen ;0.959;0.3008;0.3488;0.4309;0.0462;0.4607;0.1693;0.1019;0.4498;0.2291;0.3682;0.5758;0.1377;0.5439;0.435;0.8837;0.2987;0.9644;0.7286;0.1257;0.3888
,68,68,68,68,68,68,69,69,69,69,69,69,69,69,69,69,70,70,70,70,70,70,70,70,70,70,70,70,70,70,70,70,70,70,70,70,70,71,71,71,71,71,71,71,71,71,71,71,71,71,71,71,71,71,71,71,71,71,71,71,71,71,71,72,72,72,72,72,72,72,72,72,72,72,72,72,72,72,72,72,72,72,72,72,73,73,73,73,73,73,73,73,73,73,73,73,73,73,73,74
Fitness 215.4515, Gen ;0.959;0.3008;0.3488;0.4309;0.0462;0.4607;0.1693;0.1019;0.4498;0.2291;0.3682;0.5758;0.1377;0.5439;0.435;0.8837;0.2987;0.9644;0.7286;0.1257;0.3888
,66,66,66,66,67,67,67,67,67,67,67,67,67,67,68,68,68,68,68,68,68,68,68,68,68,68,68,68,68,68,68,68,68,69,69,69,69,69,69,69,69,69,69,69,69,69,69,69,69,69,69,69,69,69,69,69,70,70,70,70,70,70,70,70,70,70,70,70,70,70,70,70,70,70,70,70,70,70,70,70,70,71,71,71,71,71,71,71,71,71,71,71,71,71,71,71,71,72,72,72
Fitness 205.1712, Gen ;0.959;0.3008;0.3488;0.4309;0.0462;0.4607;0.1693;0.1019;0.4498;0.2291;0.3682;0.5758;0.1377;0.5439;0.435;0.8837;0.2987;0.9644;0.7286;0.1257;0.3888
,68,69,69,69,69,69,69,69,69,69,70,70,70,70,70,70,70,70,70,70,70,70,70,70,70,71,71,71,71,71,71,71,71,71,71,71,71,71,71,71,71,71,71,71,71,71,71,72,72,72,72,72,72,72,72,72,72,72,72,72,72,72,72,72,72,72,72,72,72,72,72,72,73,73,73,73,73,73,73,73,73,73,73,73,73,73,73,73,73,73,73,73,74,74,74,74,74,74,74,74
Fitness 232.3544, Gen ;0.959;0.3008;0.3488;0.4309;0.0462;0.4607;0.1693;0.1019;0.4498;0.2291;0.3682;0.5758;0.1377;0.5439;0.435;0.8837;0.2987;0.9644;0.7286;0.1257;0.3888
,67,67,67,67,67,68,68,68,68,68,68,68,68,68,69,69,69,69,69,69,69,69,69,69,69,69,69,69,69,69,69,69,69,69,69,70,70,70,70,70,70,70,70,70,70,70,70,70,70,70,70,70,70,70,70,70,70,70,71,71,71,71,71,71,71,71,71,71,71,71,71,71,71,71,71,71,71,71,71,71,71,72,72,72,72,72,72,72,72,72,72,72,72,72,72,72,73,73,73,73
Fitness 230.4445, Gen ;0.959;0.3008;0.3488;0.4309;0.0462;0.4607;0.1693;0.1019;0.4498;0.2291;0.3682;0.5758;0.1377;0.5439;0.435;0.8837;0.2987;0.9644;0.7286;0.1257;0.3888
,72,72,73,73,73,73,73,73,73,74,74,74,74,74,74,74,74,74,74,74,74,74,74,74,75,75,75,75,75,75,75,75,75,75,75,75,75,75,75,75,75,75,75,75,75,75,76,76,76,76,76,76,76,76,76,76,76,76,76,76,76,76,76,76,76,76,76,76,76,76,77,77,77,77,77,77,77,77,77,77,77,77,77,77,77,77,77,77,77,77,77,77,77,78,78,78,78,78,78,78
Fitness 187.8575, Gen ;0.959;0.3008;0.3488;0.4309;0.0462;0.4607;0.1693;0.1019;0.4498;0.2291;0.3682;0.5758;0.1377;0.5439;0.435;0.8837;0.2987;0.9644;0.7286;0.1257;0.3888
,66,66,66,67,67,67,67,67,67,67,67,67,67,67,67,68,68,68,68,68,68,68,68,68,68,68,68,68,68,68,68,68,68,68,68,69,69,69,69,69,69,69,69,69,69,69,69,69,69,69,69,69,69,69,69,69,69,69,69,69,70,70,70,70,70,70,70,70,70,70,70,70,70,70,70,70,70,70,70,70,70,70,70,71,71,71,71,71,71,71,71,71,71,71,71,71,71,71,71,71
Fitness 202.2758, Gen ;0.959;0.3008;0.3488;0.4309;0.0462;0.4607;0.1693;0.1019;0.4498;0.2291;0.3682;0.5758;0.1377;0.5439;0.435;0.8837;0.2987;0.9644;0.7286;0.1257;0.3888
,64,65,65,65,65,65,65,66,66,66,66,66,66,66,66,66,66,66,67,67,67,67,67,67,67,67,67,67,67,67,67,67,67,67,67,67,67,67,67,67,67,67,68,68,68,68,68,68,68,68,68,68,68,68,68,68,68,68,68,68,68,68,68,68,68,69,69,69,69,69,69,69,69,69,69,69,69,69,69,69,69,69,69,69,69,69,69,69,70,70,70,70,70,70,70,70,70,70,70,70
Fitness 182.9697, Gen ;0.959;0.3008;0.3488;0.4309;0.0462;0.4607;0.1693;0.1019;0.4498;0.2291;0.3682;0.5758;0.1377;0.5439;0.435;0.8837;0.2987;0.9644;0.7286;0.1257;0.3888
,69,70,70,70,70,70,70,71,71,71,71,71,71,71,71,71,71,71,71,71,71,72,72,72,72,72,72,72,72,72,72,72,72,72,72,72,72,72,72,72,72,72,72,73,73,73,73,73,73,73,73,73,73,73,73,73,73,73,73,73,73,73,73,73,73,73,73,73,74,74,74,74,74,74,74,74,74,74,74,74,74,74,74,74,74,74,74,74,74,74,75,75,75,75,75,75,75,75,75,75
Fitness 195.6599, Gen ;0.959;0.3008;0.3488;0.4309;0.0462;0.4607;0.1693;0.1019;0.4498;0.2291;0.3682;0.5758;0.1377;0.5439;0.435;0.8837;0.2987;0.9644;0.7286;0.1257;0.3888
,73,74,74,74,74,74,74,74,75,75,75,75,75,75,75,75,75,75,75,75,75,75,75,75,76,76,76,76,76,76,76,76,76,76,76,76,76,76,76,76,76,76,76,76,77,77,77,77,77,77,77,77,77,77,77,77,77,77,77,77,77,77,77,77,77,77,77,77,77,77,77,78,78,78,78,78,78,78,78,78,78,78,78,78,78,78,78,78,78,78,78,78,79,79,79,79,79,79,79,79
Fitness 161.5046, Gen ;0.959;0.3008;0.3488;0.4309;0.0462;0.4607;0.1693;0.1019;0.4498;0.2291;0.3682;0.5758;0.1377;0.5439;0.435;0.8837;0.2987;0.9644;0.7286;0.1257;0.3888
,66,66,66,66,67,67,67,67,67,67,67,67,67,67,68,68,68,68,68,68,68,68,68,68,68,68,68,68,68,68,68,68,68,68,68,69,69,69,69,69,69,69,69,69,69,69,69,69,69,69,69,69,69,69,69,69,69,70,70,70,70,70,70,70,70,70,70,70,70,70,70,70,70,70,70,70,70,70,70,71,71,71,71,71,71,71,71,71,71,71,71,71,71,71,71,71,71,71,72,72
Fitness 203.5026, Gen ;0.959;0.3008;0.3488;0.4309;0.0462;0.4607;0.1693;0.1019;0.4498;0.2291;0.3682;0.5758;0.1377;0.5439;0.435;0.8837;0.2987;0.9644;0.7286;0.1257;0.3888
,65,65,66,66,66,66,66,66,66,66,66,67,67,67,67,67,67,67,67,67,67,67,67,67,67,67,68,68,68,68,68,68,68,68,68,68,68,68,68,68,68,68,68,68,68,68,68,68,68,68,68,68,69,69,69,69,69,69,69,69,69,69,69,69,69,69,69,69,69,69,69,69,69,69,69,70,70,70,70,70,70,70,70,70,70,70,70,70,70,70,70,70,70,71,71,71,71,71,71,71
Fitness 216.8692, Gen ;0.959;0.3008;0.3488;0.4309;0.0462;0.4607;0.1693;0.1019;0.4498;0.2291;0.3682;0.5758;0.1377;0.5439;0.435;0.8837;0.2987;0.9644;0.7286;0.1257;0.3888
,61,61,61,61,62,62,62,62,62,62,62,62,62,62,62,63,63,63,63,63,63,63,63,63,63,63,63,63,63,63,63,63,63,63,64,64,64,64,64,64,64,64,64,64,64,64,64,64,64,64,64,64,64,64,64,64,64,64,64,64,65,65,65,65,65,65,65,65,65,65,65,65,65,65,65,65,65,65,65,65,65,66,66,66,66,66,66,66,66,66,66,66,66,66,66,66,66,66,67,67
Fitness 177.162, Gen ;0.959;0.3008;0.3488;0.4309;0.0462;0.4607;0.1693;0.1019;0.4498;0.2291;0.3682;0.5758;0.1377;0.5439;0.435;0.8837;0.2987;0.9644;0.7286;0.1257;0.3888
,66,66,66,66,67,67,67,67,67,67,67,67,67,67,67,67,67,68,68,68,68,68,68,68,68,68,68,68,68,68,68,68,68,68,68,68,68,69,69,69,69,69,69,69,69,69,69,69,69,69,69,69,69,69,69,69,69,69,69,69,69,69,69,70,70,70,70,70,70,70,70,70,70,70,70,70,70,70,70,70,70,70,70,71,71,71,71,71,71,71,71,71,71,71,71,71,71,71,71,71
Fitness 153.3068, Gen ;0.959;0.3008;0.3488;0.4309;0.0462;0.4607;0.1693;0.1019;0.4498;0.2291;0.3682;0.5758;0.1377;0.5439;0.435;0.8837;0.2987;0.9644;0.7286;0.1257;0.3888
,65,65,66,66,66,66,66,66,66,67,67,67,67,67,67,67,67,67,67,67,67,67,67,67,67,67,68,68,68,68,68,68,68,68,68,68,68,68,68,68,68,68,68,68,68,68,68,68,68,69,69,69,69,69,69,69,69,69,69,69,69,69,69,69,69,69,69,69,69,69,69,69,69,69,69,69,69,70,70,70,70,70,70,70,70,70,70,70,70,70,70,70,70,70,70,71,71,71,71,71
Fitness 205.9395, Gen ;0.959;0.3008;0.3488;0.4309;0.0462;0.4607;0.1693;0.1019;0.4498;0.2291;0.3682;0.5758;0.1377;0.5439;0.435;0.8837;0.2987;0.9644;0.7286;0.1257;0.3888
,66,66,66,66,66,66,67,67,67,67,67,67,67,67,67,67,67,68,68,68,68,68,68,68,68,68,68,68,68,68,68,68,68,68,68,68,69,69,69,69,69,69,69,69,69,69,69,69,69,69,69,69,69,69,69,69,69,69,69,69,69,69,69,70,70,70,70,70,70,70,70,70,70,70,70,70,70,70,70,70,70,70,71,71,71,71,71,71,71,71,71,71,71,71,71,71,71,71,72,72
Fitness 209.3274, Gen ;0.959;0.3008;0.3488;0.4309;0.0462;0.4607;0.1693;0.1019;0.4498;0.2291;0.3682;0.5758;0.1377;0.5439;0.435;0.8837;0.2987;0.9644;0.7286;0.1257;0.3888
,67,67,67,67,68,68,68,68,68,68,68,68,68,68,68,68,69,69,69,69,69,69,69,69,69,69,69,69,69,69,69,69,69,69,69,69,70,70,70,70,70,70,70,70,70,70,70,70,70,70,70,70,70,70,70,70,70,70,70,70,70,70,71,71,71,71,71,71,71,71,71,71,71,71,71,71,71,71,71,71,71,71,71,72,72,72,72,72,72,72,72,72,72,72,72,72,72,72,73,73
Fitness 242.0513, Gen ;0.959;0.3008;0.3488;0.4309;0.0462;0.4607;0.1693;0.1019;0.4498;0.2291;0.3682;0.5758;0.1377;0.5439;0.435;0.8837;0.2987;0.9644;0.7286;0.1257;0.3888
,66,66,66,67,67,67,67,67,67,67,67,68,68,68,68,68,68,68,68,68,68,68,68,68,68,68,68,68,69,69,69,69,69,69,69,69,69,69,69,69,69,69,69,69,69,69,69,69,69,69,69,69,70,70,70,70,70,70,70,70,70,70,70,70,70,70,70,70,70,70,70,70,70,70,70,70,71,71,71,71,71,71,71,71,71,71,71,71,71,71,71,71,72,72,72,72,72,72,72,72
Fitness 203.674, Gen ;0.959;0.3008;0.3488;0.4309;0.0462;0.4607;0.1693;0.1019;0.4498;0.2291;0.3682;0.5758;0.1377;0.5439;0.435;0.8837;0.2987;0.9644;0.7286;0.1257;0.3888
,63,63,63,63,63,64,64,64,64,64,64,64,64,64,64,65,65,65,65,65,65,65,65,65,65,65,65,65,65,65,65,65,65,66,66,66,66,66,66,66,66,66,66,66,66,66,66,66,66,66,66,66,66,66,66,66,67,67,67,67,67,67,67,67,67,67,67,67,67,67,67,67,67,67,67,67,67,67,67,67,67,67,68,68,68,68,68,68,68,68,68,68,68,68,68,68,68,68,68,69
Fitness 207.0611, Gen ;0.959;0.3008;0.3488;0.4309;0.0462;0.4607;0.1693;0.1019;0.4498;0.2291;0.3682;0.5758;0.1377;0.5439;0.435;0.8837;0.2987;0.9644;0.7286;0.1257;0.3888
,65,66,66,66,66,66,67,67,67,67,67,67,67,67,67,67,67,67,68,68,68,68,68,68,68,68,68,68,68,68,68,68,68,68,68,68,68,68,69,69,69,69,69,69,69,69,69,69,69,69,69,69,69,69,69,69,69,69,69,69,69,69,69,69,70,70,70,70,70,70,70,70,70,70,70,70,70,70,70,70,70,70,70,70,70,70,71,71,71,71,71,71,71,71,71,71,71,71,71,71
Fitness 203.6315, Gen ;0.959;0.3008;0.3488;0.4309;0.0462;0.4607;0.1693;0.1019;0.4498;0.2291;0.3682;0.5758;0.1377;0.5439;0.435;0.8837;0.2987;0.9644;0.7286;0.1257;0.3888
,69,70,70,70,70,71,71,71,71,71,71,71,71,71,71,71,72,72,72,72,72,72,72,72,72,72,72,72,72,72,72,72,72,73,73,73,73,73,73,73,73,73,73,73,73,73,73,73,73,73,73,73,73,73,73,73,73,73,73,73,74,74,74,74,74,74,74,74,74,74,74,74,74,74,74,74,74,74,74,74,74,74,75,75,75,75,75,75,75,75,75,75,75,75,75,75,75,75,75,75
Fitness 193.3376, Gen ;0.959;0.3008;0.3488;0.4309;0.0462;0.4607;0.1693;0.1019;0.4498;0.2291;0.3682;0.5758;0.1377;0.5439;0.435;0.8837;0.2987;0.9644;0.7286;0.1257;0.3888
,69,69,70,70,70,70,70,70,70,70,70,70,71,71,71,71,71,71,71,71,71,71,71,71,71,71,71,71,71,71,72,72,72,72,72,72,72,72,72,72,72,72,72,72,72,72,72,72,72,72,72,72,72,72,73,73,73,73,73,73,73,73,73,73,73,73,73,73,73,73,73,73,73,73,73,73,73,73,73,74,74,74,74,74,74,74,74,74,74,74,74,74,74,74,74,75,75,75,75,75
Fitness 200.1242, Gen ;0.959;0.3008;0.3488;0.4309;0.0462;0.4607;0.1693;0.1019;0.4498;0.2291;0.3682;0.5758;0.1377;0.5439;0.435;0.8837;0.2987;0.9644;0.7286;0.1257;0.3888
,66,66,66,66,66,67,67,67,67,67,67,67,67,67,67,67,67,67,68,68,68,68,68,68,68,68,68,68,68,68,68,68,68,68,68,68,68,69,69,69,69,69,69,69,69,69,69,69,69,69,69,69,69,69,69,69,69,69,69,69,69,69,70,70,70,70,70,70,70,70,70,70,70,70,70,70,70,70,70,70,70,70,70,70,71,71,71,71,71,71,71,71,71,71,71,71,71,71,71,71
Fitness 229.5333, Gen ;0.959;0.3008;0.3488;0.4309;0.0462;0.4607;0.1693;0.1019;0.4498;0.2291;0.3682;0.5758;0.1377;0.5439;0.435;0.8837;0.2987;0.9644;0.7286;0.1257;0.3888
,62,62,62,62,62,62,63,63,63,63,63,63,63,63,63,63,63,63,63,64,64,64,64,64,64,64,64,64,64,64,64,64,64,64,64,64,64,64,64,65,65,65,65,65,65,65,65,65,65,65,65,65,65,65,65,65,65,65,65,65,65,65,65,65,65,66,66,66,66,66,66,66,66,66,66,66,66,66,66,66,66,66,66,66,66,66,66,66,67,67,67,67,67,67,67,67,67,67,67,67
Fitness 204.4997, Gen ;0.959;0.3008;0.3488;0.4309;0.0462;0.4607;0.1693;0.1019;0.4498;0.2291;0.3682;0.5758;0.1377;0.5439;0.435;0.8837;0.2987;0.9644;0.7286;0.1257;0.3888
,68,68,68,68,68,68,69,69,69,69,69,69,69,69,70,70,70,70,70,70,70,70,70,70,70,70,70,70,70,70,70,70,70,70,70,71,71,71,71,71,71,71,71,71,71,71,71,71,71,71,71,71,71,71,71,71,71,71,71,72,72,72,72,72,72,72,72,72,72,72,72,72,72,72,72,72,72,72,72,72,72,72,73,73,73,73,73,73,73,73,73,73,73,73,73,73,73,73,73,73
Fitness 178.4162, Gen ;0.959;0.3008;0.3488;0.4309;0.0462;0.4607;0.1693;0.1019;0.4498;0.2291;0.3682;0.5758;0.1377;0.5439;0.435;0.8837;0.2987;0.9644;0.7286;0.1257;0.3888
,71,71,71,72,72,72,72,72,72,72,72,72,72,72,73,73,73,73,73,73,73,73,73,73,73,73,73,73,73,74,74,74,74,74,74,74,74,74,74,74,74,74,74,74,74,74,74,74,74,74,74,74,74,74,75,75,75,75,75,75,75,75,75,75,75,75,75,75,75,75,75,75,75,75,75,75,75,75,75,75,76,76,76,76,76,76,76,76,76,76,76,76,76,76,76,76,76,76,77,77
Fitness 177.2426, Gen ;0.959;0.3008;0.3488;0.4309;0.0462;0.4607;0.1693;0.1019;0.4498;0.2291;0.3682;0.5758;0.1377;0.5439;0.435;0.8837;0.2987;0.9644;0.7286;0.1257;0.3888
,64,64,65,65,65,65,65,65,65,66,66,66,66,66,66,66,66,66,66,66,66,66,66,66,66,66,66,66,66,67,67,67,67,67,67,67,67,67,67,67,67,67,67,67,67,67,67,67,67,67,67,67,67,67,68,68,68,68,68,68,68,68,68,68,68,68,68,68,68,68,68,68,68,68,68,68,68,68,68,68,68,68,69,69,69,69,69,69,69,69,69,69,69,69,69,69,69,69,70,70
Fitness 201.4643, Gen ;0.959;0.3008;0.3488;0.4309;0.0462;0.4607;0.1693;0.1019;0.4498;0.2291;0.3682;0.5758;0.1377;0.5439;0.435;0.8837;0.2987;0.9644;0.7286;0.1257;0.3888
,69,70,70,70,70,70,70,70,70,70,71,71,71,71,71,71,71,71,71,71,71,71,71,71,71,71,72,72,72,72,72,72,72,72,72,72,72,72,72,72,72,72,72,72,72,72,72,72,72,72,73,73,73,73,73,73,73,73,73,73,73,73,73,73,73,73,73,73,73,73,73,73,73,73,73,73,74,74,74,74,74,74,74,74,74,74,74,74,74,74,74,74,74,75,75,75,75,75,75,75
Fitness 239.4657, Gen ;0.959;0.3008;0.3488;0.4309;0.0462;0.4607;0.1693;0.1019;0.4498;0.2291;0.3682;0.5758;0.1377;0.5439;0.435;0.8837;0.2987;0.9644;0.7286;0.1257;0.3888
,67,67,67,68,68,68,68,68,68,68,68,68,68,68,68,68,69,69,69,69,69,69,69,69,69,69,69,69,69,69,69,69,69,69,69,69,70,70,70,70,70,70,70,70,70,70,70,70,70,70,70,70,70,70,70,70,70,70,70,70,71,71,71,71,71,71,71,71,71,71,71,71,71,71,71,71,71,71,71,71,71,72,72,72,72,72,72,72,72,72,72,72,72,72,72,72,72,72,72,73
Fitness 187.3702, Gen ;0.959;0.3008;0.3488;0.4309;0.0462;0.4607;0.1693;0.1019;0.4498;0.2291;0.3682;0.5758;0.1377;0.5439;0.435;0.8837;0.2987;0.9644;0.7286;0.1257;0.3888
,65,66,66,66,66,66,66,66,66,67,67,67,67,67,67,67,67,67,67,67,67,67,67,67,67,68,68,68,68,68,68,68,68,68,68,68,68,68,68,68,68,68,68,68,68,68,68,68,69,69,69,69,69,69,69,69,69,69,69,69,69,69,69,69,69,69,69,69,69,69,69,69,69,69,69,69,69,69,69,69,69,69,69,69,69,69,69,69,69,69,69,70,70,70,70,70,70,70,70,70
