	1Stroembom ovc
	1 AI1 ovcarjev
Generacija 1, Fitness 66,44297, Gen ;0,9267;0,9209;0,1228;0,4545;0,8026;0,3062;0,2536;0,484;0,5616;0,1925;0,9169;0,153;0,0351;0,2633;0,2656;0,5993;0,068;0,0072;0,6618;0,3878;0,4734
,57
Generacija 1, Fitness 71,5401, Gen ;0,1775;0,853;0,6218;0,4499;0,0438;0,7399;0,2433;0,0265;0,7316;0,9091;0,3965;0,7075;0,1471;0,8542;0,1106;0,9257;0,8658;0,7017;0,3939;0,6793;0,8378
,54
Generacija 1, Fitness 59,0463, Gen ;0,1775;0,853;0,6218;0,4499;0,0438;0,7399;0,2433;0,0265;0,7316;0,9091;0,3965;0,7075;0,1471;0,8542;0,1106;0,9257;0,8658;0,7017;0,3939;0,6793;0,8378
,62
Generacija 1, Fitness 74,77063, Gen ;0,1775;0,853;0,6218;0,4499;0,0438;0,7399;0,2433;0,0265;0,7316;0,9091;0,3965;0,7075;0,1471;0,8542;0,1106;0,9257;0,8658;0,7017;0,3939;0,6793;0,8378
,52
Generacija 1, Fitness 76,60576, Gen ;0,1775;0,853;0,6218;0,4499;0,0438;0,7399;0,2433;0,0265;0,7316;0,9091;0,3965;0,7075;0,1471;0,8542;0,1106;0,9257;0,8658;0,7017;0,3939;0,6793;0,8378
,51
Generacija 1, Fitness 42,57229, Gen ;0,1775;0,853;0,6218;0,4499;0,0438;0,7399;0,2433;0,0265;0,7316;0,9091;0,3965;0,7075;0,1471;0,8542;0,1106;0,9257;0,8658;0,7017;0,3939;0,6793;0,8378
,74
Generacija 1, Fitness 79,60847, Gen ;0,1775;0,853;0,6218;0,4499;0,0438;0,7399;0,2433;0,0265;0,7316;0,9091;0,3965;0,7075;0,1471;0,8542;0,1106;0,9257;0,8658;0,7017;0,3939;0,6793;0,8378
,50
Generacija 1, Fitness 89,75079, Gen ;0,1775;0,853;0,6218;0,4499;0,0438;0,7399;0,2433;0,0265;0,7316;0,9091;0,3965;0,7075;0,1471;0,8542;0,1106;0,9257;0,8658;0,7017;0,3939;0,6793;0,8378
,44
Generacija 1, Fitness 18,47875, Gen ;0,1775;0,853;0,6218;0,4499;0,0438;0,7399;0,2433;0,0265;0,7316;0,9091;0,3965;0,7075;0,1471;0,8542;0,1106;0,9257;0,8658;0,7017;0,3939;0,6793;0,8378
,100
Generacija 1, Fitness 74,25961, Gen ;0,1775;0,853;0,6218;0,4499;0,0438;0,7399;0,2433;0,0265;0,7316;0,9091;0,3965;0,7075;0,1471;0,8542;0,1106;0,9257;0,8658;0,7017;0,3939;0,6793;0,8378
,52
Generacija 1, Fitness 73,10686, Gen ;0,1775;0,853;0,6218;0,4499;0,0438;0,7399;0,2433;0,0265;0,7316;0,9091;0,3965;0,7075;0,1471;0,8542;0,1106;0,9257;0,8658;0,7017;0,3939;0,6793;0,8378
,53
Generacija 1, Fitness 86,48259, Gen ;0,1775;0,853;0,6218;0,4499;0,0438;0,7399;0,2433;0,0265;0,7316;0,9091;0,3965;0,7075;0,1471;0,8542;0,1106;0,9257;0,8658;0,7017;0,3939;0,6793;0,8378
,46
Generacija 1, Fitness 10,69586, Gen ;0,1775;0,853;0,6218;0,4499;0,0438;0,7399;0,2433;0,0265;0,7316;0,9091;0,3965;0,7075;0,1471;0,8542;0,1106;0,9257;0,8658;0,7017;0,3939;0,6793;0,8378
,114
Generacija 1, Fitness 100,0216, Gen ;0,1775;0,853;0,6218;0,4499;0,0438;0,7399;0,2433;0,0265;0,7316;0,9091;0,3965;0,7075;0,1471;0,8542;0,1106;0,9257;0,8658;0,7017;0,3939;0,6793;0,8378
,39
Generacija 1, Fitness 11,65537, Gen ;0,1775;0,853;0,6218;0,4499;0,0438;0,7399;0,2433;0,0265;0,7316;0,9091;0,3965;0,7075;0,1471;0,8542;0,1106;0,9257;0,8658;0,7017;0,3939;0,6793;0,8378
,112
Generacija 1, Fitness 32,02502, Gen ;0,1775;0,853;0,6218;0,4499;0,0438;0,7399;0,2433;0,0265;0,7316;0,9091;0,3965;0,7075;0,1471;0,8542;0,1106;0,9257;0,8658;0,7017;0,3939;0,6793;0,8378
,84
Generacija 1, Fitness 76,00777, Gen ;0,1775;0,853;0,6218;0,4499;0,0438;0,7399;0,2433;0,0265;0,7316;0,9091;0,3965;0,7075;0,1471;0,8542;0,1106;0,9257;0,8658;0,7017;0,3939;0,6793;0,8378
,52
Generacija 1, Fitness 107,2762, Gen ;0,1775;0,853;0,6218;0,4499;0,0438;0,7399;0,2433;0,0265;0,7316;0,9091;0,3965;0,7075;0,1471;0,8542;0,1106;0,9257;0,8658;0,7017;0,3939;0,6793;0,8378
,36
Generacija 1, Fitness 56,70232, Gen ;0,1775;0,853;0,6218;0,4499;0,0438;0,7399;0,2433;0,0265;0,7316;0,9091;0,3965;0,7075;0,1471;0,8542;0,1106;0,9257;0,8658;0,7017;0,3939;0,6793;0,8378
,64
Generacija 1, Fitness 91,74846, Gen ;0,1775;0,853;0,6218;0,4499;0,0438;0,7399;0,2433;0,0265;0,7316;0,9091;0,3965;0,7075;0,1471;0,8542;0,1106;0,9257;0,8658;0,7017;0,3939;0,6793;0,8378
,43
Generacija 1, Fitness 131,1458, Gen ;0,1775;0,853;0,6218;0,4499;0,0438;0,7399;0,2433;0,0265;0,7316;0,9091;0,3965;0,7075;0,1471;0,8542;0,1106;0,9257;0,8658;0,7017;0,3939;0,6793;0,8378
,26
Generacija 1, Fitness 30,71801, Gen ;0,1775;0,853;0,6218;0,4499;0,0438;0,7399;0,2433;0,0265;0,7316;0,9091;0,3965;0,7075;0,1471;0,8542;0,1106;0,9257;0,8658;0,7017;0,3939;0,6793;0,8378
,85
Generacija 1, Fitness 29,46081, Gen ;0,1775;0,853;0,6218;0,4499;0,0438;0,7399;0,2433;0,0265;0,7316;0,9091;0,3965;0,7075;0,1471;0,8542;0,1106;0,9257;0,8658;0,7017;0,3939;0,6793;0,8378
,87
Generacija 1, Fitness 101,4373, Gen ;0,1775;0,853;0,6218;0,4499;0,0438;0,7399;0,2433;0,0265;0,7316;0,9091;0,3965;0,7075;0,1471;0,8542;0,1106;0,9257;0,8658;0,7017;0,3939;0,6793;0,8378
,39
Generacija 1, Fitness 37,96744, Gen ;0,1775;0,853;0,6218;0,4499;0,0438;0,7399;0,2433;0,0265;0,7316;0,9091;0,3965;0,7075;0,1471;0,8542;0,1106;0,9257;0,8658;0,7017;0,3939;0,6793;0,8378
,78
Generacija 1, Fitness 8,148054, Gen ;0,1775;0,853;0,6218;0,4499;0,0438;0,7399;0,2433;0,0265;0,7316;0,9091;0,3965;0,7075;0,1471;0,8542;0,1106;0,9257;0,8658;0,7017;0,3939;0,6793;0,8378
,120
Generacija 1, Fitness 69,14468, Gen ;0,1775;0,853;0,6218;0,4499;0,0438;0,7399;0,2433;0,0265;0,7316;0,9091;0,3965;0,7075;0,1471;0,8542;0,1106;0,9257;0,8658;0,7017;0,3939;0,6793;0,8378
,56
Generacija 1, Fitness 99,31242, Gen ;0,1775;0,853;0,6218;0,4499;0,0438;0,7399;0,2433;0,0265;0,7316;0,9091;0,3965;0,7075;0,1471;0,8542;0,1106;0,9257;0,8658;0,7017;0,3939;0,6793;0,8378
,39
Generacija 1, Fitness 50,1826, Gen ;0,1775;0,853;0,6218;0,4499;0,0438;0,7399;0,2433;0,0265;0,7316;0,9091;0,3965;0,7075;0,1471;0,8542;0,1106;0,9257;0,8658;0,7017;0,3939;0,6793;0,8378
,68
Generacija 1, Fitness 63,7657, Gen ;0,1775;0,853;0,6218;0,4499;0,0438;0,7399;0,2433;0,0265;0,7316;0,9091;0,3965;0,7075;0,1471;0,8542;0,1106;0,9257;0,8658;0,7017;0,3939;0,6793;0,8378
,59
Generacija 1, Fitness 0,5, Gen ;0,1775;0,853;0,6218;0,4499;0,0438;0,7399;0,2433;0,0265;0,7316;0,9091;0,3965;0,7075;0,1471;0,8542;0,1106;0,9257;0,8658;0,7017;0,3939;0,6793;0,8378

Generacija 1, Fitness 117,3137, Gen ;0,1775;0,853;0,6218;0,4499;0,0438;0,7399;0,2433;0,0265;0,7316;0,9091;0,3965;0,7075;0,1471;0,8542;0,1106;0,9257;0,8658;0,7017;0,3939;0,6793;0,8378
,31
Generacija 1, Fitness 111,0356, Gen ;0,1775;0,853;0,6218;0,4499;0,0438;0,7399;0,2433;0,0265;0,7316;0,9091;0,3965;0,7075;0,1471;0,8542;0,1106;0,9257;0,8658;0,7017;0,3939;0,6793;0,8378
,34
Generacija 1, Fitness 69,15484, Gen ;0,1775;0,853;0,6218;0,4499;0,0438;0,7399;0,2433;0,0265;0,7316;0,9091;0,3965;0,7075;0,1471;0,8542;0,1106;0,9257;0,8658;0,7017;0,3939;0,6793;0,8378
,55
Generacija 1, Fitness 60,16182, Gen ;0,1775;0,853;0,6218;0,4499;0,0438;0,7399;0,2433;0,0265;0,7316;0,9091;0,3965;0,7075;0,1471;0,8542;0,1106;0,9257;0,8658;0,7017;0,3939;0,6793;0,8378
,61
Generacija 1, Fitness 109,5183, Gen ;0,1775;0,853;0,6218;0,4499;0,0438;0,7399;0,2433;0,0265;0,7316;0,9091;0,3965;0,7075;0,1471;0,8542;0,1106;0,9257;0,8658;0,7017;0,3939;0,6793;0,8378
,35
Generacija 1, Fitness 60,15564, Gen ;0,1775;0,853;0,6218;0,4499;0,0438;0,7399;0,2433;0,0265;0,7316;0,9091;0,3965;0,7075;0,1471;0,8542;0,1106;0,9257;0,8658;0,7017;0,3939;0,6793;0,8378
,61
Generacija 1, Fitness 138,9972, Gen ;0,1775;0,853;0,6218;0,4499;0,0438;0,7399;0,2433;0,0265;0,7316;0,9091;0,3965;0,7075;0,1471;0,8542;0,1106;0,9257;0,8658;0,7017;0,3939;0,6793;0,8378
,23
Generacija 1, Fitness 119,0422, Gen ;0,1775;0,853;0,6218;0,4499;0,0438;0,7399;0,2433;0,0265;0,7316;0,9091;0,3965;0,7075;0,1471;0,8542;0,1106;0,9257;0,8658;0,7017;0,3939;0,6793;0,8378
,31
Generacija 1, Fitness 95,14163, Gen ;0,1775;0,853;0,6218;0,4499;0,0438;0,7399;0,2433;0,0265;0,7316;0,9091;0,3965;0,7075;0,1471;0,8542;0,1106;0,9257;0,8658;0,7017;0,3939;0,6793;0,8378
,41
Generacija 1, Fitness 57,67329, Gen ;0,1775;0,853;0,6218;0,4499;0,0438;0,7399;0,2433;0,0265;0,7316;0,9091;0,3965;0,7075;0,1471;0,8542;0,1106;0,9257;0,8658;0,7017;0,3939;0,6793;0,8378
,63
Generacija 1, Fitness 108,0236, Gen ;0,1775;0,853;0,6218;0,4499;0,0438;0,7399;0,2433;0,0265;0,7316;0,9091;0,3965;0,7075;0,1471;0,8542;0,1106;0,9257;0,8658;0,7017;0,3939;0,6793;0,8378
,35
Generacija 1, Fitness 1,263035, Gen ;0,1775;0,853;0,6218;0,4499;0,0438;0,7399;0,2433;0,0265;0,7316;0,9091;0,3965;0,7075;0,1471;0,8542;0,1106;0,9257;0,8658;0,7017;0,3939;0,6793;0,8378
,152
Generacija 1, Fitness 83,95313, Gen ;0,1775;0,853;0,6218;0,4499;0,0438;0,7399;0,2433;0,0265;0,7316;0,9091;0,3965;0,7075;0,1471;0,8542;0,1106;0,9257;0,8658;0,7017;0,3939;0,6793;0,8378
,47
Generacija 1, Fitness 68,05771, Gen ;0,1775;0,853;0,6218;0,4499;0,0438;0,7399;0,2433;0,0265;0,7316;0,9091;0,3965;0,7075;0,1471;0,8542;0,1106;0,9257;0,8658;0,7017;0,3939;0,6793;0,8378
,56
Generacija 1, Fitness 110,2772, Gen ;0,1775;0,853;0,6218;0,4499;0,0438;0,7399;0,2433;0,0265;0,7316;0,9091;0,3965;0,7075;0,1471;0,8542;0,1106;0,9257;0,8658;0,7017;0,3939;0,6793;0,8378
,34
Generacija 1, Fitness 61,68724, Gen ;0,1775;0,853;0,6218;0,4499;0,0438;0,7399;0,2433;0,0265;0,7316;0,9091;0,3965;0,7075;0,1471;0,8542;0,1106;0,9257;0,8658;0,7017;0,3939;0,6793;0,8378
,60
Generacija 1, Fitness 93,77951, Gen ;0,1775;0,853;0,6218;0,4499;0,0438;0,7399;0,2433;0,0265;0,7316;0,9091;0,3965;0,7075;0,1471;0,8542;0,1106;0,9257;0,8658;0,7017;0,3939;0,6793;0,8378
,42
Generacija 1, Fitness 98,63673, Gen ;0,1775;0,853;0,6218;0,4499;0,0438;0,7399;0,2433;0,0265;0,7316;0,9091;0,3965;0,7075;0,1471;0,8542;0,1106;0,9257;0,8658;0,7017;0,3939;0,6793;0,8378
,40
Generacija 1, Fitness 80,22498, Gen ;0,1775;0,853;0,6218;0,4499;0,0438;0,7399;0,2433;0,0265;0,7316;0,9091;0,3965;0,7075;0,1471;0,8542;0,1106;0,9257;0,8658;0,7017;0,3939;0,6793;0,8378
,49
Generacija 1, Fitness 76,00919, Gen ;0,1775;0,853;0,6218;0,4499;0,0438;0,7399;0,2433;0,0265;0,7316;0,9091;0,3965;0,7075;0,1471;0,8542;0,1106;0,9257;0,8658;0,7017;0,3939;0,6793;0,8378
,52
Generacija 1, Fitness 81,43331, Gen ;0,1775;0,853;0,6218;0,4499;0,0438;0,7399;0,2433;0,0265;0,7316;0,9091;0,3965;0,7075;0,1471;0,8542;0,1106;0,9257;0,8658;0,7017;0,3939;0,6793;0,8378
,49
Generacija 1, Fitness 101,473, Gen ;0,1775;0,853;0,6218;0,4499;0,0438;0,7399;0,2433;0,0265;0,7316;0,9091;0,3965;0,7075;0,1471;0,8542;0,1106;0,9257;0,8658;0,7017;0,3939;0,6793;0,8378
,38
Generacija 1, Fitness 55,25866, Gen ;0,1775;0,853;0,6218;0,4499;0,0438;0,7399;0,2433;0,0265;0,7316;0,9091;0,3965;0,7075;0,1471;0,8542;0,1106;0,9257;0,8658;0,7017;0,3939;0,6793;0,8378
,65
Generacija 1, Fitness 83,31569, Gen ;0,1775;0,853;0,6218;0,4499;0,0438;0,7399;0,2433;0,0265;0,7316;0,9091;0,3965;0,7075;0,1471;0,8542;0,1106;0,9257;0,8658;0,7017;0,3939;0,6793;0,8378
,48
Generacija 1, Fitness 86,49268, Gen ;0,1775;0,853;0,6218;0,4499;0,0438;0,7399;0,2433;0,0265;0,7316;0,9091;0,3965;0,7075;0,1471;0,8542;0,1106;0,9257;0,8658;0,7017;0,3939;0,6793;0,8378
,46
Generacija 1, Fitness 44,20234, Gen ;0,1775;0,853;0,6218;0,4499;0,0438;0,7399;0,2433;0,0265;0,7316;0,9091;0,3965;0,7075;0,1471;0,8542;0,1106;0,9257;0,8658;0,7017;0,3939;0,6793;0,8378
,73
Generacija 1, Fitness 50,18143, Gen ;0,1775;0,853;0,6218;0,4499;0,0438;0,7399;0,2433;0,0265;0,7316;0,9091;0,3965;0,7075;0,1471;0,8542;0,1106;0,9257;0,8658;0,7017;0,3939;0,6793;0,8378
,68
Generacija 1, Fitness 42,98647, Gen ;0,1775;0,853;0,6218;0,4499;0,0438;0,7399;0,2433;0,0265;0,7316;0,9091;0,3965;0,7075;0,1471;0,8542;0,1106;0,9257;0,8658;0,7017;0,3939;0,6793;0,8378
,74
Generacija 1, Fitness 55,28212, Gen ;0,1775;0,853;0,6218;0,4499;0,0438;0,7399;0,2433;0,0265;0,7316;0,9091;0,3965;0,7075;0,1471;0,8542;0,1106;0,9257;0,8658;0,7017;0,3939;0,6793;0,8378
,64
Generacija 1, Fitness 90,41251, Gen ;0,1775;0,853;0,6218;0,4499;0,0438;0,7399;0,2433;0,0265;0,7316;0,9091;0,3965;0,7075;0,1471;0,8542;0,1106;0,9257;0,8658;0,7017;0,3939;0,6793;0,8378
,44
Generacija 1, Fitness 23,40053, Gen ;0,1775;0,853;0,6218;0,4499;0,0438;0,7399;0,2433;0,0265;0,7316;0,9091;0,3965;0,7075;0,1471;0,8542;0,1106;0,9257;0,8658;0,7017;0,3939;0,6793;0,8378
,94
Generacija 1, Fitness 122,8441, Gen ;0,1775;0,853;0,6218;0,4499;0,0438;0,7399;0,2433;0,0265;0,7316;0,9091;0,3965;0,7075;0,1471;0,8542;0,1106;0,9257;0,8658;0,7017;0,3939;0,6793;0,8378
,29
Generacija 1, Fitness 75,42123, Gen ;0,1775;0,853;0,6218;0,4499;0,0438;0,7399;0,2433;0,0265;0,7316;0,9091;0,3965;0,7075;0,1471;0,8542;0,1106;0,9257;0,8658;0,7017;0,3939;0,6793;0,8378
,52
Generacija 1, Fitness 108,7766, Gen ;0,1775;0,853;0,6218;0,4499;0,0438;0,7399;0,2433;0,0265;0,7316;0,9091;0,3965;0,7075;0,1471;0,8542;0,1106;0,9257;0,8658;0,7017;0,3939;0,6793;0,8378
,35
Generacija 1, Fitness 64,81995, Gen ;0,1775;0,853;0,6218;0,4499;0,0438;0,7399;0,2433;0,0265;0,7316;0,9091;0,3965;0,7075;0,1471;0,8542;0,1106;0,9257;0,8658;0,7017;0,3939;0,6793;0,8378
,58
Generacija 1, Fitness 114,8788, Gen ;0,1775;0,853;0,6218;0,4499;0,0438;0,7399;0,2433;0,0265;0,7316;0,9091;0,3965;0,7075;0,1471;0,8542;0,1106;0,9257;0,8658;0,7017;0,3939;0,6793;0,8378
,33
Generacija 1, Fitness 53,37911, Gen ;0,1775;0,853;0,6218;0,4499;0,0438;0,7399;0,2433;0,0265;0,7316;0,9091;0,3965;0,7075;0,1471;0,8542;0,1106;0,9257;0,8658;0,7017;0,3939;0,6793;0,8378
,66
Generacija 1, Fitness 82,06331, Gen ;0,1775;0,853;0,6218;0,4499;0,0438;0,7399;0,2433;0,0265;0,7316;0,9091;0,3965;0,7075;0,1471;0,8542;0,1106;0,9257;0,8658;0,7017;0,3939;0,6793;0,8378
,48
Generacija 1, Fitness 72,52532, Gen ;0,1775;0,853;0,6218;0,4499;0,0438;0,7399;0,2433;0,0265;0,7316;0,9091;0,3965;0,7075;0,1471;0,8542;0,1106;0,9257;0,8658;0,7017;0,3939;0,6793;0,8378
,54
Generacija 1, Fitness 71,95632, Gen ;0,1775;0,853;0,6218;0,4499;0,0438;0,7399;0,2433;0,0265;0,7316;0,9091;0,3965;0,7075;0,1471;0,8542;0,1106;0,9257;0,8658;0,7017;0,3939;0,6793;0,8378
,54
Generacija 1, Fitness 96,51779, Gen ;0,1775;0,853;0,6218;0,4499;0,0438;0,7399;0,2433;0,0265;0,7316;0,9091;0,3965;0,7075;0,1471;0,8542;0,1106;0,9257;0,8658;0,7017;0,3939;0,6793;0,8378
,41
Generacija 1, Fitness 53,37429, Gen ;0,1775;0,853;0,6218;0,4499;0,0438;0,7399;0,2433;0,0265;0,7316;0,9091;0,3965;0,7075;0,1471;0,8542;0,1106;0,9257;0,8658;0,7017;0,3939;0,6793;0,8378
,66
Generacija 1, Fitness 61,69104, Gen ;0,1775;0,853;0,6218;0,4499;0,0438;0,7399;0,2433;0,0265;0,7316;0,9091;0,3965;0,7075;0,1471;0,8542;0,1106;0,9257;0,8658;0,7017;0,3939;0,6793;0,8378
,60
Generacija 1, Fitness 15,28679, Gen ;0,1775;0,853;0,6218;0,4499;0,0438;0,7399;0,2433;0,0265;0,7316;0,9091;0,3965;0,7075;0,1471;0,8542;0,1106;0,9257;0,8658;0,7017;0,3939;0,6793;0,8378
,105
Generacija 1, Fitness 71,95679, Gen ;0,1775;0,853;0,6218;0,4499;0,0438;0,7399;0,2433;0,0265;0,7316;0,9091;0,3965;0,7075;0,1471;0,8542;0,1106;0,9257;0,8658;0,7017;0,3939;0,6793;0,8378
,54
Generacija 1, Fitness 70,27397, Gen ;0,1775;0,853;0,6218;0,4499;0,0438;0,7399;0,2433;0,0265;0,7316;0,9091;0,3965;0,7075;0,1471;0,8542;0,1106;0,9257;0,8658;0,7017;0,3939;0,6793;0,8378
,55
Generacija 1, Fitness 93,08611, Gen ;0,1775;0,853;0,6218;0,4499;0,0438;0,7399;0,2433;0,0265;0,7316;0,9091;0,3965;0,7075;0,1471;0,8542;0,1106;0,9257;0,8658;0,7017;0,3939;0,6793;0,8378
,43
Generacija 1, Fitness 102,3078, Gen ;0,1775;0,853;0,6218;0,4499;0,0438;0,7399;0,2433;0,0265;0,7316;0,9091;0,3965;0,7075;0,1471;0,8542;0,1106;0,9257;0,8658;0,7017;0,3939;0,6793;0,8378
,38
Generacija 1, Fitness 102,1572, Gen ;0,1775;0,853;0,6218;0,4499;0,0438;0,7399;0,2433;0,0265;0,7316;0,9091;0,3965;0,7075;0,1471;0,8542;0,1106;0,9257;0,8658;0,7017;0,3939;0,6793;0,8378
,38
Generacija 1, Fitness 72,53627, Gen ;0,1775;0,853;0,6218;0,4499;0,0438;0,7399;0,2433;0,0265;0,7316;0,9091;0,3965;0,7075;0,1471;0,8542;0,1106;0,9257;0,8658;0,7017;0,3939;0,6793;0,8378
,53
Generacija 1, Fitness 34,04497, Gen ;0,1775;0,853;0,6218;0,4499;0,0438;0,7399;0,2433;0,0265;0,7316;0,9091;0,3965;0,7075;0,1471;0,8542;0,1106;0,9257;0,8658;0,7017;0,3939;0,6793;0,8378
,82
Generacija 1, Fitness 70,82835, Gen ;0,1775;0,853;0,6218;0,4499;0,0438;0,7399;0,2433;0,0265;0,7316;0,9091;0,3965;0,7075;0,1471;0,8542;0,1106;0,9257;0,8658;0,7017;0,3939;0,6793;0,8378
,55
Generacija 1, Fitness 66,9959, Gen ;0,1775;0,853;0,6218;0,4499;0,0438;0,7399;0,2433;0,0265;0,7316;0,9091;0,3965;0,7075;0,1471;0,8542;0,1106;0,9257;0,8658;0,7017;0,3939;0,6793;0,8378
,57
Generacija 1, Fitness 132,0128, Gen ;0,1775;0,853;0,6218;0,4499;0,0438;0,7399;0,2433;0,0265;0,7316;0,9091;0,3965;0,7075;0,1471;0,8542;0,1106;0,9257;0,8658;0,7017;0,3939;0,6793;0,8378
,25
Generacija 1, Fitness 99,30133, Gen ;0,1775;0,853;0,6218;0,4499;0,0438;0,7399;0,2433;0,0265;0,7316;0,9091;0,3965;0,7075;0,1471;0,8542;0,1106;0,9257;0,8658;0,7017;0,3939;0,6793;0,8378
,40
Generacija 1, Fitness 111,0456, Gen ;0,1775;0,853;0,6218;0,4499;0,0438;0,7399;0,2433;0,0265;0,7316;0,9091;0,3965;0,7075;0,1471;0,8542;0,1106;0,9257;0,8658;0,7017;0,3939;0,6793;0,8378
,34
Generacija 1, Fitness 87,79363, Gen ;0,1775;0,853;0,6218;0,4499;0,0438;0,7399;0,2433;0,0265;0,7316;0,9091;0,3965;0,7075;0,1471;0,8542;0,1106;0,9257;0,8658;0,7017;0,3939;0,6793;0,8378
,45
Generacija 1, Fitness 116,4491, Gen ;0,1775;0,853;0,6218;0,4499;0,0438;0,7399;0,2433;0,0265;0,7316;0,9091;0,3965;0,7075;0,1471;0,8542;0,1106;0,9257;0,8658;0,7017;0,3939;0,6793;0,8378
,32
Generacija 1, Fitness 65,88964, Gen ;0,1775;0,853;0,6218;0,4499;0,0438;0,7399;0,2433;0,0265;0,7316;0,9091;0,3965;0,7075;0,1471;0,8542;0,1106;0,9257;0,8658;0,7017;0,3939;0,6793;0,8378
,57
Generacija 1, Fitness 60,66652, Gen ;0,1775;0,853;0,6218;0,4499;0,0438;0,7399;0,2433;0,0265;0,7316;0,9091;0,3965;0,7075;0,1471;0,8542;0,1106;0,9257;0,8658;0,7017;0,3939;0,6793;0,8378
,61
Generacija 1, Fitness 119,627, Gen ;0,1775;0,853;0,6218;0,4499;0,0438;0,7399;0,2433;0,0265;0,7316;0,9091;0,3965;0,7075;0,1471;0,8542;0,1106;0,9257;0,8658;0,7017;0,3939;0,6793;0,8378
,30
Generacija 1, Fitness 38,70555, Gen ;0,1775;0,853;0,6218;0,4499;0,0438;0,7399;0,2433;0,0265;0,7316;0,9091;0,3965;0,7075;0,1471;0,8542;0,1106;0,9257;0,8658;0,7017;0,3939;0,6793;0,8378
,78
Generacija 1, Fitness 89,742, Gen ;0,1775;0,853;0,6218;0,4499;0,0438;0,7399;0,2433;0,0265;0,7316;0,9091;0,3965;0,7075;0,1471;0,8542;0,1106;0,9257;0,8658;0,7017;0,3939;0,6793;0,8378
,44
Generacija 1, Fitness 76,18924, Gen ;0,1775;0,853;0,6218;0,4499;0,0438;0,7399;0,2433;0,0265;0,7316;0,9091;0,3965;0,7075;0,1471;0,8542;0,1106;0,9257;0,8658;0,7017;0,3939;0,6793;0,8378
,51
Generacija 1, Fitness 95,13219, Gen ;0,1775;0,853;0,6218;0,4499;0,0438;0,7399;0,2433;0,0265;0,7316;0,9091;0,3965;0,7075;0,1471;0,8542;0,1106;0,9257;0,8658;0,7017;0,3939;0,6793;0,8378
,42
Generacija 1, Fitness 58,663, Gen ;0,1775;0,853;0,6218;0,4499;0,0438;0,7399;0,2433;0,0265;0,7316;0,9091;0,3965;0,7075;0,1471;0,8542;0,1106;0,9257;0,8658;0,7017;0,3939;0,6793;0,8378
,62
Generacija 1, Fitness 102,2153, Gen ;0,1775;0,853;0,6218;0,4499;0,0438;0,7399;0,2433;0,0265;0,7316;0,9091;0,3965;0,7075;0,1471;0,8542;0,1106;0,9257;0,8658;0,7017;0,3939;0,6793;0,8378
,38
Generacija 1, Fitness 54,31934, Gen ;0,1775;0,853;0,6218;0,4499;0,0438;0,7399;0,2433;0,0265;0,7316;0,9091;0,3965;0,7075;0,1471;0,8542;0,1106;0,9257;0,8658;0,7017;0,3939;0,6793;0,8378
,65
Generacija 1, Fitness 69,14713, Gen ;0,1775;0,853;0,6218;0,4499;0,0438;0,7399;0,2433;0,0265;0,7316;0,9091;0,3965;0,7075;0,1471;0,8542;0,1106;0,9257;0,8658;0,7017;0,3939;0,6793;0,8378
,56
