	5Stroembom ovc
	4 AI1 ovcarjev
Fitness 74,11664, Gen ;0,2152;0,9106;0,7801;0,831;0,1046;0,9323;0,3089;0,0471;0,514;0,1713;0,9948;0,8602;0,4452;0,8599;0,606;0,1332;0,4575;0,3567;0,0291;0,094;0,4566
,86,87,87,87,91
Fitness 77,46811, Gen ;0,2152;0,9106;0,7801;0,831;0,1046;0,9323;0,3089;0,0471;0,514;0,1713;0,9948;0,8602;0,4452;0,8599;0,606;0,1332;0,4575;0,3567;0,0291;0,094;0,4566
,93,93,93,94,94
Fitness 79,74412, Gen ;0,2152;0,9106;0,7801;0,831;0,1046;0,9323;0,3089;0,0471;0,514;0,1713;0,9948;0,8602;0,4452;0,8599;0,606;0,1332;0,4575;0,3567;0,0291;0,094;0,4566
,49,50,50,50,50
Fitness 26,03027, Gen ;0,2152;0,9106;0,7801;0,831;0,1046;0,9323;0,3089;0,0471;0,514;0,1713;0,9948;0,8602;0,4452;0,8599;0,606;0,1332;0,4575;0,3567;0,0291;0,094;0,4566
,83,84,84,84,86
Fitness 22,80246, Gen ;0,2152;0,9106;0,7801;0,831;0,1046;0,9323;0,3089;0,0471;0,514;0,1713;0,9948;0,8602;0,4452;0,8599;0,606;0,1332;0,4575;0,3567;0,0291;0,094;0,4566
,77,77,78,78,78
Fitness 78,87328, Gen ;0,2152;0,9106;0,7801;0,831;0,1046;0,9323;0,3089;0,0471;0,514;0,1713;0,9948;0,8602;0,4452;0,8599;0,606;0,1332;0,4575;0,3567;0,0291;0,094;0,4566
,33,38,38,38,39
Fitness 30,02124, Gen ;0,2152;0,9106;0,7801;0,831;0,1046;0,9323;0,3089;0,0471;0,514;0,1713;0,9948;0,8602;0,4452;0,8599;0,606;0,1332;0,4575;0,3567;0,0291;0,094;0,4566
,61,61,61,62,62
Fitness 38,12777, Gen ;0,2152;0,9106;0,7801;0,831;0,1046;0,9323;0,3089;0,0471;0,514;0,1713;0,9948;0,8602;0,4452;0,8599;0,606;0,1332;0,4575;0,3567;0,0291;0,094;0,4566
,109,119,119,119,120
Fitness 101,3406, Gen ;0,2152;0,9106;0,7801;0,831;0,1046;0,9323;0,3089;0,0471;0,514;0,1713;0,9948;0,8602;0,4452;0,8599;0,606;0,1332;0,4575;0,3567;0,0291;0,094;0,4566
,96,97,97,97,106
Fitness 58,59568, Gen ;0,2152;0,9106;0,7801;0,831;0,1046;0,9323;0,3089;0,0471;0,514;0,1713;0,9948;0,8602;0,4452;0,8599;0,606;0,1332;0,4575;0,3567;0,0291;0,094;0,4566
,111,111,112,112,112
Fitness 8,25362, Gen ;0,2152;0,9106;0,7801;0,831;0,1046;0,9323;0,3089;0,0471;0,514;0,1713;0,9948;0,8602;0,4452;0,8599;0,606;0,1332;0,4575;0,3567;0,0291;0,094;0,4566
,59,60,60,60,61
Fitness 15,98379, Gen ;0,2152;0,9106;0,7801;0,831;0,1046;0,9323;0,3089;0,0471;0,514;0,1713;0,9948;0,8602;0,4452;0,8599;0,606;0,1332;0,4575;0,3567;0,0291;0,094;0,4566
,52,53,53,53,53
Fitness 11,11788, Gen ;0,2152;0,9106;0,7801;0,831;0,1046;0,9323;0,3089;0,0471;0,514;0,1713;0,9948;0,8602;0,4452;0,8599;0,606;0,1332;0,4575;0,3567;0,0291;0,094;0,4566
,45,85,85,85,91
Fitness 61,08479, Gen ;0,2152;0,9106;0,7801;0,831;0,1046;0,9323;0,3089;0,0471;0,514;0,1713;0,9948;0,8602;0,4452;0,8599;0,606;0,1332;0,4575;0,3567;0,0291;0,094;0,4566
,45,46,46,46,46
Fitness 73,57317, Gen ;0,2152;0,9106;0,7801;0,831;0,1046;0,9323;0,3089;0,0471;0,514;0,1713;0,9948;0,8602;0,4452;0,8599;0,606;0,1332;0,4575;0,3567;0,0291;0,094;0,4566
,50,50,50,59,60
Fitness 28,58283, Gen ;0,2152;0,9106;0,7801;0,831;0,1046;0,9323;0,3089;0,0471;0,514;0,1713;0,9948;0,8602;0,4452;0,8599;0,606;0,1332;0,4575;0,3567;0,0291;0,094;0,4566
,61,62,62,62,62
Fitness 86,32845, Gen ;0,2152;0,9106;0,7801;0,831;0,1046;0,9323;0,3089;0,0471;0,514;0,1713;0,9948;0,8602;0,4452;0,8599;0,606;0,1332;0,4575;0,3567;0,0291;0,094;0,4566
,47,55,55,55,55
Fitness 64,59889, Gen ;0,2152;0,9106;0,7801;0,831;0,1046;0,9323;0,3089;0,0471;0,514;0,1713;0,9948;0,8602;0,4452;0,8599;0,606;0,1332;0,4575;0,3567;0,0291;0,094;0,4566
,47,47,47,48,48
Fitness 58,95899, Gen ;0,2152;0,9106;0,7801;0,831;0,1046;0,9323;0,3089;0,0471;0,514;0,1713;0,9948;0,8602;0,4452;0,8599;0,606;0,1332;0,4575;0,3567;0,0291;0,094;0,4566
,64,64,65,65,65
Fitness 70,44836, Gen ;0,2152;0,9106;0,7801;0,831;0,1046;0,9323;0,3089;0,0471;0,514;0,1713;0,9948;0,8602;0,4452;0,8599;0,606;0,1332;0,4575;0,3567;0,0291;0,094;0,4566
,66,67,67,67,67
Fitness 82,66833, Gen ;0,2152;0,9106;0,7801;0,831;0,1046;0,9323;0,3089;0,0471;0,514;0,1713;0,9948;0,8602;0,4452;0,8599;0,606;0,1332;0,4575;0,3567;0,0291;0,094;0,4566
,55,75,75,79,96
Fitness 54,63667, Gen ;0,2152;0,9106;0,7801;0,831;0,1046;0,9323;0,3089;0,0471;0,514;0,1713;0,9948;0,8602;0,4452;0,8599;0,606;0,1332;0,4575;0,3567;0,0291;0,094;0,4566
,94,94,94,94,95
Fitness 51,78441, Gen ;0,2152;0,9106;0,7801;0,831;0,1046;0,9323;0,3089;0,0471;0,514;0,1713;0,9948;0,8602;0,4452;0,8599;0,606;0,1332;0,4575;0,3567;0,0291;0,094;0,4566
,66,67,69,69,69
Fitness 26,48779, Gen ;0,2152;0,9106;0,7801;0,831;0,1046;0,9323;0,3089;0,0471;0,514;0,1713;0,9948;0,8602;0,4452;0,8599;0,606;0,1332;0,4575;0,3567;0,0291;0,094;0,4566
,67,67,67,67,80
Fitness 22,18422, Gen ;0,2152;0,9106;0,7801;0,831;0,1046;0,9323;0,3089;0,0471;0,514;0,1713;0,9948;0,8602;0,4452;0,8599;0,606;0,1332;0,4575;0,3567;0,0291;0,094;0,4566
,96,105,105,106,106
Fitness 49,03848, Gen ;0,2152;0,9106;0,7801;0,831;0,1046;0,9323;0,3089;0,0471;0,514;0,1713;0,9948;0,8602;0,4452;0,8599;0,606;0,1332;0,4575;0,3567;0,0291;0,094;0,4566
,57,57,58,58,58
Fitness 39,22369, Gen ;0,2152;0,9106;0,7801;0,831;0,1046;0,9323;0,3089;0,0471;0,514;0,1713;0,9948;0,8602;0,4452;0,8599;0,606;0,1332;0,4575;0,3567;0,0291;0,094;0,4566
,69
Fitness 15,01612, Gen ;0,2152;0,9106;0,7801;0,831;0,1046;0,9323;0,3089;0,0471;0,514;0,1713;0,9948;0,8602;0,4452;0,8599;0,606;0,1332;0,4575;0,3567;0,0291;0,094;0,4566
,63,64,64,64,64
Fitness 65,12093, Gen ;0,2152;0,9106;0,7801;0,831;0,1046;0,9323;0,3089;0,0471;0,514;0,1713;0,9948;0,8602;0,4452;0,8599;0,606;0,1332;0,4575;0,3567;0,0291;0,094;0,4566
,56,59,59,60,60
Fitness 0,001549681, Gen ;0,2152;0,9106;0,7801;0,831;0,1046;0,9323;0,3089;0,0471;0,514;0,1713;0,9948;0,8602;0,4452;0,8599;0,606;0,1332;0,4575;0,3567;0,0291;0,094;0,4566
,45,45,45,45,45
Fitness 55,09393, Gen ;0,2152;0,9106;0,7801;0,831;0,1046;0,9323;0,3089;0,0471;0,514;0,1713;0,9948;0,8602;0,4452;0,8599;0,606;0,1332;0,4575;0,3567;0,0291;0,094;0,4566
,52,53,53,53,53
Fitness 62,2905, Gen ;0,2152;0,9106;0,7801;0,831;0,1046;0,9323;0,3089;0,0471;0,514;0,1713;0,9948;0,8602;0,4452;0,8599;0,606;0,1332;0,4575;0,3567;0,0291;0,094;0,4566
,86,86,87,87,87
Fitness 86,98209, Gen ;0,2152;0,9106;0,7801;0,831;0,1046;0,9323;0,3089;0,0471;0,514;0,1713;0,9948;0,8602;0,4452;0,8599;0,606;0,1332;0,4575;0,3567;0,0291;0,094;0,4566
,47,49,49,50,50
Fitness 72,93215, Gen ;0,2152;0,9106;0,7801;0,831;0,1046;0,9323;0,3089;0,0471;0,514;0,1713;0,9948;0,8602;0,4452;0,8599;0,606;0,1332;0,4575;0,3567;0,0291;0,094;0,4566
,58,59,59,59,59
Fitness 28,90536, Gen ;0,2152;0,9106;0,7801;0,831;0,1046;0,9323;0,3089;0,0471;0,514;0,1713;0,9948;0,8602;0,4452;0,8599;0,606;0,1332;0,4575;0,3567;0,0291;0,094;0,4566
,102,107,107,107,107
Fitness 78,63152, Gen ;0,2152;0,9106;0,7801;0,831;0,1046;0,9323;0,3089;0,0471;0,514;0,1713;0,9948;0,8602;0,4452;0,8599;0,606;0,1332;0,4575;0,3567;0,0291;0,094;0,4566
,32,73,73,73,90
Fitness 63,60627, Gen ;0,2152;0,9106;0,7801;0,831;0,1046;0,9323;0,3089;0,0471;0,514;0,1713;0,9948;0,8602;0,4452;0,8599;0,606;0,1332;0,4575;0,3567;0,0291;0,094;0,4566
,43,43,45,45,45
Fitness 13,89868, Gen ;0,2152;0,9106;0,7801;0,831;0,1046;0,9323;0,3089;0,0471;0,514;0,1713;0,9948;0,8602;0,4452;0,8599;0,606;0,1332;0,4575;0,3567;0,0291;0,094;0,4566
,118,119,119,119,119
Fitness 32,38918, Gen ;0,2152;0,9106;0,7801;0,831;0,1046;0,9323;0,3089;0,0471;0,514;0,1713;0,9948;0,8602;0,4452;0,8599;0,606;0,1332;0,4575;0,3567;0,0291;0,094;0,4566
,93,94,95,95,120
Fitness 88,25034, Gen ;0,2152;0,9106;0,7801;0,831;0,1046;0,9323;0,3089;0,0471;0,514;0,1713;0,9948;0,8602;0,4452;0,8599;0,606;0,1332;0,4575;0,3567;0,0291;0,094;0,4566
,62,62,62,63,63
Fitness 8,017905, Gen ;0,2152;0,9106;0,7801;0,831;0,1046;0,9323;0,3089;0,0471;0,514;0,1713;0,9948;0,8602;0,4452;0,8599;0,606;0,1332;0,4575;0,3567;0,0291;0,094;0,4566
,42,43,43,43,43
Fitness 10,3792, Gen ;0,2152;0,9106;0,7801;0,831;0,1046;0,9323;0,3089;0,0471;0,514;0,1713;0,9948;0,8602;0,4452;0,8599;0,606;0,1332;0,4575;0,3567;0,0291;0,094;0,4566
,81,81,81,82,87
Fitness 57,13277, Gen ;0,2152;0,9106;0,7801;0,831;0,1046;0,9323;0,3089;0,0471;0,514;0,1713;0,9948;0,8602;0,4452;0,8599;0,606;0,1332;0,4575;0,3567;0,0291;0,094;0,4566
,27,71,71,84,92
Fitness 91,53062, Gen ;0,2152;0,9106;0,7801;0,831;0,1046;0,9323;0,3089;0,0471;0,514;0,1713;0,9948;0,8602;0,4452;0,8599;0,606;0,1332;0,4575;0,3567;0,0291;0,094;0,4566
,137,139,140,140,141
Fitness 30,37495, Gen ;0,2152;0,9106;0,7801;0,831;0,1046;0,9323;0,3089;0,0471;0,514;0,1713;0,9948;0,8602;0,4452;0,8599;0,606;0,1332;0,4575;0,3567;0,0291;0,094;0,4566
,48,56,57,57,57
Fitness 30,88426, Gen ;0,2152;0,9106;0,7801;0,831;0,1046;0,9323;0,3089;0,0471;0,514;0,1713;0,9948;0,8602;0,4452;0,8599;0,606;0,1332;0,4575;0,3567;0,0291;0,094;0,4566
,55,58,59,59,59
Fitness 2,277717, Gen ;0,2152;0,9106;0,7801;0,831;0,1046;0,9323;0,3089;0,0471;0,514;0,1713;0,9948;0,8602;0,4452;0,8599;0,606;0,1332;0,4575;0,3567;0,0291;0,094;0,4566
,55,55,56,56,64
Fitness 67,08981, Gen ;0,2152;0,9106;0,7801;0,831;0,1046;0,9323;0,3089;0,0471;0,514;0,1713;0,9948;0,8602;0,4452;0,8599;0,606;0,1332;0,4575;0,3567;0,0291;0,094;0,4566
,58,58,59,59,59
Fitness 63,56593, Gen ;0,2152;0,9106;0,7801;0,831;0,1046;0,9323;0,3089;0,0471;0,514;0,1713;0,9948;0,8602;0,4452;0,8599;0,606;0,1332;0,4575;0,3567;0,0291;0,094;0,4566
,138,138,138,138,141
Fitness 58,97769, Gen ;0,2152;0,9106;0,7801;0,831;0,1046;0,9323;0,3089;0,0471;0,514;0,1713;0,9948;0,8602;0,4452;0,8599;0,606;0,1332;0,4575;0,3567;0,0291;0,094;0,4566
,92,93,93,122,122
Fitness 63,46694, Gen ;0,2152;0,9106;0,7801;0,831;0,1046;0,9323;0,3089;0,0471;0,514;0,1713;0,9948;0,8602;0,4452;0,8599;0,606;0,1332;0,4575;0,3567;0,0291;0,094;0,4566
,77,77,77,78,78
Fitness 2,384289, Gen ;0,2152;0,9106;0,7801;0,831;0,1046;0,9323;0,3089;0,0471;0,514;0,1713;0,9948;0,8602;0,4452;0,8599;0,606;0,1332;0,4575;0,3567;0,0291;0,094;0,4566
,50,50,51,51,51
Fitness 9,033045, Gen ;0,2152;0,9106;0,7801;0,831;0,1046;0,9323;0,3089;0,0471;0,514;0,1713;0,9948;0,8602;0,4452;0,8599;0,606;0,1332;0,4575;0,3567;0,0291;0,094;0,4566
,51,56,56,56,56
Fitness 38,37678, Gen ;0,2152;0,9106;0,7801;0,831;0,1046;0,9323;0,3089;0,0471;0,514;0,1713;0,9948;0,8602;0,4452;0,8599;0,606;0,1332;0,4575;0,3567;0,0291;0,094;0,4566
,49,50,50,50,50
Fitness 76,54552, Gen ;0,2152;0,9106;0,7801;0,831;0,1046;0,9323;0,3089;0,0471;0,514;0,1713;0,9948;0,8602;0,4452;0,8599;0,606;0,1332;0,4575;0,3567;0,0291;0,094;0,4566
,111,111,111,112,118
Fitness 67,93879, Gen ;0,2152;0,9106;0,7801;0,831;0,1046;0,9323;0,3089;0,0471;0,514;0,1713;0,9948;0,8602;0,4452;0,8599;0,606;0,1332;0,4575;0,3567;0,0291;0,094;0,4566
,48,48,48,48,49
Fitness 78,38455, Gen ;0,2152;0,9106;0,7801;0,831;0,1046;0,9323;0,3089;0,0471;0,514;0,1713;0,9948;0,8602;0,4452;0,8599;0,606;0,1332;0,4575;0,3567;0,0291;0,094;0,4566
,54,54,54,140,168
Fitness 9,218528, Gen ;0,2152;0,9106;0,7801;0,831;0,1046;0,9323;0,3089;0,0471;0,514;0,1713;0,9948;0,8602;0,4452;0,8599;0,606;0,1332;0,4575;0,3567;0,0291;0,094;0,4566
,60,60,60,60,61
Fitness 80,78341, Gen ;0,2152;0,9106;0,7801;0,831;0,1046;0,9323;0,3089;0,0471;0,514;0,1713;0,9948;0,8602;0,4452;0,8599;0,606;0,1332;0,4575;0,3567;0,0291;0,094;0,4566
,96,96,97,97,99
Fitness 0,6116617, Gen ;0,2152;0,9106;0,7801;0,831;0,1046;0,9323;0,3089;0,0471;0,514;0,1713;0,9948;0,8602;0,4452;0,8599;0,606;0,1332;0,4575;0,3567;0,0291;0,094;0,4566
,56,57,57,57,57
Fitness 61,07644, Gen ;0,2152;0,9106;0,7801;0,831;0,1046;0,9323;0,3089;0,0471;0,514;0,1713;0,9948;0,8602;0,4452;0,8599;0,606;0,1332;0,4575;0,3567;0,0291;0,094;0,4566
,68,68,69,69,69
Fitness 19,49611, Gen ;0,2152;0,9106;0,7801;0,831;0,1046;0,9323;0,3089;0,0471;0,514;0,1713;0,9948;0,8602;0,4452;0,8599;0,606;0,1332;0,4575;0,3567;0,0291;0,094;0,4566
,66,66,66,66,66
Fitness 66,26592, Gen ;0,2152;0,9106;0,7801;0,831;0,1046;0,9323;0,3089;0,0471;0,514;0,1713;0,9948;0,8602;0,4452;0,8599;0,606;0,1332;0,4575;0,3567;0,0291;0,094;0,4566
,87,87,88,160,165
Fitness 49,1254, Gen ;0,2152;0,9106;0,7801;0,831;0,1046;0,9323;0,3089;0,0471;0,514;0,1713;0,9948;0,8602;0,4452;0,8599;0,606;0,1332;0,4575;0,3567;0,0291;0,094;0,4566
,55,55,59,62,62
Fitness 52,76891, Gen ;0,2152;0,9106;0,7801;0,831;0,1046;0,9323;0,3089;0,0471;0,514;0,1713;0,9948;0,8602;0,4452;0,8599;0,606;0,1332;0,4575;0,3567;0,0291;0,094;0,4566
,67,67,67,68,68
Fitness 0,6242768, Gen ;0,2152;0,9106;0,7801;0,831;0,1046;0,9323;0,3089;0,0471;0,514;0,1713;0,9948;0,8602;0,4452;0,8599;0,606;0,1332;0,4575;0,3567;0,0291;0,094;0,4566
,86,87,87,87,91
Fitness 60,00919, Gen ;0,2152;0,9106;0,7801;0,831;0,1046;0,9323;0,3089;0,0471;0,514;0,1713;0,9948;0,8602;0,4452;0,8599;0,606;0,1332;0,4575;0,3567;0,0291;0,094;0,4566
,81,81,81,81,104
Fitness 50,55362, Gen ;0,2152;0,9106;0,7801;0,831;0,1046;0,9323;0,3089;0,0471;0,514;0,1713;0,9948;0,8602;0,4452;0,8599;0,606;0,1332;0,4575;0,3567;0,0291;0,094;0,4566
,50,50,50,51,51
Fitness 26,107, Gen ;0,2152;0,9106;0,7801;0,831;0,1046;0,9323;0,3089;0,0471;0,514;0,1713;0,9948;0,8602;0,4452;0,8599;0,606;0,1332;0,4575;0,3567;0,0291;0,094;0,4566
,71,76,77,77,77
Fitness 19,71386, Gen ;0,2152;0,9106;0,7801;0,831;0,1046;0,9323;0,3089;0,0471;0,514;0,1713;0,9948;0,8602;0,4452;0,8599;0,606;0,1332;0,4575;0,3567;0,0291;0,094;0,4566
,67,67,67,68,68
Fitness 77,0285, Gen ;0,2152;0,9106;0,7801;0,831;0,1046;0,9323;0,3089;0,0471;0,514;0,1713;0,9948;0,8602;0,4452;0,8599;0,606;0,1332;0,4575;0,3567;0,0291;0,094;0,4566
,63,63,63,64,65
Fitness 39,35666, Gen ;0,2152;0,9106;0,7801;0,831;0,1046;0,9323;0,3089;0,0471;0,514;0,1713;0,9948;0,8602;0,4452;0,8599;0,606;0,1332;0,4575;0,3567;0,0291;0,094;0,4566
,48,48,49,50,50
Fitness 50,51526, Gen ;0,2152;0,9106;0,7801;0,831;0,1046;0,9323;0,3089;0,0471;0,514;0,1713;0,9948;0,8602;0,4452;0,8599;0,606;0,1332;0,4575;0,3567;0,0291;0,094;0,4566
,69,69,69,70,74
Fitness 55,1159, Gen ;0,2152;0,9106;0,7801;0,831;0,1046;0,9323;0,3089;0,0471;0,514;0,1713;0,9948;0,8602;0,4452;0,8599;0,606;0,1332;0,4575;0,3567;0,0291;0,094;0,4566
,54,55,63,63,74
Fitness 78,60246, Gen ;0,2152;0,9106;0,7801;0,831;0,1046;0,9323;0,3089;0,0471;0,514;0,1713;0,9948;0,8602;0,4452;0,8599;0,606;0,1332;0,4575;0,3567;0,0291;0,094;0,4566
,54,55,55,55,55
Fitness 43,46818, Gen ;0,2152;0,9106;0,7801;0,831;0,1046;0,9323;0,3089;0,0471;0,514;0,1713;0,9948;0,8602;0,4452;0,8599;0,606;0,1332;0,4575;0,3567;0,0291;0,094;0,4566
,46,47,47,47,47
Fitness 47,82588, Gen ;0,2152;0,9106;0,7801;0,831;0,1046;0,9323;0,3089;0,0471;0,514;0,1713;0,9948;0,8602;0,4452;0,8599;0,606;0,1332;0,4575;0,3567;0,0291;0,094;0,4566
,95,95,95,96,96
Fitness 69,5304, Gen ;0,2152;0,9106;0,7801;0,831;0,1046;0,9323;0,3089;0,0471;0,514;0,1713;0,9948;0,8602;0,4452;0,8599;0,606;0,1332;0,4575;0,3567;0,0291;0,094;0,4566
,80,80,80,80,85
Fitness 83,19492, Gen ;0,2152;0,9106;0,7801;0,831;0,1046;0,9323;0,3089;0,0471;0,514;0,1713;0,9948;0,8602;0,4452;0,8599;0,606;0,1332;0,4575;0,3567;0,0291;0,094;0,4566
,52,52,52,52,52
Fitness 21,25322, Gen ;0,2152;0,9106;0,7801;0,831;0,1046;0,9323;0,3089;0,0471;0,514;0,1713;0,9948;0,8602;0,4452;0,8599;0,606;0,1332;0,4575;0,3567;0,0291;0,094;0,4566
,48,48,48,48,48
Fitness 31,7592, Gen ;0,2152;0,9106;0,7801;0,831;0,1046;0,9323;0,3089;0,0471;0,514;0,1713;0,9948;0,8602;0,4452;0,8599;0,606;0,1332;0,4575;0,3567;0,0291;0,094;0,4566
,38,38,38,39,39
Fitness 75,16758, Gen ;0,2152;0,9106;0,7801;0,831;0,1046;0,9323;0,3089;0,0471;0,514;0,1713;0,9948;0,8602;0,4452;0,8599;0,606;0,1332;0,4575;0,3567;0,0291;0,094;0,4566
,75,76,76,76,84
Fitness 81,94437, Gen ;0,2152;0,9106;0,7801;0,831;0,1046;0,9323;0,3089;0,0471;0,514;0,1713;0,9948;0,8602;0,4452;0,8599;0,606;0,1332;0,4575;0,3567;0,0291;0,094;0,4566
,43,44,44,44,44
Fitness 100,6981, Gen ;0,2152;0,9106;0,7801;0,831;0,1046;0,9323;0,3089;0,0471;0,514;0,1713;0,9948;0,8602;0,4452;0,8599;0,606;0,1332;0,4575;0,3567;0,0291;0,094;0,4566
,64,65,65,65,65
Fitness 33,54756, Gen ;0,2152;0,9106;0,7801;0,831;0,1046;0,9323;0,3089;0,0471;0,514;0,1713;0,9948;0,8602;0,4452;0,8599;0,606;0,1332;0,4575;0,3567;0,0291;0,094;0,4566
,62,63,63,63,63
Fitness 89,98085, Gen ;0,2152;0,9106;0,7801;0,831;0,1046;0,9323;0,3089;0,0471;0,514;0,1713;0,9948;0,8602;0,4452;0,8599;0,606;0,1332;0,4575;0,3567;0,0291;0,094;0,4566
,52,52,52,53,53
Fitness 54,17392, Gen ;0,2152;0,9106;0,7801;0,831;0,1046;0,9323;0,3089;0,0471;0,514;0,1713;0,9948;0,8602;0,4452;0,8599;0,606;0,1332;0,4575;0,3567;0,0291;0,094;0,4566
,46,46,46,47,47
Fitness 56,95522, Gen ;0,2152;0,9106;0,7801;0,831;0,1046;0,9323;0,3089;0,0471;0,514;0,1713;0,9948;0,8602;0,4452;0,8599;0,606;0,1332;0,4575;0,3567;0,0291;0,094;0,4566
,48,48,49,49,49
Fitness 73,58761, Gen ;0,2152;0,9106;0,7801;0,831;0,1046;0,9323;0,3089;0,0471;0,514;0,1713;0,9948;0,8602;0,4452;0,8599;0,606;0,1332;0,4575;0,3567;0,0291;0,094;0,4566
,53,54,54,54,54
Fitness 84,76215, Gen ;0,2152;0,9106;0,7801;0,831;0,1046;0,9323;0,3089;0,0471;0,514;0,1713;0,9948;0,8602;0,4452;0,8599;0,606;0,1332;0,4575;0,3567;0,0291;0,094;0,4566
,114,117,118,134,140
Fitness 80,24213, Gen ;0,2152;0,9106;0,7801;0,831;0,1046;0,9323;0,3089;0,0471;0,514;0,1713;0,9948;0,8602;0,4452;0,8599;0,606;0,1332;0,4575;0,3567;0,0291;0,094;0,4566
,114,115,115,115,123
Fitness 70,79671, Gen ;0,2152;0,9106;0,7801;0,831;0,1046;0,9323;0,3089;0,0471;0,514;0,1713;0,9948;0,8602;0,4452;0,8599;0,606;0,1332;0,4575;0,3567;0,0291;0,094;0,4566
,93,93,93,93,100
Fitness 3,28466, Gen ;0,2152;0,9106;0,7801;0,831;0,1046;0,9323;0,3089;0,0471;0,514;0,1713;0,9948;0,8602;0,4452;0,8599;0,606;0,1332;0,4575;0,3567;0,0291;0,094;0,4566
,36,47,47,47,47
Fitness 7,496859, Gen ;0,2152;0,9106;0,7801;0,831;0,1046;0,9323;0,3089;0,0471;0,514;0,1713;0,9948;0,8602;0,4452;0,8599;0,606;0,1332;0,4575;0,3567;0,0291;0,094;0,4566
,43,43,43,43,44
Fitness 19,82467, Gen ;0,2152;0,9106;0,7801;0,831;0,1046;0,9323;0,3089;0,0471;0,514;0,1713;0,9948;0,8602;0,4452;0,8599;0,606;0,1332;0,4575;0,3567;0,0291;0,094;0,4566
,61,62,62,65,90
Fitness 84,67245, Gen ;0,2152;0,9106;0,7801;0,831;0,1046;0,9323;0,3089;0,0471;0,514;0,1713;0,9948;0,8602;0,4452;0,8599;0,606;0,1332;0,4575;0,3567;0,0291;0,094;0,4566
,77,78,78,78,78
Fitness 90,59797, Gen ;0,2152;0,9106;0,7801;0,831;0,1046;0,9323;0,3089;0,0471;0,514;0,1713;0,9948;0,8602;0,4452;0,8599;0,606;0,1332;0,4575;0,3567;0,0291;0,094;0,4566
,56,56,57,57,57
Fitness 32,31485, Gen ;0,2152;0,9106;0,7801;0,831;0,1046;0,9323;0,3089;0,0471;0,514;0,1713;0,9948;0,8602;0,4452;0,8599;0,606;0,1332;0,4575;0,3567;0,0291;0,094;0,4566
,58,58,59,59,59
Fitness 38,14172, Gen ;0,2152;0,9106;0,7801;0,831;0,1046;0,9323;0,3089;0,0471;0,514;0,1713;0,9948;0,8602;0,4452;0,8599;0,606;0,1332;0,4575;0,3567;0,0291;0,094;0,4566
,53,53,54,54,54
Fitness 66,79368, Gen ;0,2152;0,9106;0,7801;0,831;0,1046;0,9323;0,3089;0,0471;0,514;0,1713;0,9948;0,8602;0,4452;0,8599;0,606;0,1332;0,4575;0,3567;0,0291;0,094;0,4566
,61,62,62,62,62
