	50Stroembom ovc
	2 AI1 ovcarjev
Fitness 33,74978, Gen ;0,547;0,5054;0,5663;0,6789;0,015;0,2093;0,311;0,1761;0,6038;0,6664;0,8083;0,9861;0,352;0,0873;0,5647;0,4132;0,2953;0,3342;0,503;0,22;0,5016
,72,72,72,73,73,73,73,73,73,73,73,73,73,74,74,74,74,74,74,74,74,74,74,74,74,74,74,74,75,75,75,75,75,75,75,75,75,75,75,76,76,76,76,76,77,77,77,77,77,78
Fitness 38,32102, Gen ;0,547;0,5054;0,5663;0,6789;0,015;0,2093;0,311;0,1761;0,6038;0,6664;0,8083;0,9861;0,352;0,0873;0,5647;0,4132;0,2953;0,3342;0,503;0,22;0,5016
,66,66,67,67,67,67,67,67,68,68,68,68,68,68,68,68,68,68,68,69,69,69,69,69,69,69,69,69,69,69,69,70,70,70,70,70,70,70,70,71,71,71,71,71,71,71,71,72,72,72
Fitness 38,76836, Gen ;0,547;0,5054;0,5663;0,6789;0,015;0,2093;0,311;0,1761;0,6038;0,6664;0,8083;0,9861;0,352;0,0873;0,5647;0,4132;0,2953;0,3342;0,503;0,22;0,5016
,95,95,95,95,101,101,101,101,102,102,102,102,102,102,102,102,102,102,102,102,102,102,103,103,103,103,103,103,103,103,103,103,104,104,104,104,104,104,104,105,105,105,106,106,109,111,112,113,115,115
Fitness 39,26889, Gen ;0,547;0,5054;0,5663;0,6789;0,015;0,2093;0,311;0,1761;0,6038;0,6664;0,8083;0,9861;0,352;0,0873;0,5647;0,4132;0,2953;0,3342;0,503;0,22;0,5016
,71,72,72,72,72,72,72,72,72,73,73,73,73,73,73,73,73,73,73,73,73,73,73,74,74,74,74,74,74,74,74,74,74,74,75,75,75,75,75,75,75,75,76,76,76,76,76,77,77,77
Fitness 46,22071, Gen ;0,547;0,5054;0,5663;0,6789;0,015;0,2093;0,311;0,1761;0,6038;0,6664;0,8083;0,9861;0,352;0,0873;0,5647;0,4132;0,2953;0,3342;0,503;0,22;0,5016
,83,83,84,84,84,84,84,84,84,84,85,85,85,85,85,85,85,85,85,85,85,85,85,86,86,86,86,86,86,86,86,86,86,86,86,87,87,87,87,87,87,87,87,87,87,87,88,88,88,89
Fitness 11,56229, Gen ;0,547;0,5054;0,5663;0,6789;0,015;0,2093;0,311;0,1761;0,6038;0,6664;0,8083;0,9861;0,352;0,0873;0,5647;0,4132;0,2953;0,3342;0,503;0,22;0,5016
,88,88,88,88,88,88,89,89,89,89,89,89,89,89,89,89,89,89,90,90,90,90,90,90,90,90,90,90,90,90,90,90,91,91,91,91,91,91,91,91,91,91,91,91,91,91,92,92,92,92
Fitness 39,89464, Gen ;0,547;0,5054;0,5663;0,6789;0,015;0,2093;0,311;0,1761;0,6038;0,6664;0,8083;0,9861;0,352;0,0873;0,5647;0,4132;0,2953;0,3342;0,503;0,22;0,5016
,133,133,151,151,152,152,152,152,152,152,152,152,152,152,153,153,153,153,153,153,153,153,153,154,154,154,154,154,154,154,154,155,155,155,155,155,156,156,156,156,157,157,157,158,158,158,159,168,170,171
Fitness 27,90724, Gen ;0,547;0,5054;0,5663;0,6789;0,015;0,2093;0,311;0,1761;0,6038;0,6664;0,8083;0,9861;0,352;0,0873;0,5647;0,4132;0,2953;0,3342;0,503;0,22;0,5016
,119,119,120,120,120,122,122,122,122,122,125,126,126,126,126,126,126,126,126,127,127,127,127,127,127,127,127,127,127,127,128,128,128,128,128,128,128,128,128,128,128,128,128,128,129,129,129,129,130,130
Fitness 24,58856, Gen ;0,547;0,5054;0,5663;0,6789;0,015;0,2093;0,311;0,1761;0,6038;0,6664;0,8083;0,9861;0,352;0,0873;0,5647;0,4132;0,2953;0,3342;0,503;0,22;0,5016
,101,101,101,101,102,102,102,102,102,102,102,102,102,102,102,102,103,103,103,103,103,103,103,103,104,104,104,104,104,104,104,104,104,104,104,104,104,104,105,105,105,105,105,105,106,106,106,106,106,106
Fitness 0,07836536, Gen ;0,547;0,5054;0,5663;0,6789;0,015;0,2093;0,311;0,1761;0,6038;0,6664;0,8083;0,9861;0,352;0,0873;0,5647;0,4132;0,2953;0,3342;0,503;0,22;0,5016
,87,87,87,88,88,88,88,88,88,88,88,88,88,89,89,89,89,89,89,89,89,89,89,89,89,89,90,90,90,90,90,90,90,90,90,90,90,91,91,91,91,91,91,91,91,91,92,92,92,92
Fitness 4,814674, Gen ;0,547;0,5054;0,5663;0,6789;0,015;0,2093;0,311;0,1761;0,6038;0,6664;0,8083;0,9861;0,352;0,0873;0,5647;0,4132;0,2953;0,3342;0,503;0,22;0,5016

Fitness 14,6292, Gen ;0,547;0,5054;0,5663;0,6789;0,015;0,2093;0,311;0,1761;0,6038;0,6664;0,8083;0,9861;0,352;0,0873;0,5647;0,4132;0,2953;0,3342;0,503;0,22;0,5016
,86,86,87,87,87,87,87,87,88,88,88,88,88,88,88,88,88,88,88,88,88,89,89,89,89,89,89,89,89,89,89,89,89,89,90,90,90,90,90,90,90,90,90,90,90,90,91,91,91,91
Fitness 25,01358, Gen ;0,547;0,5054;0,5663;0,6789;0,015;0,2093;0,311;0,1761;0,6038;0,6664;0,8083;0,9861;0,352;0,0873;0,5647;0,4132;0,2953;0,3342;0,503;0,22;0,5016
,70,70,70,70,71,71,71,71,71,71,71,71,71,71,72,72,72,72,72,72,72,72,72,72,72,72,72,72,73,73,73,73,73,73,73,73,73,73,74,74,74,74,74,75,75,75,75,75,76,76
Fitness 0,0001861567, Gen ;0,547;0,5054;0,5663;0,6789;0,015;0,2093;0,311;0,1761;0,6038;0,6664;0,8083;0,9861;0,352;0,0873;0,5647;0,4132;0,2953;0,3342;0,503;0,22;0,5016
,71,72,72,72,72,72,72,72,73,73,73,73,73,73,73,73,73,73,73,73,73,73,73,73,74,74,74,74,74,74,74,74,74,74,74,74,75,75,75,75,75,75,75,75,76,76,76,76,76,76
Fitness 25,5018, Gen ;0,547;0,5054;0,5663;0,6789;0,015;0,2093;0,311;0,1761;0,6038;0,6664;0,8083;0,9861;0,352;0,0873;0,5647;0,4132;0,2953;0,3342;0,503;0,22;0,5016
,92,92,93,93,93,93,93,93,93,94,94,94,94,94,94,94,94,94,94,94,94,94,94,95,95,95,95,95,95,95,95,95,96,96,96,96,96,96,96,96,96,96,97,97,97,97,97,98,98,98
Fitness 41,53971, Gen ;0,547;0,5054;0,5663;0,6789;0,015;0,2093;0,311;0,1761;0,6038;0,6664;0,8083;0,9861;0,352;0,0873;0,5647;0,4132;0,2953;0,3342;0,503;0,22;0,5016
,75,76,76,76,76,76,76,76,77,77,77,77,77,77,77,77,77,77,77,77,77,78,78,78,78,78,78,78,78,78,78,78,79,79,79,79,79,79,79,79,80,80,80,80,81,81,81,81,81,82
Fitness 40,45311, Gen ;0,547;0,5054;0,5663;0,6789;0,015;0,2093;0,311;0,1761;0,6038;0,6664;0,8083;0,9861;0,352;0,0873;0,5647;0,4132;0,2953;0,3342;0,503;0,22;0,5016
,113,113,113,113,113,113,113,114,114,114,114,114,114,114,114,114,114,115,115,115,115,115,115,115,115,115,115,115,115,115,115,116,116,116,116,116,116,116,116,116,116,116,117,117,117,117,118,118,119,139
Fitness 20,24251, Gen ;0,547;0,5054;0,5663;0,6789;0,015;0,2093;0,311;0,1761;0,6038;0,6664;0,8083;0,9861;0,352;0,0873;0,5647;0,4132;0,2953;0,3342;0,503;0,22;0,5016
,64,64,64,64,65,65,65,65,65,65,65,65,65,65,66,66,66,66,66,66,66,66,66,66,66,66,66,66,66,67,67,67,67,67,67,67,67,67,67,68,68,68,68,68,68,69,69,69,69,69
Fitness 34,77073, Gen ;0,547;0,5054;0,5663;0,6789;0,015;0,2093;0,311;0,1761;0,6038;0,6664;0,8083;0,9861;0,352;0,0873;0,5647;0,4132;0,2953;0,3342;0,503;0,22;0,5016
,79,80,80,80,80,80,80,80,80,80,80,80,81,81,81,81,81,81,81,81,81,81,81,81,81,82,82,82,82,82,82,82,82,83,83,83,83,83,83,83,83,83,84,84,84,84,84,84,85,85
Fitness 3,876782, Gen ;0,547;0,5054;0,5663;0,6789;0,015;0,2093;0,311;0,1761;0,6038;0,6664;0,8083;0,9861;0,352;0,0873;0,5647;0,4132;0,2953;0,3342;0,503;0,22;0,5016
,89,89,89,89,89,89,89,90,90,90,90,90,90,90,90,90,90,90,90,90,91,91,91,91,91,91,91,91,91,91,91,91,91,91,92,92,92,92,92,92,92,92,93,93,93,93,93,94,94,94
Fitness 49,37265, Gen ;0,547;0,5054;0,5663;0,6789;0,015;0,2093;0,311;0,1761;0,6038;0,6664;0,8083;0,9861;0,352;0,0873;0,5647;0,4132;0,2953;0,3342;0,503;0,22;0,5016
,158,158,159,159,159,160,160,179
Fitness 31,48239, Gen ;0,547;0,5054;0,5663;0,6789;0,015;0,2093;0,311;0,1761;0,6038;0,6664;0,8083;0,9861;0,352;0,0873;0,5647;0,4132;0,2953;0,3342;0,503;0,22;0,5016

Fitness 23,29097, Gen ;0,547;0,5054;0,5663;0,6789;0,015;0,2093;0,311;0,1761;0,6038;0,6664;0,8083;0,9861;0,352;0,0873;0,5647;0,4132;0,2953;0,3342;0,503;0,22;0,5016

Fitness 0,0003562071, Gen ;0,547;0,5054;0,5663;0,6789;0,015;0,2093;0,311;0,1761;0,6038;0,6664;0,8083;0,9861;0,352;0,0873;0,5647;0,4132;0,2953;0,3342;0,503;0,22;0,5016
,76,76,76,76,76,77,77,77,77,77,77,77,77,77,77,77,77,77,78,78,78,78,78,78,78,78,78,78,78,78,79,79,79,79,79,79,79,79,79,79,79,79,80,80,80,80,80,80,81,81
Fitness 0,0001715388, Gen ;0,547;0,5054;0,5663;0,6789;0,015;0,2093;0,311;0,1761;0,6038;0,6664;0,8083;0,9861;0,352;0,0873;0,5647;0,4132;0,2953;0,3342;0,503;0,22;0,5016
,131,132,150,150,150,151,151,151,151,151,151,151,151,151,152,152,152,152,152,152,153,153,153,153,153,154,154,154
Fitness 0,0002936104, Gen ;0,547;0,5054;0,5663;0,6789;0,015;0,2093;0,311;0,1761;0,6038;0,6664;0,8083;0,9861;0,352;0,0873;0,5647;0,4132;0,2953;0,3342;0,503;0,22;0,5016
,94,94,94,94,94,95,95,95,95,95,95,95,95,95,95,95,95,95,96,96,96,96,96,96,96,96,96,96,96,96,96,97,97,97,97,97,97,97,97,97,97,98,98,98,98,98,98,99,99,99
Fitness 35,50397, Gen ;0,547;0,5054;0,5663;0,6789;0,015;0,2093;0,311;0,1761;0,6038;0,6664;0,8083;0,9861;0,352;0,0873;0,5647;0,4132;0,2953;0,3342;0,503;0,22;0,5016
,90,90,90,90,90,91,91,91,91,91,91,91,91,91,91,92,92,92,92,92,92,92,92,92,92,92,92,93,93,93,93,93,93,93,93,93,93,93,93,93,93,94,94,94,94,94,94,94,94,94
Fitness 0,0004112926, Gen ;0,547;0,5054;0,5663;0,6789;0,015;0,2093;0,311;0,1761;0,6038;0,6664;0,8083;0,9861;0,352;0,0873;0,5647;0,4132;0,2953;0,3342;0,503;0,22;0,5016
,71,71,71,71,71,72,72,72,72,72,72,72,72,72,72,72,72,73,73,73,73,73,73,73,73,73,73,73,73,73,73,74,74,74,74,74,74,74,74,75,75,75,75,75,76,76,76,77,79,80
Fitness 19,55849, Gen ;0,547;0,5054;0,5663;0,6789;0,015;0,2093;0,311;0,1761;0,6038;0,6664;0,8083;0,9861;0,352;0,0873;0,5647;0,4132;0,2953;0,3342;0,503;0,22;0,5016
,99,100,100,100,100,100,100,100,101,101,101,101,101,101,101,101,101,101,102,102,102,102,102,102,102,102,102,102,102,103,103,103,103,103,103,103,103,103,103,103,103,103,103,104,104,104,104,105,105,105
Fitness 22,85505, Gen ;0,547;0,5054;0,5663;0,6789;0,015;0,2093;0,311;0,1761;0,6038;0,6664;0,8083;0,9861;0,352;0,0873;0,5647;0,4132;0,2953;0,3342;0,503;0,22;0,5016
,100,100,101,101,101,101,101,101,101,101,102,102,102,102,102,102,102,102,102,102,102,102,103,103,103,103,103,103,103,103,103,103,104,104,104,104,104,104,104,105,105,105,105,106,106,106,106,106,106,166
Fitness 37,76831, Gen ;0,547;0,5054;0,5663;0,6789;0,015;0,2093;0,311;0,1761;0,6038;0,6664;0,8083;0,9861;0,352;0,0873;0,5647;0,4132;0,2953;0,3342;0,503;0,22;0,5016
,96,96,96,97,97,97,97,97,97,97,97,97,97,97,97,97,97,98,98,98,98,98,98,98,98,98,98,98,98,99,99,99,99,99,99,99,99,100,100,100,100,100,100,101,101,101,102,102,103,104
Fitness 15,60789, Gen ;0,547;0,5054;0,5663;0,6789;0,015;0,2093;0,311;0,1761;0,6038;0,6664;0,8083;0,9861;0,352;0,0873;0,5647;0,4132;0,2953;0,3342;0,503;0,22;0,5016
,90,90,91,91,91,91,91,91,91,91,91,91,92,92,92,92,92,92,92,92,92,92,92,92,92,93,93,93,93,93,93,93,93,93,94,94,94,94,94,94,94,94,95,95,95,95,95,96,96,97
Fitness 0,5273286, Gen ;0,547;0,5054;0,5663;0,6789;0,015;0,2093;0,311;0,1761;0,6038;0,6664;0,8083;0,9861;0,352;0,0873;0,5647;0,4132;0,2953;0,3342;0,503;0,22;0,5016
,138,138,138,139,139,139,146,147,147,147,147,147,147,148,148,148,148,148,148,148,148,149,149,149,149,149,149,149,149,149,150,150,150,150,150,150,150,150,150,150,151,151,151,151,152,152,152,152,153,154
Fitness 16,79414, Gen ;0,547;0,5054;0,5663;0,6789;0,015;0,2093;0,311;0,1761;0,6038;0,6664;0,8083;0,9861;0,352;0,0873;0,5647;0,4132;0,2953;0,3342;0,503;0,22;0,5016
,74,74,74,75,75,75,75,75,75,75,75,75,75,75,76,76,76,76,76,76,76,76,76,76,76,76,76,76,76,77,77,77,77,77,77,77,77,77,77,77,77,77,78,78,78,78,78,79,79,79
Fitness 21,54957, Gen ;0,547;0,5054;0,5663;0,6789;0,015;0,2093;0,311;0,1761;0,6038;0,6664;0,8083;0,9861;0,352;0,0873;0,5647;0,4132;0,2953;0,3342;0,503;0,22;0,5016
,83,84,84,84,84,85,85,85,85,85,85,85,85,85,85,85,85,85,86,86,86,86,86,86,86,86,86,86,86,86,87,87,87,87,87,87,87,87,88,88,88,88,88,89,89,90,90,90,97,98
Fitness 0,7866655, Gen ;0,547;0,5054;0,5663;0,6789;0,015;0,2093;0,311;0,1761;0,6038;0,6664;0,8083;0,9861;0,352;0,0873;0,5647;0,4132;0,2953;0,3342;0,503;0,22;0,5016
,76,76,76,77,77,77,77,77,77,77,77,77,77,78,78,78,78,78,78,78,78,78,78,78,78,78,79,79,79,79,79,79,79,79,79,80,80,80,80,80,80,80,80,80,81,81,81,81,81,82
Fitness 37,78374, Gen ;0,547;0,5054;0,5663;0,6789;0,015;0,2093;0,311;0,1761;0,6038;0,6664;0,8083;0,9861;0,352;0,0873;0,5647;0,4132;0,2953;0,3342;0,503;0,22;0,5016
,65,65,65,65,65,65,66,66,66,66,66,66,66,66,66,66,66,66,66,66,66,67,67,67,67,67,67,67,67,67,67,67,67,67,67,68,68,68,68,68,68,68,68,68,68,69,69,69,69,69
Fitness 22,01463, Gen ;0,547;0,5054;0,5663;0,6789;0,015;0,2093;0,311;0,1761;0,6038;0,6664;0,8083;0,9861;0,352;0,0873;0,5647;0,4132;0,2953;0,3342;0,503;0,22;0,5016
,122,126,127,127,127,127,128,128,128,128,128,128,128,128,128,129,129,129,129,129,129,129,129,129,129,129,129,129,130,130,130,130,130,130,130,130,130,131,131,131,131,131,131,131,131,132,132,132,132,133
Fitness 34,81852, Gen ;0,547;0,5054;0,5663;0,6789;0,015;0,2093;0,311;0,1761;0,6038;0,6664;0,8083;0,9861;0,352;0,0873;0,5647;0,4132;0,2953;0,3342;0,503;0,22;0,5016
,79,79,80,80,80,80,80,80,80,80,80,80,81,81,81,81,81,81,81,81,81,81,81,82,82,82,82,82,82,82,82,82,82,82,83,83,83,83,83,83,83,83,83,84,84,85,85,85,111,111
Fitness 49,09268, Gen ;0,547;0,5054;0,5663;0,6789;0,015;0,2093;0,311;0,1761;0,6038;0,6664;0,8083;0,9861;0,352;0,0873;0,5647;0,4132;0,2953;0,3342;0,503;0,22;0,5016
,102,102,102,102,102,102,103,103,103,103,103,103,103,103,103,103,103,104,104,104,104,104,104,104,104,104,104,104,104,105,105,105,105,105,105,105,105,105,105,105,105,105,105,106,106,106,106,106,106,106
Fitness 3,994613, Gen ;0,547;0,5054;0,5663;0,6789;0,015;0,2093;0,311;0,1761;0,6038;0,6664;0,8083;0,9861;0,352;0,0873;0,5647;0,4132;0,2953;0,3342;0,503;0,22;0,5016
,84,84,84,84,84,84,84,84,85,85,85,85,85,85,85,85,85,85,85,85,85,86,86,86,86,86,86,86,86,86,87,87,87,87,87,87,87,87,87,87,88,88,88,88,89,89,89,89,89,89
Fitness 16,26051, Gen ;0,547;0,5054;0,5663;0,6789;0,015;0,2093;0,311;0,1761;0,6038;0,6664;0,8083;0,9861;0,352;0,0873;0,5647;0,4132;0,2953;0,3342;0,503;0,22;0,5016
,168,179
Fitness 14,55518, Gen ;0,547;0,5054;0,5663;0,6789;0,015;0,2093;0,311;0,1761;0,6038;0,6664;0,8083;0,9861;0,352;0,0873;0,5647;0,4132;0,2953;0,3342;0,503;0,22;0,5016
,135,135,135,135,157,158,158,158,158,159,162,162,162,162,165,165,166,166,166,166,169,172,175
Fitness 27,49386, Gen ;0,547;0,5054;0,5663;0,6789;0,015;0,2093;0,311;0,1761;0,6038;0,6664;0,8083;0,9861;0,352;0,0873;0,5647;0,4132;0,2953;0,3342;0,503;0,22;0,5016
,63,64,64,64,64,64,64,64,65,65,65,65,65,65,65,65,65,65,65,65,65,65,66,66,66,66,66,66,66,66,66,66,66,66,67,67,67,67,67,67,67,67,67,67,67,68,68,68,68,68
Fitness 0,0003489141, Gen ;0,547;0,5054;0,5663;0,6789;0,015;0,2093;0,311;0,1761;0,6038;0,6664;0,8083;0,9861;0,352;0,0873;0,5647;0,4132;0,2953;0,3342;0,503;0,22;0,5016
,84,84,84,84,84,85,85,85,85,85,85,85,85,85,85,86,86,86,86,86,86,86,86,86,86,87,87,87,87,87,87,87,87,87,88,88,88,88,88,88,88,88,88,88,89,89,89,90,90,90
Fitness 0,0005833703, Gen ;0,547;0,5054;0,5663;0,6789;0,015;0,2093;0,311;0,1761;0,6038;0,6664;0,8083;0,9861;0,352;0,0873;0,5647;0,4132;0,2953;0,3342;0,503;0,22;0,5016
,131,131,131,136,136,136,136,136,137,137,137,137,142,142,143,143,143,143,144,144,144,144,144,144,145,145,145,145,145,145,146,146,146,146,147,147,147,147,147,148,148,149,149,149,149,150,150,151,151,152
Fitness 50,75938, Gen ;0,547;0,5054;0,5663;0,6789;0,015;0,2093;0,311;0,1761;0,6038;0,6664;0,8083;0,9861;0,352;0,0873;0,5647;0,4132;0,2953;0,3342;0,503;0,22;0,5016
,82,82,82,82,82,82,83,83,83,83,83,83,83,83,83,83,83,83,83,84,84,84,84,84,84,84,84,84,84,84,84,85,85,85,85,85,85,85,85,85,85,85,85,85,85,86,86,86,87,87
Fitness 26,99336, Gen ;0,547;0,5054;0,5663;0,6789;0,015;0,2093;0,311;0,1761;0,6038;0,6664;0,8083;0,9861;0,352;0,0873;0,5647;0,4132;0,2953;0,3342;0,503;0,22;0,5016
,95,95,95,96,96,96,96,96,96,96,96,96,96,96,97,97,97,97,97,97,97,97,97,97,97,97,97,98,98,98,98,98,98,98,98,98,98,98,98,98,99,99,99,99,100,100,100,100,100,100
Fitness 0,9901364, Gen ;0,547;0,5054;0,5663;0,6789;0,015;0,2093;0,311;0,1761;0,6038;0,6664;0,8083;0,9861;0,352;0,0873;0,5647;0,4132;0,2953;0,3342;0,503;0,22;0,5016
,134,134,134,134,134,134,135,135,135,135,135,135,135,135,135,135,135,135,135,136,136,136,136,136,136,136,136,136,136,136,136,136,137,137,137,137,137,137,137,137,137,137,137,137,137,137,138,138,138,138
Fitness 29,80721, Gen ;0,547;0,5054;0,5663;0,6789;0,015;0,2093;0,311;0,1761;0,6038;0,6664;0,8083;0,9861;0,352;0,0873;0,5647;0,4132;0,2953;0,3342;0,503;0,22;0,5016
,98,98,98,99,102,113,113,113,114,114,114,114,114,115,115,115,115,115,116,116,116,117,117,118,119,120,121,121,125,125,125,126
Fitness 18,52742, Gen ;0,547;0,5054;0,5663;0,6789;0,015;0,2093;0,311;0,1761;0,6038;0,6664;0,8083;0,9861;0,352;0,0873;0,5647;0,4132;0,2953;0,3342;0,503;0,22;0,5016
,93,94,94,94,94,94,94,95,95,95,95,95,95,95,95,95,95,95,95,96,96,96,96,96,96,96,96,96,96,96,97,97,97,97,97,97,97,97,97,97,97,97,97,98,98,98,98,98,98,133
Fitness 2,70281, Gen ;0,547;0,5054;0,5663;0,6789;0,015;0,2093;0,311;0,1761;0,6038;0,6664;0,8083;0,9861;0,352;0,0873;0,5647;0,4132;0,2953;0,3342;0,503;0,22;0,5016
,97,98,98,98,98,98,98,98,98,99,99,99,99,99,99,99,99,99,99,99,99,100,100,100,100,100,100,100,100,100,100,100,100,100,100,101,101,101,101,101,101,101,101,101,101,102,102,102,102,102
Fitness 0,0002121455, Gen ;0,547;0,5054;0,5663;0,6789;0,015;0,2093;0,311;0,1761;0,6038;0,6664;0,8083;0,9861;0,352;0,0873;0,5647;0,4132;0,2953;0,3342;0,503;0,22;0,5016
,66,66,67,67,67,67,67,67,67,68,68,68,68,68,68,68,68,68,69,69,69,69,69,69,69,69,69,69,69,69,70,70,70,70,70,70,71,71,71,71,71,72,73,73,74,74,74,75,75,76
Fitness 6,341126, Gen ;0,547;0,5054;0,5663;0,6789;0,015;0,2093;0,311;0,1761;0,6038;0,6664;0,8083;0,9861;0,352;0,0873;0,5647;0,4132;0,2953;0,3342;0,503;0,22;0,5016
,93,93,94,94,94,94,94,94,94,94,94,94,95,95,95,95,95,95,95,95,95,95,95,95,95,95,95,95,95,95,95,96,96,96,96,96,96,96,96,96,97,97,97,97,97,97,97,97,97,97
Fitness 17,31196, Gen ;0,547;0,5054;0,5663;0,6789;0,015;0,2093;0,311;0,1761;0,6038;0,6664;0,8083;0,9861;0,352;0,0873;0,5647;0,4132;0,2953;0,3342;0,503;0,22;0,5016

Fitness 42,46819, Gen ;0,547;0,5054;0,5663;0,6789;0,015;0,2093;0,311;0,1761;0,6038;0,6664;0,8083;0,9861;0,352;0,0873;0,5647;0,4132;0,2953;0,3342;0,503;0,22;0,5016
,96,96,96,96,96,97,97,97,97,97,97,97,97,97,97,97,98,98,98,98,98,98,98,98,98,98,98,98,99,99,99,99,99,99,99,99,99,99,99,99,100,100,100,100,100,100,101,101,102,103
Fitness 20,51835, Gen ;0,547;0,5054;0,5663;0,6789;0,015;0,2093;0,311;0,1761;0,6038;0,6664;0,8083;0,9861;0,352;0,0873;0,5647;0,4132;0,2953;0,3342;0,503;0,22;0,5016
,89,107,107,107,107,107,107,108,108,128,128,129,129,129,129,129,129,129,129,129,129,130,130,130,130,130,130,130,130,130,131,131,131,131,131,131,131,131,131,133,133,133,134,134,135,135,138,140,141,141
Fitness 0,0002479963, Gen ;0,547;0,5054;0,5663;0,6789;0,015;0,2093;0,311;0,1761;0,6038;0,6664;0,8083;0,9861;0,352;0,0873;0,5647;0,4132;0,2953;0,3342;0,503;0,22;0,5016
,90,90,90,91,91,91,91,91,91,91,91,91,92,92,92,92,92,92,92,92,92,92,92,92,92,93,93,93,93,93,93,93,93,93,93,94,94,94,94,94,94,94,95,95,95,95,96,96,96,97
Fitness 17,35447, Gen ;0,547;0,5054;0,5663;0,6789;0,015;0,2093;0,311;0,1761;0,6038;0,6664;0,8083;0,9861;0,352;0,0873;0,5647;0,4132;0,2953;0,3342;0,503;0,22;0,5016
,67,68,68,68,68,68,68,69,69,69,69,69,69,69,69,69,69,69,69,69,70,70,70,70,70,70,70,70,70,70,70,70,70,71,71,71,71,71,71,71,71,71,71,71,71,72,72,72,72,73
Fitness 2,842725, Gen ;0,547;0,5054;0,5663;0,6789;0,015;0,2093;0,311;0,1761;0,6038;0,6664;0,8083;0,9861;0,352;0,0873;0,5647;0,4132;0,2953;0,3342;0,503;0,22;0,5016
,83,83,83,83,83,84,84,84,84,84,84,84,84,84,84,84,84,85,85,85,85,85,85,85,85,85,85,85,85,86,86,86,86,86,86,86,86,86,86,86,86,86,87,87,87,87,88,88,88,88
Fitness 21,44631, Gen ;0,547;0,5054;0,5663;0,6789;0,015;0,2093;0,311;0,1761;0,6038;0,6664;0,8083;0,9861;0,352;0,0873;0,5647;0,4132;0,2953;0,3342;0,503;0,22;0,5016
,96,97,97,97,97,97,97,97,98,98,98,98,98,98,98,98,98,98,98,99,99,99,99,99,99,99,99,99,99,100,100,100,100,100,100,101,101,101,101,101,101,102,102,102,102,103,103,103,104,105
Fitness 45,07318, Gen ;0,547;0,5054;0,5663;0,6789;0,015;0,2093;0,311;0,1761;0,6038;0,6664;0,8083;0,9861;0,352;0,0873;0,5647;0,4132;0,2953;0,3342;0,503;0,22;0,5016
,90,90,90,90,90,91,91,91,91,91,91,91,92,92,92,92,92,92,92,92,92,92,92,92,92,93,93,93,93,93,93,93,93,93,93,93,94,94,94,94,94,94,94,94,94,95,95,95,95,95
Fitness 28,44811, Gen ;0,547;0,5054;0,5663;0,6789;0,015;0,2093;0,311;0,1761;0,6038;0,6664;0,8083;0,9861;0,352;0,0873;0,5647;0,4132;0,2953;0,3342;0,503;0,22;0,5016
,94,95,95,95,95,95,95,96,96,96,96,96,96,96,96,96,96,96,96,96,96,97,97,97,97,97,97,97,97,97,97,97,97,98,98,98,98,98,98,98,98,98,98,98,98,99,99,99,99,100
Fitness 16,18313, Gen ;0,547;0,5054;0,5663;0,6789;0,015;0,2093;0,311;0,1761;0,6038;0,6664;0,8083;0,9861;0,352;0,0873;0,5647;0,4132;0,2953;0,3342;0,503;0,22;0,5016
,83,108,108,109,109,109,109,109,110,110,110,110,110,110,111,111,111,111,111,111,111,111,112,112,112,112,112,112,112,113,113,114,114,114,114,114,114,114,115,116,116,116,116,117,117,117,118,118,119,125
Fitness 22,23275, Gen ;0,547;0,5054;0,5663;0,6789;0,015;0,2093;0,311;0,1761;0,6038;0,6664;0,8083;0,9861;0,352;0,0873;0,5647;0,4132;0,2953;0,3342;0,503;0,22;0,5016
,143,143,144,144,144,144,144,144,144,146,149,149,151,151,151,152,152,153,153,154,154,154,154,154,155,155,155,155,155,156,156,156,156,156,156,157,157,157,157,157,157,157,158,158,158,158,159,159,159
Fitness 18,95601, Gen ;0,547;0,5054;0,5663;0,6789;0,015;0,2093;0,311;0,1761;0,6038;0,6664;0,8083;0,9861;0,352;0,0873;0,5647;0,4132;0,2953;0,3342;0,503;0,22;0,5016
,66,66,66,67,67,67,67,67,67,67,67,67,67,68,68,68,68,68,68,68,68,68,68,68,68,68,68,69,69,69,69,69,69,69,69,69,69,69,69,69,69,69,69,69,69,70,70,70,70,70
Fitness 7,103274, Gen ;0,547;0,5054;0,5663;0,6789;0,015;0,2093;0,311;0,1761;0,6038;0,6664;0,8083;0,9861;0,352;0,0873;0,5647;0,4132;0,2953;0,3342;0,503;0,22;0,5016
,149,149,150,150,150,150,150,150,150,150,150,150,150,151,151,151,151,151,151,151,151,151,151,151,151,151,151,151,152,152,152,152,152,152,152,152,152,152,152,153,153,153,153,153,153,153,153,153,154,165
Fitness 5,960251E-05, Gen ;0,547;0,5054;0,5663;0,6789;0,015;0,2093;0,311;0,1761;0,6038;0,6664;0,8083;0,9861;0,352;0,0873;0,5647;0,4132;0,2953;0,3342;0,503;0,22;0,5016
,68,68,68,68,68,68,68,68,69,69,69,69,69,69,69,69,69,69,69,69,69,69,70,70,70,70,70,70,70,70,70,70,70,70,70,71,71,71,71,71,71,71,71,71,71,71,71,72,72,72
Fitness 47,79312, Gen ;0,547;0,5054;0,5663;0,6789;0,015;0,2093;0,311;0,1761;0,6038;0,6664;0,8083;0,9861;0,352;0,0873;0,5647;0,4132;0,2953;0,3342;0,503;0,22;0,5016
,79,79,79,79,79,80,80,80,80,80,80,80,80,80,80,80,80,81,81,81,81,81,81,81,81,81,81,81,81,82,82,82,82,82,82,82,82,82,83,83,83,83,83,83,84,84,84,84,84,85
Fitness 0,2408669, Gen ;0,547;0,5054;0,5663;0,6789;0,015;0,2093;0,311;0,1761;0,6038;0,6664;0,8083;0,9861;0,352;0,0873;0,5647;0,4132;0,2953;0,3342;0,503;0,22;0,5016
,73,74,74,74,74,74,74,74,74,74,75,75,75,75,75,75,75,75,75,75,75,75,75,75,76,76,76,76,76,76,76,76,76,76,76,77,77,77,77,77,77,77,77,77,78,78,78,78,78,78
Fitness 45,76311, Gen ;0,547;0,5054;0,5663;0,6789;0,015;0,2093;0,311;0,1761;0,6038;0,6664;0,8083;0,9861;0,352;0,0873;0,5647;0,4132;0,2953;0,3342;0,503;0,22;0,5016
,90,90,90,90,91,91,91,91,91,91,91,91,91,92,92,92,92,92,92,92,92,92,92,92,92,93,93,93,93,93,93,93,93,93,93,94,94,94,94,94,94,94,95,95,95,95,95,96,96,96
Fitness 31,72303, Gen ;0,547;0,5054;0,5663;0,6789;0,015;0,2093;0,311;0,1761;0,6038;0,6664;0,8083;0,9861;0,352;0,0873;0,5647;0,4132;0,2953;0,3342;0,503;0,22;0,5016
,93,93,93,93,93,94,94,94,94,94,94,94,94,94,94,95,95,95,95,95,95,95,95,95,95,95,95,96,96,96,96,96,96,96,96,96,96,97,97,97,97,97,97,97,97,97,97,98,98,98
Fitness 38,34359, Gen ;0,547;0,5054;0,5663;0,6789;0,015;0,2093;0,311;0,1761;0,6038;0,6664;0,8083;0,9861;0,352;0,0873;0,5647;0,4132;0,2953;0,3342;0,503;0,22;0,5016
,174,174,174,175,175
Fitness 21,5053, Gen ;0,547;0,5054;0,5663;0,6789;0,015;0,2093;0,311;0,1761;0,6038;0,6664;0,8083;0,9861;0,352;0,0873;0,5647;0,4132;0,2953;0,3342;0,503;0,22;0,5016
,64,65,65,65,65,65,65,65,65,65,65,65,65,65,65,66,66,66,66,66,66,66,66,66,66,66,66,67,67,67,67,67,67,67,67,67,67,67,67,68,68,68,68,68,68,68,69,69,69,69
Fitness 20,15537, Gen ;0,547;0,5054;0,5663;0,6789;0,015;0,2093;0,311;0,1761;0,6038;0,6664;0,8083;0,9861;0,352;0,0873;0,5647;0,4132;0,2953;0,3342;0,503;0,22;0,5016
,79,79,79,79,80,80,80,80,80,80,80,80,80,80,80,80,80,80,81,81,81,81,81,81,81,81,81,81,81,81,81,81,82,82,82,82,82,82,82,82,82,82,82,83,83,83,83,83,84,84
Fitness 0,0005284297, Gen ;0,547;0,5054;0,5663;0,6789;0,015;0,2093;0,311;0,1761;0,6038;0,6664;0,8083;0,9861;0,352;0,0873;0,5647;0,4132;0,2953;0,3342;0,503;0,22;0,5016
,113,113,113,113,113,113,113,114,114,114,114,114,114,114,114,114,114,114,114,114,115,115,115,115,115,115,115,115,115,115,115,115,116,116,116,116,116,116,116,116,116,116,116,116,116,117,117,117,117,118
Fitness 49,48533, Gen ;0,547;0,5054;0,5663;0,6789;0,015;0,2093;0,311;0,1761;0,6038;0,6664;0,8083;0,9861;0,352;0,0873;0,5647;0,4132;0,2953;0,3342;0,503;0,22;0,5016
,120,121,121,121,122,122,122,122,122,122,123,123,123,123,123,123,123,123,123,123,124,124,124,124,124,124,124,124,124,124,125,125,125,125,125,125,125,125,127,132,132,132,133,133,133,134,134,135,135,135
Fitness 32,74326, Gen ;0,547;0,5054;0,5663;0,6789;0,015;0,2093;0,311;0,1761;0,6038;0,6664;0,8083;0,9861;0,352;0,0873;0,5647;0,4132;0,2953;0,3342;0,503;0,22;0,5016
,86,86,86,86,87,87,87,87,87,87,87,87,87,87,87,88,88,88,88,88,88,88,88,88,88,88,88,88,88,89,89,89,89,89,89,89,89,89,90,90,90,90,90,91,91,91,91,91,92,92
Fitness 8,920517, Gen ;0,547;0,5054;0,5663;0,6789;0,015;0,2093;0,311;0,1761;0,6038;0,6664;0,8083;0,9861;0,352;0,0873;0,5647;0,4132;0,2953;0,3342;0,503;0,22;0,5016
,66,66,67,67,67,67,67,67,67,67,67,67,67,68,68,68,68,68,68,68,68,68,68,68,68,68,68,69,69,69,69,69,69,69,69,69,69,69,69,69,70,70,70,70,70,70,70,70,71,71
Fitness 3,918675, Gen ;0,547;0,5054;0,5663;0,6789;0,015;0,2093;0,311;0,1761;0,6038;0,6664;0,8083;0,9861;0,352;0,0873;0,5647;0,4132;0,2953;0,3342;0,503;0,22;0,5016
,87,87,87,88,88,88,88,88,88,88,88,88,89,89,89,89,89,89,89,89,89,89,89,89,89,89,89,89,90,90,90,90,90,90,90,90,90,90,91,91,91,91,91,91,91,92,92,92,92,92
Fitness 25,18887, Gen ;0,547;0,5054;0,5663;0,6789;0,015;0,2093;0,311;0,1761;0,6038;0,6664;0,8083;0,9861;0,352;0,0873;0,5647;0,4132;0,2953;0,3342;0,503;0,22;0,5016
,81,81,81,82,82,82,82,82,82,82,83,83,83,83,83,83,83,83,83,83,83,83,83,83,84,84,84,84,84,84,84,84,84,84,85,85,85,85,85,85,85,85,85,85,85,85,86,86,86,86
Fitness 47,41989, Gen ;0,547;0,5054;0,5663;0,6789;0,015;0,2093;0,311;0,1761;0,6038;0,6664;0,8083;0,9861;0,352;0,0873;0,5647;0,4132;0,2953;0,3342;0,503;0,22;0,5016
,74,74,75,75,75,75,75,75,75,75,75,76,76,76,76,76,76,76,76,76,76,76,76,76,76,76,77,77,77,77,77,77,77,77,77,77,78,78,78,78,78,78,79,79,79,79,79,79,80,80
Fitness 24,76368, Gen ;0,547;0,5054;0,5663;0,6789;0,015;0,2093;0,311;0,1761;0,6038;0,6664;0,8083;0,9861;0,352;0,0873;0,5647;0,4132;0,2953;0,3342;0,503;0,22;0,5016
,85,85,85,86,86,86,86,86,86,86,86,86,86,87,87,87,87,87,87,87,87,87,87,87,87,87,88,88,88,88,88,88,88,88,88,89,89,89,89,89,89,89,89,89,90,90,90,90,91,91
Fitness 29,97322, Gen ;0,547;0,5054;0,5663;0,6789;0,015;0,2093;0,311;0,1761;0,6038;0,6664;0,8083;0,9861;0,352;0,0873;0,5647;0,4132;0,2953;0,3342;0,503;0,22;0,5016
,71,71,71,71,71,72,72,72,72,72,72,72,72,72,72,73,73,73,73,73,73,73,73,73,73,73,73,73,73,74,74,74,74,74,74,74,74,74,74,75,75,75,75,75,75,76,76,76,76,76
Fitness 36,50333, Gen ;0,547;0,5054;0,5663;0,6789;0,015;0,2093;0,311;0,1761;0,6038;0,6664;0,8083;0,9861;0,352;0,0873;0,5647;0,4132;0,2953;0,3342;0,503;0,22;0,5016

Fitness 26,12288, Gen ;0,547;0,5054;0,5663;0,6789;0,015;0,2093;0,311;0,1761;0,6038;0,6664;0,8083;0,9861;0,352;0,0873;0,5647;0,4132;0,2953;0,3342;0,503;0,22;0,5016
,77,77,77,78,78,78,78,78,78,78,78,78,78,78,79,79,79,79,79,79,79,79,79,79,79,79,79,79,79,79,80,80,80,80,80,80,80,80,80,80,80,80,80,80,81,81,81,81,81,81
Fitness 40,77212, Gen ;0,547;0,5054;0,5663;0,6789;0,015;0,2093;0,311;0,1761;0,6038;0,6664;0,8083;0,9861;0,352;0,0873;0,5647;0,4132;0,2953;0,3342;0,503;0,22;0,5016
,131,132,132,132,132,133,133,133,133,133,133,133,133,133,133,133,133,134,134,134,134,134,134,134,134,134,134,134,134,134,134,134,134,135,135,135,135,135,135,135,135,135,135,135,135,136,136,136,136,136
Fitness 0,0002175045, Gen ;0,547;0,5054;0,5663;0,6789;0,015;0,2093;0,311;0,1761;0,6038;0,6664;0,8083;0,9861;0,352;0,0873;0,5647;0,4132;0,2953;0,3342;0,503;0,22;0,5016
,101,102,102,102,102,102,115,115,115,115,115,115,116,116,116,116,116,116,116,116,116,117,117,117,117,117,117,119,130,131,131,131,131,131,132,132,132,133,133,134,134,134,134,135,137,137,138,138,141,143
Fitness 34,76125, Gen ;0,547;0,5054;0,5663;0,6789;0,015;0,2093;0,311;0,1761;0,6038;0,6664;0,8083;0,9861;0,352;0,0873;0,5647;0,4132;0,2953;0,3342;0,503;0,22;0,5016
,134,134,134,134,134,135,135,153,153,153,154,154,154,154,154,154,154,154,154,154,154,154,154,154,155,155,155,155,155,155,155,156,156,156,163
Fitness 3,097318, Gen ;0,547;0,5054;0,5663;0,6789;0,015;0,2093;0,311;0,1761;0,6038;0,6664;0,8083;0,9861;0,352;0,0873;0,5647;0,4132;0,2953;0,3342;0,503;0,22;0,5016
,99,99,99,100,100,100,100,100,100,100,100,100,100,101,101,101,101,101,101,101,101,101,101,101,101,101,101,102,102,102,102,102,102,102,102,102,102,103,103,103,103,104,104,104,105,105,106,108,109,110
Fitness 2,683727, Gen ;0,547;0,5054;0,5663;0,6789;0,015;0,2093;0,311;0,1761;0,6038;0,6664;0,8083;0,9861;0,352;0,0873;0,5647;0,4132;0,2953;0,3342;0,503;0,22;0,5016
,142,142,142,143,143,143,143,143,143,144,144,144,144,144,144,144,144,144,145,145,145,145,145,145,145,145,145,145,146,146,146,146,146,146,146,146,146,147,147,147,147,148,148
Fitness 0,0003091171, Gen ;0,547;0,5054;0,5663;0,6789;0,015;0,2093;0,311;0,1761;0,6038;0,6664;0,8083;0,9861;0,352;0,0873;0,5647;0,4132;0,2953;0,3342;0,503;0,22;0,5016
,95,96,96,96,96,96,96,97,97,97,97,97,97,97,97,97,97,97,97,97,98,98,98,98,98,98,98,98,98,98,98,98,98,99,99,99,99,99,99,99,99,99,99,99,100,100,100,100,101,101
Fitness 13,59419, Gen ;0,547;0,5054;0,5663;0,6789;0,015;0,2093;0,311;0,1761;0,6038;0,6664;0,8083;0,9861;0,352;0,0873;0,5647;0,4132;0,2953;0,3342;0,503;0,22;0,5016
,88,88,89,89,89,89,89,89,89,89,89,89,89,90,90,90,90,90,90,90,90,90,90,90,91,91,91,91,91,91,91,91,91,91,91,92,92,92,92,92,92,92,92,92,92,92,93,93,93,93
Fitness 0,0001479257, Gen ;0,547;0,5054;0,5663;0,6789;0,015;0,2093;0,311;0,1761;0,6038;0,6664;0,8083;0,9861;0,352;0,0873;0,5647;0,4132;0,2953;0,3342;0,503;0,22;0,5016

Fitness 18,3695, Gen ;0,547;0,5054;0,5663;0,6789;0,015;0,2093;0,311;0,1761;0,6038;0,6664;0,8083;0,9861;0,352;0,0873;0,5647;0,4132;0,2953;0,3342;0,503;0,22;0,5016
,102,102,102,103,103,103,103,104,104,104,104,104,104,104,104,104,104,104,104,104,105,105,105,105,105,105,105,105,105,105,106,106,106,106,106,106,106,106,106,106,106,106,106,107,107,107,107,107,108,108
Fitness 23,93688, Gen ;0,547;0,5054;0,5663;0,6789;0,015;0,2093;0,311;0,1761;0,6038;0,6664;0,8083;0,9861;0,352;0,0873;0,5647;0,4132;0,2953;0,3342;0,503;0,22;0,5016
,81,81,82,82,82,82,82,82,82,83,83,83,83,83,83,83,83,83,83,83,83,83,83,84,84,84,84,84,84,84,84,84,84,84,84,85,85,85,85,85,85,85,86,86,86,87,87,87,87,88
Fitness 0,0002182177, Gen ;0,547;0,5054;0,5663;0,6789;0,015;0,2093;0,311;0,1761;0,6038;0,6664;0,8083;0,9861;0,352;0,0873;0,5647;0,4132;0,2953;0,3342;0,503;0,22;0,5016
,73,74,74,74,74,74,74,74,74,74,75,75,75,75,75,75,75,75,75,75,75,75,75,75,76,76,76,76,76,76,76,76,76,76,76,76,76,76,77,77,77,77,77,77,78,78,78,78,78,78
Fitness 13,87752, Gen ;0,547;0,5054;0,5663;0,6789;0,015;0,2093;0,311;0,1761;0,6038;0,6664;0,8083;0,9861;0,352;0,0873;0,5647;0,4132;0,2953;0,3342;0,503;0,22;0,5016
,119,119,119,119,119,120,120,120,120,120,120,120,120,120,120,120,121,121,121,121,121,121,121,121,121,122,122,122,122,122,122,122,123,123,123,123,123,123,123,123,123,124,124,124,124,125,125,125,125,130
Fitness 28,95777, Gen ;0,547;0,5054;0,5663;0,6789;0,015;0,2093;0,311;0,1761;0,6038;0,6664;0,8083;0,9861;0,352;0,0873;0,5647;0,4132;0,2953;0,3342;0,503;0,22;0,5016
,72,72,73,73,73,73,73,73,73,73,74,74,74,74,74,74,74,74,74,74,74,74,74,75,75,75,75,75,75,75,75,75,75,75,75,76,76,76,76,76,76,77,77,77,77,77,78,78,78,78
Fitness 38,27129, Gen ;0,547;0,5054;0,5663;0,6789;0,015;0,2093;0,311;0,1761;0,6038;0,6664;0,8083;0,9861;0,352;0,0873;0,5647;0,4132;0,2953;0,3342;0,503;0,22;0,5016
,80,81,81,81,81,81,81,81,82,82,82,82,82,82,82,82,82,82,82,83,83,83,83,83,83,83,83,83,83,83,83,84,84,84,84,84,84,84,84,84,85,85,85,85,85,86,86,86,86,86
