	125Stroembom ovc
	1 AI1 ovcarjev
Generacija 1, Fitness 0,007936508, Gen ;0,5787;0,0019;0,5341;0,3296;0,2401;0,8954;0,5823;0,3692;0,0805;0,3521;0,4141;0,0392;0,6566;0,9031;0,9325;0,0634;0,8779;0,8585;0,1234;0,2249;0,5649

Generacija 1, Fitness 0,007936508, Gen ;0,7076;0,3656;0,2898;0,067;0,1108;0,127;0,0929;0,2294;0,8868;0,0009;0,0694;0,5082;0,1839;0,052;0,689;0,2436;0,4549;0,3195;0,2102;0,1583;0,6351

Generacija 1, Fitness 0,007936508, Gen ;0,7076;0,3656;0,2898;0,067;0,1108;0,127;0,0929;0,2294;0,8868;0,0009;0,0694;0,5082;0,1839;0,052;0,689;0,2436;0,4549;0,3195;0,2102;0,1583;0,6351

Generacija 1, Fitness 0,007936508, Gen ;0,7076;0,3656;0,2898;0,067;0,1108;0,127;0,0929;0,2294;0,8868;0,0009;0,0694;0,5082;0,1839;0,052;0,689;0,2436;0,4549;0,3195;0,2102;0,1583;0,6351
,166,166,166,166,166,167
Generacija 1, Fitness 0,04561635, Gen ;0,7076;0,3656;0,2898;0,067;0,1108;0,127;0,0929;0,2294;0,8868;0,0009;0,0694;0,5082;0,1839;0,052;0,689;0,2436;0,4549;0,3195;0,2102;0,1583;0,6351
,127,127,128,128,128,128,128,128,128,128,128,129,129,129,130,130,130,131,137,138,138,138,138,138,139,139,139,139,139,139,139,139,139,139,140,140,140,141,141,141,141,141,141,142,142,142,142,142,142,142,143,143,143,143,143,143,144,144,144,144,145,146,147,148,148,149,149,149,150,152,152,152,153,153,153,153,153,154,154,154,155,155,155,156,156,156,157,157,158,158,158,162,163,163,163,163,164,164,164,164,164,165,165,165,166,166,166,166,166,166,167,167,167,167,168,169,169,169,170,170,171,171,172,172,174
Generacija 1, Fitness 0,007936508, Gen ;0,7076;0,3656;0,2898;0,067;0,1108;0,127;0,0929;0,2294;0,8868;0,0009;0,0694;0,5082;0,1839;0,052;0,689;0,2436;0,4549;0,3195;0,2102;0,1583;0,6351
,127,127,127,127,127,127,127,128,128,128,128,128,128,128,128,128,128,128,128,128,128,128,129,129,129,129,129,129,129,129,129,129,129,129,129,129,130,130,130,130,130,130,130,131
Generacija 1, Fitness 0,007936508, Gen ;0,7076;0,3656;0,2898;0,067;0,1108;0,127;0,0929;0,2294;0,8868;0,0009;0,0694;0,5082;0,1839;0,052;0,689;0,2436;0,4549;0,3195;0,2102;0,1583;0,6351
,141,142,142,142,142,142,142,142,142,142,142,143,143,143,143,143,143,143,143,143,143,143,143,143,143,143,143,143,143,143,143,144,144,144,144,144,144,144,144,144,144,144,144,144,144,144,144,144,144,144,144,144,144,144,144,145,145,145,145,145,145,145,145,145,145,145,145,145,145,145,145,145,145,145,146,146,146,146,146,146,146,146,146,146,146,146,146,146,146,146,146,146,146,146,146,147,147,147,147,147,147,147,147,147,147,148,148,148
Generacija 1, Fitness 0,007936508, Gen ;0,7076;0,3656;0,2898;0,067;0,1108;0,127;0,0929;0,2294;0,8868;0,0009;0,0694;0,5082;0,1839;0,052;0,689;0,2436;0,4549;0,3195;0,2102;0,1583;0,6351
,145,145,145,145,146,146,146,146,146,146,146,146,147,147,147,147,147,147,147,148,148,148,148,148,148,149,150,150,150,151,152,152,152,152,153,154,154,154,154,155,155,156
Generacija 1, Fitness 0,007936508, Gen ;0,7076;0,3656;0,2898;0,067;0,1108;0,127;0,0929;0,2294;0,8868;0,0009;0,0694;0,5082;0,1839;0,052;0,689;0,2436;0,4549;0,3195;0,2102;0,1583;0,6351
,112,112,112,112,112,112,112,112,112,112,112,112,112,112,112,113,113,113,113,113,113,113,113,113,113,113,113,113,113,113,113,113,113,113,113,113,113,113,114,114,114,114,114,114,114,114,114,114,114,114,114,114,114,114,114,114,114,114,114,114,115,115,115,115,115,115,115,115,115,115,115,115,115,115,115,115,115,115,115,115,116,116,116,116,116,116,116,116,116,116,116,116,116,117,117,117,117,117,117,117
Generacija 1, Fitness 0,007936508, Gen ;0,7076;0,3656;0,2898;0,067;0,1108;0,127;0,0929;0,2294;0,8868;0,0009;0,0694;0,5082;0,1839;0,052;0,689;0,2436;0,4549;0,3195;0,2102;0,1583;0,6351

Generacija 1, Fitness 0,007936508, Gen ;0,7076;0,3656;0,2898;0,067;0,1108;0,127;0,0929;0,2294;0,8868;0,0009;0,0694;0,5082;0,1839;0,052;0,689;0,2436;0,4549;0,3195;0,2102;0,1583;0,6351

Generacija 1, Fitness 0,007936508, Gen ;0,7076;0,3656;0,2898;0,067;0,1108;0,127;0,0929;0,2294;0,8868;0,0009;0,0694;0,5082;0,1839;0,052;0,689;0,2436;0,4549;0,3195;0,2102;0,1583;0,6351
,155,155,155,155,155,155,156,156,156,156,156,156,156,156,156,156,157,157,158,159,165,166,166,166,167,167,167,169,175,177
Generacija 1, Fitness 0,007936508, Gen ;0,7076;0,3656;0,2898;0,067;0,1108;0,127;0,0929;0,2294;0,8868;0,0009;0,0694;0,5082;0,1839;0,052;0,689;0,2436;0,4549;0,3195;0,2102;0,1583;0,6351
,120,120,121,121,121,121,121,121,121,122,122,122,122,122,122,122,122,122,122,122,122,122,122,122,122,122,122,122,122,122,122,123,123,123,123,123,123,123,123,123,123,123,123,124,124,124,124,125,125,125,126,140,140,140,140,140,141,141,141,141,141,143,143,143,143,144,144,144,144,144,144,144,144,144,144,144,145,145,145
Generacija 1, Fitness 0,007936508, Gen ;0,7076;0,3656;0,2898;0,067;0,1108;0,127;0,0929;0,2294;0,8868;0,0009;0,0694;0,5082;0,1839;0,052;0,689;0,2436;0,4549;0,3195;0,2102;0,1583;0,6351

Generacija 1, Fitness 0,007936508, Gen ;0,7076;0,3656;0,2898;0,067;0,1108;0,127;0,0929;0,2294;0,8868;0,0009;0,0694;0,5082;0,1839;0,052;0,689;0,2436;0,4549;0,3195;0,2102;0,1583;0,6351
,115,115,115,115,115,115,115,115,116,116,116,116,116,116,116,116,116,116,116,116,117,117,117,117,117,117,118,118,118,118,118,118,118,118,118,118,118,119,120,137,137,137,137,137,137,138,138,138,138,138,138,138,138,138,139,139,139,139,139,140,140,140,174,175,175,175,176,176,176,176,176,177,177,177,178
Generacija 1, Fitness 4,114979, Gen ;0,7076;0,3656;0,2898;0,067;0,1108;0,127;0,0929;0,2294;0,8868;0,0009;0,0694;0,5082;0,1839;0,052;0,689;0,2436;0,4549;0,3195;0,2102;0,1583;0,6351
,109,109,109,110,110,110,110,110,110,110,110,110,110,110,110,110,110,110,110,110,111,111,111,111,111,111,111,111,111,111,111,111,111,111,111,111,111,111,111,111,111,111,111,111,112,112,112,112,112,112,112,112,112,112,112,112,112,112,112,112,112,112,112,113,113,113,113,113,113,113,113,113,113,113,113,113,113,113,113,113,113,113,114,114,114,114,114,114,114,114,114,114,114,114,114,114,114,115,115,124,124,125,125,125,125,126,126,126,126,126,126,127,127,127,128,128,129,129,130,130,131,132,134,134,137
Generacija 1, Fitness 0,007936508, Gen ;0,7076;0,3656;0,2898;0,067;0,1108;0,127;0,0929;0,2294;0,8868;0,0009;0,0694;0,5082;0,1839;0,052;0,689;0,2436;0,4549;0,3195;0,2102;0,1583;0,6351
,113,113,113,113,113,114,114,114,114,114,114,114,114,114,114,114,114,114,114,114,114,114,114,115,115,115,115,115,115,115,115,115,115,115,115,115,115,115,115,115,115,115,115,115,115,116,116,116,116,116,116,116,116,116,116,116,116,116,116,116,116,116,116,116,117,117,117,117,117,117,117,117,117,117,117,117,117,117,117,118,118,118,118,118,119,119,119
Generacija 1, Fitness 0,007936508, Gen ;0,7076;0,3656;0,2898;0,067;0,1108;0,127;0,0929;0,2294;0,8868;0,0009;0,0694;0,5082;0,1839;0,052;0,689;0,2436;0,4549;0,3195;0,2102;0,1583;0,6351
,155,155,155,155,155,155,155,156,156,156,156,157,157,157,158,163,164,164,164,164,164,164,164,164,165,165,165,165,165,165,165,165,165,165,165,165,165,165,165,165,166,166,166,166,166,166,166,166,166,166,167,167,167,167,167,167,168,176,176,176,176,176,177,177,177,177,177,177,177,177,177,177,178,178,178,178,178,178,178,178,178,178,179,179,179,179,179,179,179,179
Generacija 1, Fitness 21,52702, Gen ;0,7076;0,3656;0,2898;0,067;0,1108;0,127;0,0929;0,2294;0,8868;0,0009;0,0694;0,5082;0,1839;0,052;0,689;0,2436;0,4549;0,3195;0,2102;0,1583;0,6351
,87,87,87,87,87,88,88,88,88,88,88,88,88,88,88,88,88,88,88,88,88,88,89,89,89,89,89,89,89,89,89,89,89,89,89,89,89,89,89,89,89,89,89,89,89,89,90,90,90,90,90,90,90,90,90,90,90,90,90,90,90,90,90,90,90,91,91,91,91,91,91,91,91,91,91,91,91,91,91,91,91,91,92,92,92,92,92,92,92,92,92,92,92,92,93,93,93,93,93,93,93,93,94,94,94,94,94,94,94,94,95,95,95,95,95,95,96,96,96,96,96,97,97,97,97
Generacija 1, Fitness 12,09314, Gen ;0,7076;0,3656;0,2898;0,067;0,1108;0,127;0,0929;0,2294;0,8868;0,0009;0,0694;0,5082;0,1839;0,052;0,689;0,2436;0,4549;0,3195;0,2102;0,1583;0,6351
,101,101,101,101,101,101,101,101,101,102,102,102,102,102,102,102,102,102,102,102,102,102,102,102,102,102,102,102,102,102,102,103,103,103,103,103,103,103,103,103,103,103,103,103,103,103,103,103,103,103,103,103,104,104,104,104,104,104,104,104,104,104,104,104,104,104,104,104,105,105,105,105,105,105,105,105,105,105,105,106,106,106,106,106,106,106,106,106,106,107,107,107,107,107,107,107,108,108,108,108,108,108,108,109,109,109,109,109,109,109,109,110,110,110,110,110,110,111,111,111,111,111,112,112,112
Generacija 1, Fitness 0,007936508, Gen ;0,7076;0,3656;0,2898;0,067;0,1108;0,127;0,0929;0,2294;0,8868;0,0009;0,0694;0,5082;0,1839;0,052;0,689;0,2436;0,4549;0,3195;0,2102;0,1583;0,6351
,169,169,169,170,170,170,170,170,170,170,170,170,170,170,170,171,171,171,171,171,171,171,171,171,171,172,172,172,173,173,174,176,176,176
Generacija 1, Fitness 0,007936508, Gen ;0,7076;0,3656;0,2898;0,067;0,1108;0,127;0,0929;0,2294;0,8868;0,0009;0,0694;0,5082;0,1839;0,052;0,689;0,2436;0,4549;0,3195;0,2102;0,1583;0,6351
,155,155,155,155,155,155,155,156,156,156,156,156,156,156,156,156,156,156,156,156,157,157,157,157,157,157,157,158,166,167,167,168,170
Generacija 1, Fitness 2,643133, Gen ;0,7076;0,3656;0,2898;0,067;0,1108;0,127;0,0929;0,2294;0,8868;0,0009;0,0694;0,5082;0,1839;0,052;0,689;0,2436;0,4549;0,3195;0,2102;0,1583;0,6351
,126,127,127,127,127,127,127,127,127,127,127,127,127,127,127,127,127,128,128,128,128,128,128,128,128,128,128,128,128,128,128,128,128,129,129,129,129,129,129,129,129,129,129,129,129,130,130,130,130,130,130,130,130,130,130,130,130,130,130,131,131,131,131,131,131,131,131,131,131,132,132,132,132,132,132,133,133,133,133,133,133,133,133,133,133,134,134,134,134,134,134,134,134,135,135,135,135,135,135,135,135,136,136,136,136,136,136,137,137,137,137,137,137,137,137,138,138,138,138,139,139,139,139,140,140
Generacija 1, Fitness 17,99283, Gen ;0,7076;0,3656;0,2898;0,067;0,1108;0,127;0,0929;0,2294;0,8868;0,0009;0,0694;0,5082;0,1839;0,052;0,689;0,2436;0,4549;0,3195;0,2102;0,1583;0,6351
,91,91,91,91,91,91,91,91,92,92,92,92,92,92,92,92,92,92,92,92,92,92,92,92,92,92,92,93,93,93,93,93,93,93,93,93,93,93,93,93,93,93,93,93,93,93,93,93,93,93,93,94,94,94,94,94,94,94,94,94,94,94,94,94,94,94,94,94,95,95,95,95,95,95,95,95,95,95,95,95,95,95,95,96,96,96,96,96,96,96,96,97,97,97,97,97,97,97,97,97,97,98,98,98,98,99,99,99,99,99,99,99,100,100,100,100,100,100,100,101,101,101,102,102,103
Generacija 1, Fitness 0,007936508, Gen ;0,7076;0,3656;0,2898;0,067;0,1108;0,127;0,0929;0,2294;0,8868;0,0009;0,0694;0,5082;0,1839;0,052;0,689;0,2436;0,4549;0,3195;0,2102;0,1583;0,6351

Generacija 1, Fitness 0,007936508, Gen ;0,7076;0,3656;0,2898;0,067;0,1108;0,127;0,0929;0,2294;0,8868;0,0009;0,0694;0,5082;0,1839;0,052;0,689;0,2436;0,4549;0,3195;0,2102;0,1583;0,6351

Generacija 1, Fitness 0,007936508, Gen ;0,7076;0,3656;0,2898;0,067;0,1108;0,127;0,0929;0,2294;0,8868;0,0009;0,0694;0,5082;0,1839;0,052;0,689;0,2436;0,4549;0,3195;0,2102;0,1583;0,6351
,150,150,150,151,151,151,151,151,151,151,151,151,152,152,152,152,152,152,152,152,152,152,152,152,152,152,152,153,153,153,153,153,153,153,153,153,153,153,153,153,153,153,154,154,154,154,154,154,154,154,155,155,155,155,156,156,156,167,167,167,167,167,167,167,167,167,167,167,168,168,168,168,168,168,168,168,168,168,168,169,169,169,169
Generacija 1, Fitness 0,007936508, Gen ;0,7076;0,3656;0,2898;0,067;0,1108;0,127;0,0929;0,2294;0,8868;0,0009;0,0694;0,5082;0,1839;0,052;0,689;0,2436;0,4549;0,3195;0,2102;0,1583;0,6351
,157,158,159,159,159,160,160,161,164,164,165,165,165,165,165,166,166,166,166,166,167,167,167,167,167,167,167,168,168,169,170,170,170,171,171,174,178
Generacija 1, Fitness 0,007936508, Gen ;0,7076;0,3656;0,2898;0,067;0,1108;0,127;0,0929;0,2294;0,8868;0,0009;0,0694;0,5082;0,1839;0,052;0,689;0,2436;0,4549;0,3195;0,2102;0,1583;0,6351

Generacija 1, Fitness 0,007936508, Gen ;0,7076;0,3656;0,2898;0,067;0,1108;0,127;0,0929;0,2294;0,8868;0,0009;0,0694;0,5082;0,1839;0,052;0,689;0,2436;0,4549;0,3195;0,2102;0,1583;0,6351
,167,167,167,167,167,167,167,167,168,168,168,168,168,168,168,168,168,168,168,168,168,168,168,168,168,168,169,169,169,169,169,169,169,169,169,169,169,169,169,169,169,169,169,169,169,169,170,170,170,170,170,170,170,170,170,170,170,170,170,170,170,170,170,170,170,170,171,171,171,171,171,171,171,171,171,171,171,171,171,171,171,171,171,171,171,172,172,172,172,172,172,172,172,173,173,173,173,173,173,173,173,173,174,174,174,174,175,175,175,176,176,176
Generacija 1, Fitness 0,007936508, Gen ;0,7076;0,3656;0,2898;0,067;0,1108;0,127;0,0929;0,2294;0,8868;0,0009;0,0694;0,5082;0,1839;0,052;0,689;0,2436;0,4549;0,3195;0,2102;0,1583;0,6351
,108,108,108,108,108,108,109,109,109,109,109,109,109,110,110,110,110,110,110,110,110,111,111,111,111,112,112,112,113,113,113,114,116,122,123,124,124,124,125,129,129,129,129,129,129,129,130,130,130,130,130,130,130,130,130,130,130,131,131,131,131,131,131,131,131,131,131,131,132,132,132,132,132,132,132,132,132,132,132,132,132,132,132,133,133,133,133,133,134
Generacija 1, Fitness 11,10011, Gen ;0,7076;0,3656;0,2898;0,067;0,1108;0,127;0,0929;0,2294;0,8868;0,0009;0,0694;0,5082;0,1839;0,052;0,689;0,2436;0,4549;0,3195;0,2102;0,1583;0,6351
,102,103,103,103,103,103,103,103,103,103,103,104,104,104,104,104,104,104,104,104,104,104,104,104,104,104,104,104,104,105,105,105,105,105,105,105,105,105,105,105,105,105,105,105,105,105,105,105,105,105,105,105,106,106,106,106,106,106,106,106,106,106,106,106,106,106,107,107,107,107,107,107,107,107,107,107,107,107,107,108,108,108,108,108,108,108,108,108,108,109,109,109,109,109,109,109,110,110,110,110,110,110,110,111,111,111,111,111,111,111,111,112,112,112,112,112,113,113,113,113,113,114,114,114,114
Generacija 1, Fitness 0,007936508, Gen ;0,7076;0,3656;0,2898;0,067;0,1108;0,127;0,0929;0,2294;0,8868;0,0009;0,0694;0,5082;0,1839;0,052;0,689;0,2436;0,4549;0,3195;0,2102;0,1583;0,6351

Generacija 1, Fitness 0,007936508, Gen ;0,7076;0,3656;0,2898;0,067;0,1108;0,127;0,0929;0,2294;0,8868;0,0009;0,0694;0,5082;0,1839;0,052;0,689;0,2436;0,4549;0,3195;0,2102;0,1583;0,6351

Generacija 1, Fitness 0,8431153, Gen ;0,7076;0,3656;0,2898;0,067;0,1108;0,127;0,0929;0,2294;0,8868;0,0009;0,0694;0,5082;0,1839;0,052;0,689;0,2436;0,4549;0,3195;0,2102;0,1583;0,6351
,141,141,141,141,141,141,141,142,142,142,142,142,142,142,142,142,142,142,142,142,142,142,142,142,142,142,142,142,142,143,143,143,143,143,143,143,143,143,143,143,143,143,143,143,143,143,143,143,143,144,144,144,144,144,144,144,144,144,144,144,144,144,145,145,145,145,145,145,145,146,146,146,147,147,147,147,147,147,147,147,147,147,147,147,148,148,148,148,148,148,148,148,148,148,148,149,149,149,149,149,149,149,149,150,150,150,150,151,151,151,151,151,151,151,151,152,152,152,152,152,152,153,153,153,153
Generacija 1, Fitness 0,007936508, Gen ;0,7076;0,3656;0,2898;0,067;0,1108;0,127;0,0929;0,2294;0,8868;0,0009;0,0694;0,5082;0,1839;0,052;0,689;0,2436;0,4549;0,3195;0,2102;0,1583;0,6351
,148,148,148,149,149,149,149,149,149,149,149,149,149,149,149,149,149,150,150,150,150,150,150,150,150,150,151,151,151,151,151,151,151,151,151,152,152,152,152,152,152,153
Generacija 1, Fitness 0,007936508, Gen ;0,7076;0,3656;0,2898;0,067;0,1108;0,127;0,0929;0,2294;0,8868;0,0009;0,0694;0,5082;0,1839;0,052;0,689;0,2436;0,4549;0,3195;0,2102;0,1583;0,6351
,156,156,156,157,157,157,157,158,158,158,158,159,159,161,164,165,165,166,166,166,166,166,166,167,167,167,167,167,167,167,167,167,167,167,167,167,167,167,167,168,168,168,168,168,168,168,168,168,168,168,168,168,169,169,169,169,169,169,169,169,170,170,170,171,172,172
Generacija 1, Fitness 0,007936508, Gen ;0,7076;0,3656;0,2898;0,067;0,1108;0,127;0,0929;0,2294;0,8868;0,0009;0,0694;0,5082;0,1839;0,052;0,689;0,2436;0,4549;0,3195;0,2102;0,1583;0,6351
,178
Generacija 1, Fitness 0,007936508, Gen ;0,7076;0,3656;0,2898;0,067;0,1108;0,127;0,0929;0,2294;0,8868;0,0009;0,0694;0,5082;0,1839;0,052;0,689;0,2436;0,4549;0,3195;0,2102;0,1583;0,6351

Generacija 1, Fitness 0,007936508, Gen ;0,7076;0,3656;0,2898;0,067;0,1108;0,127;0,0929;0,2294;0,8868;0,0009;0,0694;0,5082;0,1839;0,052;0,689;0,2436;0,4549;0,3195;0,2102;0,1583;0,6351
,165,165,166,166,166,166,166,166,167,167,167,167,167,167,167,168,168,168,168,168,168,168,168,168,169,169,169,170,170,170,171,172,176,177,177,179,179,179,179,179
Generacija 1, Fitness 1,480183, Gen ;0,7076;0,3656;0,2898;0,067;0,1108;0,127;0,0929;0,2294;0,8868;0,0009;0,0694;0,5082;0,1839;0,052;0,689;0,2436;0,4549;0,3195;0,2102;0,1583;0,6351
,128,128,128,128,128,129,129,129,129,129,129,129,129,129,129,129,129,129,129,129,129,129,129,129,129,130,130,130,130,130,130,130,130,130,130,130,130,130,130,130,130,130,130,130,130,130,130,130,131,131,131,131,131,131,131,131,131,131,131,131,131,131,131,131,131,131,131,131,131,131,131,132,132,132,132,132,132,132,132,132,132,132,132,132,133,133,133,133,133,133,134,134,134,135,135,135,135,136,136,136,136,136,136,137,137,138,138,138,138,138,138,139,139,139,139,140,140,140,140,141,141,141,142,149,150
Generacija 1, Fitness 1,564977, Gen ;0,7076;0,3656;0,2898;0,067;0,1108;0,127;0,0929;0,2294;0,8868;0,0009;0,0694;0,5082;0,1839;0,052;0,689;0,2436;0,4549;0,3195;0,2102;0,1583;0,6351
,123,123,123,124,124,124,124,124,124,124,124,124,124,125,125,125,125,125,125,125,125,125,125,125,125,126,126,126,126,126,126,126,126,126,126,126,127,127,127,127,127,127,128,128,128,128,128,128,129,132,132,132,132,132,132,133,133,135,135,135,136,136,136,136,137,137,137,137,137,137,137,137,137,138,138,138,138,138,138,138,138,138,138,138,138,138,138,139,139,139,139,139,139,139,139,139,139,139,140,140,140,140,141,141,141,141,141,142,142,142,142,142,143,144,144,145,145,145,146,146,146,147,147,148,149
Generacija 1, Fitness 0,007936508, Gen ;0,7076;0,3656;0,2898;0,067;0,1108;0,127;0,0929;0,2294;0,8868;0,0009;0,0694;0,5082;0,1839;0,052;0,689;0,2436;0,4549;0,3195;0,2102;0,1583;0,6351

Generacija 1, Fitness 0,007936508, Gen ;0,7076;0,3656;0,2898;0,067;0,1108;0,127;0,0929;0,2294;0,8868;0,0009;0,0694;0,5082;0,1839;0,052;0,689;0,2436;0,4549;0,3195;0,2102;0,1583;0,6351
,106,107,107,107,107,107,107,107,107,107,107,107,107,107,107,107,108,108,108,108,108,108,108,108,108,108,108,108,108,108,108,108,108,108,108,109,109,109,109,109,109,109,109,109,109,109,109,110,110,110,110,110,110,110,110,111,111,111
Generacija 1, Fitness 4,438837, Gen ;0,7076;0,3656;0,2898;0,067;0,1108;0,127;0,0929;0,2294;0,8868;0,0009;0,0694;0,5082;0,1839;0,052;0,689;0,2436;0,4549;0,3195;0,2102;0,1583;0,6351
,108,108,109,109,109,109,109,109,109,109,109,109,109,109,109,109,109,109,109,110,110,110,110,110,110,110,110,110,110,110,110,110,110,110,110,110,110,110,110,110,110,111,111,111,111,111,111,111,111,111,111,111,111,111,111,111,111,111,111,112,112,112,112,112,112,112,112,112,113,113,113,114,122,123,123,123,123,123,123,123,123,124,124,124,124,124,124,124,124,124,124,125,125,125,125,125,125,125,125,125,126,126,126,126,126,126,127,127,127,128,128,128,128,129,129,130,131,131,132,132,133,134,135,135,135
Generacija 1, Fitness 4,234362, Gen ;0,7076;0,3656;0,2898;0,067;0,1108;0,127;0,0929;0,2294;0,8868;0,0009;0,0694;0,5082;0,1839;0,052;0,689;0,2436;0,4549;0,3195;0,2102;0,1583;0,6351
,107,108,108,108,108,108,108,108,108,108,108,108,108,108,108,108,108,108,108,109,109,109,109,109,109,109,109,109,109,109,109,109,109,109,109,109,109,109,109,109,109,110,110,110,110,110,110,110,110,110,110,110,110,110,110,110,111,111,111,111,111,111,111,111,111,111,111,111,112,112,112,112,112,113,118,119,119,120,121,121,121,121,122,122,122,122,122,122,122,122,123,123,123,123,123,123,123,123,124,124,124,124,124,125,125,125,125,125,125,125,126,126,127,127,127,128,128,132,132,133,134,134,134,135,137
Generacija 1, Fitness 0,007936508, Gen ;0,7076;0,3656;0,2898;0,067;0,1108;0,127;0,0929;0,2294;0,8868;0,0009;0,0694;0,5082;0,1839;0,052;0,689;0,2436;0,4549;0,3195;0,2102;0,1583;0,6351

Generacija 1, Fitness 0,007936508, Gen ;0,7076;0,3656;0,2898;0,067;0,1108;0,127;0,0929;0,2294;0,8868;0,0009;0,0694;0,5082;0,1839;0,052;0,689;0,2436;0,4549;0,3195;0,2102;0,1583;0,6351
,156,156,156,156,156,156,156,156,156,156,156,157,157,157,157,157,157,157,157,157,157,158,159,163,163,163,163,163,163,163,164,164,164,164,164,164,164,164,164,164,164,164,164,164,164,164,165,165,165,165,165,165,165,165,165,166,166,166,166,167,167,170,176,176,176,179,179,179
Generacija 1, Fitness 7,017389, Gen ;0,7076;0,3656;0,2898;0,067;0,1108;0,127;0,0929;0,2294;0,8868;0,0009;0,0694;0,5082;0,1839;0,052;0,689;0,2436;0,4549;0,3195;0,2102;0,1583;0,6351
,111,111,111,111,111,111,111,112,112,112,112,112,112,112,112,112,112,112,112,112,112,113,113,113,113,113,113,113,113,113,113,113,113,113,113,113,113,113,113,114,114,114,114,114,114,114,114,114,114,114,114,114,114,114,114,114,114,114,114,115,115,115,115,115,115,115,115,115,115,115,115,115,115,116,116,116,116,116,116,116,116,116,116,116,116,117,117,117,117,117,117,118,118,118,118,118,119,119,119,119,119,119,119,120,120,120,120,121,121,121,121,121,121,122,122,122,123,123,123,123,123,123,124,124,124
Generacija 1, Fitness 0,007936508, Gen ;0,7076;0,3656;0,2898;0,067;0,1108;0,127;0,0929;0,2294;0,8868;0,0009;0,0694;0,5082;0,1839;0,052;0,689;0,2436;0,4549;0,3195;0,2102;0,1583;0,6351
,174,175,175,175,175,175,175,175,175,175,175,176,176,176,176,176,176,176,176,176,176,176,176,176,176,176,176,176,176,176,176,176,176,177,177,177,177,177,177,177,177,177,177,178,178,178,179,179
Generacija 1, Fitness 0,007936508, Gen ;0,7076;0,3656;0,2898;0,067;0,1108;0,127;0,0929;0,2294;0,8868;0,0009;0,0694;0,5082;0,1839;0,052;0,689;0,2436;0,4549;0,3195;0,2102;0,1583;0,6351

Generacija 1, Fitness 0,007936508, Gen ;0,7076;0,3656;0,2898;0,067;0,1108;0,127;0,0929;0,2294;0,8868;0,0009;0,0694;0,5082;0,1839;0,052;0,689;0,2436;0,4549;0,3195;0,2102;0,1583;0,6351
,138,139,139,139,140,140,140,140,141,141,141,141,141,142,142,142,143,143,143,143,144,144,144,144,144,146,146,147,147,147,147,148,148,148,148,148,148,148,149,149,149,149,149,150,150,150
Generacija 1, Fitness 0,007936508, Gen ;0,7076;0,3656;0,2898;0,067;0,1108;0,127;0,0929;0,2294;0,8868;0,0009;0,0694;0,5082;0,1839;0,052;0,689;0,2436;0,4549;0,3195;0,2102;0,1583;0,6351

Generacija 1, Fitness 0,007936508, Gen ;0,7076;0,3656;0,2898;0,067;0,1108;0,127;0,0929;0,2294;0,8868;0,0009;0,0694;0,5082;0,1839;0,052;0,689;0,2436;0,4549;0,3195;0,2102;0,1583;0,6351

Generacija 1, Fitness 2,361029, Gen ;0,7076;0,3656;0,2898;0,067;0,1108;0,127;0,0929;0,2294;0,8868;0,0009;0,0694;0,5082;0,1839;0,052;0,689;0,2436;0,4549;0,3195;0,2102;0,1583;0,6351
,114,114,114,114,115,115,115,115,115,115,115,115,116,116,116,116,116,116,116,116,117,117,117,117,117,118,118,118,119,121,125,125,125,125,126,126,126,126,127,127,127,127,127,127,127,127,127,128,128,128,128,128,128,128,128,128,128,128,128,129,129,129,129,129,129,129,129,129,129,129,129,130,130,130,130,130,130,130,130,130,131,131,131,131,131,131,131,131,131,131,131,131,132,132,132,132,132,132,132,132,132,134,139,139,139,139,140,140,140,140,140,141,141,141,141,142,142,142,142,142,143,143,143,143,144
Generacija 1, Fitness 0,007936508, Gen ;0,7076;0,3656;0,2898;0,067;0,1108;0,127;0,0929;0,2294;0,8868;0,0009;0,0694;0,5082;0,1839;0,052;0,689;0,2436;0,4549;0,3195;0,2102;0,1583;0,6351
,126,126,126,126,126,126,126,126,126,126,126,126,127,127,127,127,127,127,127,127,127,127,127,127,127,127,128,128,128,128,128,128,128,128,128,128,128,128,128,128,129,129,129,129,129,129,129,129,129,130,130,131,131,132,132,133,133,134,135,136,136,136,136,136,137,137,137,137,137,138,138,138,138,138,138,138,138,138,138,138,139,139,139,139,139,139,139,139,139,139,139,139,140,140,140,140,140,140,140,141,141,141,141,141,141,142,142,142,142,142
Generacija 1, Fitness 0,007936508, Gen ;0,7076;0,3656;0,2898;0,067;0,1108;0,127;0,0929;0,2294;0,8868;0,0009;0,0694;0,5082;0,1839;0,052;0,689;0,2436;0,4549;0,3195;0,2102;0,1583;0,6351
,134,134,134,134,134,134,135,135,135,135,135,135,135,136,136,136,136,136,136,136,136,136,137,137,137,137,140,140,140,141,141,142
Generacija 1, Fitness 0,007936508, Gen ;0,7076;0,3656;0,2898;0,067;0,1108;0,127;0,0929;0,2294;0,8868;0,0009;0,0694;0,5082;0,1839;0,052;0,689;0,2436;0,4549;0,3195;0,2102;0,1583;0,6351

Generacija 1, Fitness 0,007936508, Gen ;0,7076;0,3656;0,2898;0,067;0,1108;0,127;0,0929;0,2294;0,8868;0,0009;0,0694;0,5082;0,1839;0,052;0,689;0,2436;0,4549;0,3195;0,2102;0,1583;0,6351

Generacija 1, Fitness 0,007936508, Gen ;0,7076;0,3656;0,2898;0,067;0,1108;0,127;0,0929;0,2294;0,8868;0,0009;0,0694;0,5082;0,1839;0,052;0,689;0,2436;0,4549;0,3195;0,2102;0,1583;0,6351
,136,138,139,139,139,140,140,140,140,140,140,140,140,141,141,141,141,141,141,142,142,142,142,143,144,144,144,144,144,144,144,145,145,145,145,145,145,145,145,145,145,145,145,145,145,145,145,145,145,146,146,146,146,146,146,146,146,146,146,146,147,147,147,147,147,147,147,147,148,148,148,148,148,149,149,149,149
Generacija 1, Fitness 0,007936508, Gen ;0,7076;0,3656;0,2898;0,067;0,1108;0,127;0,0929;0,2294;0,8868;0,0009;0,0694;0,5082;0,1839;0,052;0,689;0,2436;0,4549;0,3195;0,2102;0,1583;0,6351
,175,175,175,175,175,175,175,176,176,176,176,176,176,176,176,176,176,176,177,177,177,177,178
Generacija 1, Fitness 0,007936508, Gen ;0,7076;0,3656;0,2898;0,067;0,1108;0,127;0,0929;0,2294;0,8868;0,0009;0,0694;0,5082;0,1839;0,052;0,689;0,2436;0,4549;0,3195;0,2102;0,1583;0,6351
,142,142,142,142,142,142,142,143,143,143,143,143,143,143,143,143,143,143,143,144,144,144,144,144,144,144,144,144,144,144,144,144,144,144,145,145,145,145,145,145,145,145,145,145,145,146,146,146,146,146,146,146,146,146,147,147,147,147,147,148
Generacija 1, Fitness 0,007936508, Gen ;0,7076;0,3656;0,2898;0,067;0,1108;0,127;0,0929;0,2294;0,8868;0,0009;0,0694;0,5082;0,1839;0,052;0,689;0,2436;0,4549;0,3195;0,2102;0,1583;0,6351

Generacija 1, Fitness 0,007936508, Gen ;0,7076;0,3656;0,2898;0,067;0,1108;0,127;0,0929;0,2294;0,8868;0,0009;0,0694;0,5082;0,1839;0,052;0,689;0,2436;0,4549;0,3195;0,2102;0,1583;0,6351
,148,148,148,149,149,149,149,149,150,150,150,150,150,150,150,151,151,151,151,151,151,152,153,155,165,165,165,166,166,166,166,166,166,166,166,166,166,166,166,166,167,167,167,167,167,167,167,167,167,167,167,167,167,167,168,168,168,168,169,169
Generacija 1, Fitness 8,746372, Gen ;0,7076;0,3656;0,2898;0,067;0,1108;0,127;0,0929;0,2294;0,8868;0,0009;0,0694;0,5082;0,1839;0,052;0,689;0,2436;0,4549;0,3195;0,2102;0,1583;0,6351
,102,102,102,102,102,102,102,103,103,103,103,103,103,103,103,103,103,103,103,103,103,103,103,103,103,103,103,104,104,104,104,104,104,104,104,104,104,104,104,104,104,104,104,104,104,104,104,104,104,105,105,105,105,105,105,105,105,105,105,105,105,105,105,105,105,105,105,105,106,106,106,106,106,106,106,106,106,106,106,107,107,107,107,107,107,107,107,107,107,107,107,107,108,108,108,108,108,108,108,108,109,109,109,109,112,112,112,113,114,114,114,115,115,115,116,116,116,116,116,117,117,117,120,121,122
Generacija 1, Fitness 0,007936508, Gen ;0,7076;0,3656;0,2898;0,067;0,1108;0,127;0,0929;0,2294;0,8868;0,0009;0,0694;0,5082;0,1839;0,052;0,689;0,2436;0,4549;0,3195;0,2102;0,1583;0,6351

Generacija 1, Fitness 0,007936508, Gen ;0,7076;0,3656;0,2898;0,067;0,1108;0,127;0,0929;0,2294;0,8868;0,0009;0,0694;0,5082;0,1839;0,052;0,689;0,2436;0,4549;0,3195;0,2102;0,1583;0,6351
,127,127,127,127,127,127,127,128,128,128,128,128,128,128,128,128,128,129,129,129,129,129,129,129,129,129,130,130,130,130,130,130,132,138,138,140,140,141,141,141,141,142,142,142,142,142,142,142,142,142,142,142,142,142,143,143,143,143,143,143,143,143,143,143,143,144,144,149,149,149,149,150,150,150,150,151,151,151,151,151,151,152,152,153
Generacija 1, Fitness 0,007936508, Gen ;0,7076;0,3656;0,2898;0,067;0,1108;0,127;0,0929;0,2294;0,8868;0,0009;0,0694;0,5082;0,1839;0,052;0,689;0,2436;0,4549;0,3195;0,2102;0,1583;0,6351

Generacija 1, Fitness 0,007936508, Gen ;0,7076;0,3656;0,2898;0,067;0,1108;0,127;0,0929;0,2294;0,8868;0,0009;0,0694;0,5082;0,1839;0,052;0,689;0,2436;0,4549;0,3195;0,2102;0,1583;0,6351

Generacija 1, Fitness 0,1529043, Gen ;0,7076;0,3656;0,2898;0,067;0,1108;0,127;0,0929;0,2294;0,8868;0,0009;0,0694;0,5082;0,1839;0,052;0,689;0,2436;0,4549;0,3195;0,2102;0,1583;0,6351
,143,143,143,143,143,143,143,144,144,144,144,144,144,144,144,144,144,144,144,145,145,145,145,145,145,145,145,145,145,145,146,146,146,146,146,146,146,147,147,147,147,148,148,148,148,149,149,149,151,151,151,152,152,152,152,153,153,153,153,153,153,153,154,154,154,154,154,154,154,154,154,154,155,155,155,155,155,155,155,155,155,155,155,156,156,156,156,156,156,156,156,156,156,157,157,157,157,157,157,157,157,158,158,158,158,158,159,159,162,162,162,163,163,163,163,164,164,164,165,165,166,166,166,167,167
Generacija 1, Fitness 0,007936508, Gen ;0,7076;0,3656;0,2898;0,067;0,1108;0,127;0,0929;0,2294;0,8868;0,0009;0,0694;0,5082;0,1839;0,052;0,689;0,2436;0,4549;0,3195;0,2102;0,1583;0,6351

Generacija 1, Fitness 0,007936508, Gen ;0,7076;0,3656;0,2898;0,067;0,1108;0,127;0,0929;0,2294;0,8868;0,0009;0,0694;0,5082;0,1839;0,052;0,689;0,2436;0,4549;0,3195;0,2102;0,1583;0,6351

Generacija 1, Fitness 0,03287026, Gen ;0,7076;0,3656;0,2898;0,067;0,1108;0,127;0,0929;0,2294;0,8868;0,0009;0,0694;0,5082;0,1839;0,052;0,689;0,2436;0,4549;0,3195;0,2102;0,1583;0,6351
,151,151,151,151,152,152,152,152,152,152,152,152,152,152,153,153,153,153,153,153,153,154,154,154,155,155,155,156,156,156,156,157,157,162,162,163,163,163,163,163,163,163,163,163,164,164,164,164,164,164,164,164,164,164,164,165,165,165,165,165,165,165,165,165,165,165,165,165,166,166,166,166,166,166,166,166,166,166,166,166,167,167,167,167,167,167,167,167,168,168,168,168,168,168,168,168,168,169,169,169,169,169,169,170,170,170,170,170,170,170,170,171,171,171,171,171,171,172,172,172,172,172,173,173,173
Generacija 1, Fitness 0,007936508, Gen ;0,7076;0,3656;0,2898;0,067;0,1108;0,127;0,0929;0,2294;0,8868;0,0009;0,0694;0,5082;0,1839;0,052;0,689;0,2436;0,4549;0,3195;0,2102;0,1583;0,6351

Generacija 1, Fitness 0,007936508, Gen ;0,7076;0,3656;0,2898;0,067;0,1108;0,127;0,0929;0,2294;0,8868;0,0009;0,0694;0,5082;0,1839;0,052;0,689;0,2436;0,4549;0,3195;0,2102;0,1583;0,6351
,173,173,177,179,179,179,179
Generacija 1, Fitness 3,973068, Gen ;0,7076;0,3656;0,2898;0,067;0,1108;0,127;0,0929;0,2294;0,8868;0,0009;0,0694;0,5082;0,1839;0,052;0,689;0,2436;0,4549;0,3195;0,2102;0,1583;0,6351
,110,110,110,111,111,111,111,111,111,111,111,111,111,111,111,111,111,111,111,111,111,111,111,112,112,112,112,112,112,112,112,112,112,112,112,112,112,112,112,112,112,112,112,113,113,113,113,113,113,113,113,113,113,113,113,114,114,114,114,114,114,114,114,114,115,115,115,115,115,115,117,122,123,123,123,124,124,124,124,124,124,124,124,125,125,125,125,126,126,126,126,127,127,127,128,129,129,129,129,129,129,130,130,131,131,132,132,132,132,133,133,133,133,133,134,134,134,134,135,135,135,136,136,136,137
Generacija 1, Fitness 3,605158, Gen ;0,7076;0,3656;0,2898;0,067;0,1108;0,127;0,0929;0,2294;0,8868;0,0009;0,0694;0,5082;0,1839;0,052;0,689;0,2436;0,4549;0,3195;0,2102;0,1583;0,6351
,113,114,114,114,114,114,114,114,114,114,114,114,114,114,114,115,115,115,115,115,115,115,115,115,115,115,115,115,115,115,115,115,115,115,115,115,115,115,115,116,116,116,116,116,116,116,116,116,116,116,116,116,116,116,116,116,116,116,116,116,116,116,116,117,117,117,117,117,117,117,117,117,117,117,117,117,117,117,117,117,118,118,118,118,118,118,118,119,119,119,119,119,119,119,119,127,127,128,128,128,129,129,129,130,130,130,130,130,131,131,131,132,132,132,133,134,134,134,135,135,136,137,138,138,139
Generacija 1, Fitness 0,007936508, Gen ;0,7076;0,3656;0,2898;0,067;0,1108;0,127;0,0929;0,2294;0,8868;0,0009;0,0694;0,5082;0,1839;0,052;0,689;0,2436;0,4549;0,3195;0,2102;0,1583;0,6351
,113,113,113,113,113,113,113,113,113,113,113,113,113,113,113,113,114,114,114,114,114,114,114,114,114,114,114,114,114,114,114,115,115,115,115,115,115,115,115,115,115,115,115,115,115,116,116,116,116,116,116,116,116,117,117,117,117,118,130,130,130,130,130,131,131,131,131,131,131,131,131,131,132,132,132,132,132,132,132,133,133,133,133,133,133
Generacija 1, Fitness 3,732382, Gen ;0,7076;0,3656;0,2898;0,067;0,1108;0,127;0,0929;0,2294;0,8868;0,0009;0,0694;0,5082;0,1839;0,052;0,689;0,2436;0,4549;0,3195;0,2102;0,1583;0,6351
,115,115,115,116,116,116,116,116,116,116,116,116,117,117,117,117,117,117,117,117,117,117,117,118,118,118,118,118,118,118,118,118,118,118,118,118,119,119,119,119,119,119,119,119,119,119,119,119,120,120,120,120,120,120,121,121,122,122,122,122,123,123,124,124,124,124,125,125,125,125,125,125,125,125,125,125,126,126,126,126,126,126,127,127,127,127,127,127,127,127,128,128,128,128,128,128,128,128,128,128,129,129,129,129,130,130,130,130,131,131,131,132,132,132,133,133,134,134,134,135,135,136,136,137,137
Generacija 1, Fitness 0,007936508, Gen ;0,7076;0,3656;0,2898;0,067;0,1108;0,127;0,0929;0,2294;0,8868;0,0009;0,0694;0,5082;0,1839;0,052;0,689;0,2436;0,4549;0,3195;0,2102;0,1583;0,6351

Generacija 1, Fitness 0,007936508, Gen ;0,7076;0,3656;0,2898;0,067;0,1108;0,127;0,0929;0,2294;0,8868;0,0009;0,0694;0,5082;0,1839;0,052;0,689;0,2436;0,4549;0,3195;0,2102;0,1583;0,6351

Generacija 1, Fitness 0,007936508, Gen ;0,7076;0,3656;0,2898;0,067;0,1108;0,127;0,0929;0,2294;0,8868;0,0009;0,0694;0,5082;0,1839;0,052;0,689;0,2436;0,4549;0,3195;0,2102;0,1583;0,6351

Generacija 1, Fitness 0,007936508, Gen ;0,7076;0,3656;0,2898;0,067;0,1108;0,127;0,0929;0,2294;0,8868;0,0009;0,0694;0,5082;0,1839;0,052;0,689;0,2436;0,4549;0,3195;0,2102;0,1583;0,6351
,141,141,142,142,142,142,143,143,143,143,143,143,144,144,144,145,145,145,145,153,153,154,154,154,154,154,155,155,155,156
Generacija 1, Fitness 0,007936508, Gen ;0,7076;0,3656;0,2898;0,067;0,1108;0,127;0,0929;0,2294;0,8868;0,0009;0,0694;0,5082;0,1839;0,052;0,689;0,2436;0,4549;0,3195;0,2102;0,1583;0,6351

Generacija 1, Fitness 0,007936508, Gen ;0,7076;0,3656;0,2898;0,067;0,1108;0,127;0,0929;0,2294;0,8868;0,0009;0,0694;0,5082;0,1839;0,052;0,689;0,2436;0,4549;0,3195;0,2102;0,1583;0,6351
,157,158,158,158,159,161,161,161,161,162,162,162,162,162,162,162,162,163,163,163,163,164,164,164,165
Generacija 1, Fitness 0,007936508, Gen ;0,7076;0,3656;0,2898;0,067;0,1108;0,127;0,0929;0,2294;0,8868;0,0009;0,0694;0,5082;0,1839;0,052;0,689;0,2436;0,4549;0,3195;0,2102;0,1583;0,6351

Generacija 1, Fitness 0,007936508, Gen ;0,7076;0,3656;0,2898;0,067;0,1108;0,127;0,0929;0,2294;0,8868;0,0009;0,0694;0,5082;0,1839;0,052;0,689;0,2436;0,4549;0,3195;0,2102;0,1583;0,6351

Generacija 1, Fitness 0,007936508, Gen ;0,7076;0,3656;0,2898;0,067;0,1108;0,127;0,0929;0,2294;0,8868;0,0009;0,0694;0,5082;0,1839;0,052;0,689;0,2436;0,4549;0,3195;0,2102;0,1583;0,6351

Generacija 1, Fitness 0,007936508, Gen ;0,7076;0,3656;0,2898;0,067;0,1108;0,127;0,0929;0,2294;0,8868;0,0009;0,0694;0,5082;0,1839;0,052;0,689;0,2436;0,4549;0,3195;0,2102;0,1583;0,6351
,137,137,137,138,140,140,141,141,143,144,144,147,147,147,148,148,148,148,148,148,148,149,149,149,149,149,149,149,149,149,149,149,149,149,149,149,149,149,149,149,150,150,150,150,150,150,150,150,150,150,150,150,150,150,150,150,150,151,151,151,151,151,151,151,151,152,152,152,152,177,177,177,177,178,179,179,179,179,179,179,179
Generacija 1, Fitness 0,1500763, Gen ;0,7076;0,3656;0,2898;0,067;0,1108;0,127;0,0929;0,2294;0,8868;0,0009;0,0694;0,5082;0,1839;0,052;0,689;0,2436;0,4549;0,3195;0,2102;0,1583;0,6351
,124,124,124,124,124,124,124,124,124,124,125,125,125,125,125,125,125,125,125,125,125,125,125,125,125,125,126,126,126,126,126,126,126,126,126,126,126,126,126,126,126,126,126,126,126,126,126,127,127,127,127,127,127,127,127,127,127,127,127,128,128,128,128,128,128,128,128,128,129,129,129,150,150,152,152,152,153,153,153,154,154,155,155,155,155,156,156,156,156,157,157,157,157,157,157,158,158,158,158,158,159,160,160,161,161,161,161,162,162,162,162,162,163,163,163,164,164,164,165,165,167,169,169,169,170
Generacija 1, Fitness 0,007936508, Gen ;0,7076;0,3656;0,2898;0,067;0,1108;0,127;0,0929;0,2294;0,8868;0,0009;0,0694;0,5082;0,1839;0,052;0,689;0,2436;0,4549;0,3195;0,2102;0,1583;0,6351

Generacija 1, Fitness 0,007936508, Gen ;0,7076;0,3656;0,2898;0,067;0,1108;0,127;0,0929;0,2294;0,8868;0,0009;0,0694;0,5082;0,1839;0,052;0,689;0,2436;0,4549;0,3195;0,2102;0,1583;0,6351
,158,163,164,164,164,164,164,165,165,165,165,165,165,165,165,165,166,166,166,166,166,166,166,166,166,166,166,166,166,166,166,166,166,166,166,166,166,166,167,167,167,167,167,167,167,167,167,167,167,167,168,168,168,168,168,168,168,168,168,168,168,168,169,169,169,169,169,169,169,169,169,169,170,170,170,171,171
Generacija 1, Fitness 5,613005, Gen ;0,7076;0,3656;0,2898;0,067;0,1108;0,127;0,0929;0,2294;0,8868;0,0009;0,0694;0,5082;0,1839;0,052;0,689;0,2436;0,4549;0,3195;0,2102;0,1583;0,6351
,100,100,100,100,101,101,101,101,101,101,101,101,101,101,101,101,101,101,101,101,101,101,101,102,102,102,102,102,102,102,102,102,102,102,102,102,102,102,102,102,102,102,102,102,102,102,102,102,103,103,103,103,103,103,103,103,103,103,103,103,103,103,103,103,103,103,103,103,103,103,103,104,104,104,104,104,104,104,104,104,104,104,105,105,105,105,105,105,105,119,120,120,120,120,121,121,121,121,121,122,122,122,123,123,124,124,124,124,125,126,126,126,127,127,128,129,129,129,130,130,130,131,132,132,133
Generacija 1, Fitness 0,009972965, Gen ;0,7076;0,3656;0,2898;0,067;0,1108;0,127;0,0929;0,2294;0,8868;0,0009;0,0694;0,5082;0,1839;0,052;0,689;0,2436;0,4549;0,3195;0,2102;0,1583;0,6351
,137,137,137,138,138,138,138,138,138,138,138,139,139,139,139,139,139,140,140,140,140,140,140,140,140,140,140,140,142,142,142,143,145,145,145,145,146,146,146,147,147,147,148,148,148,148,148,149,149,149,149,150,151,151,151,152,152,154,154,154,154,155,155,155,156,156,156,156,156,156,156,157,157,157,157,157,157,164,164,164,164,164,164,165,165,165,165,165,165,166,166,166,166,167,167,167,167,168,168,168,168,169,169,169,169,170,170,171,171,171,171,171,172,173,173,173,174,175,176,176,177,178,178,179,179
Generacija 1, Fitness 0,007936508, Gen ;0,7076;0,3656;0,2898;0,067;0,1108;0,127;0,0929;0,2294;0,8868;0,0009;0,0694;0,5082;0,1839;0,052;0,689;0,2436;0,4549;0,3195;0,2102;0,1583;0,6351
,97,98,98,98,98,98,98,98,98,98,98,98,99,99,99,99,99,99,99,99,99,99,99,99,99,99,99,99,99,99,99,99,99,100,100,100,100,100,100,100,100,100,100,100,100,100,100,100,100,100,100,100,100,100,100,100,101,101,101,101,101,101,101,101,101,101,101,101,101,101,101,101,101,101,101,101,101,101,102,102,102,102,102,102,102,102,102,102,102,102,103,103,103,103,103,103,104,104,104,104,104,104,104,105,105,105,105,105,105
Generacija 1, Fitness 0,007936508, Gen ;0,7076;0,3656;0,2898;0,067;0,1108;0,127;0,0929;0,2294;0,8868;0,0009;0,0694;0,5082;0,1839;0,052;0,689;0,2436;0,4549;0,3195;0,2102;0,1583;0,6351
,142,143,143,143,143,143,143,143,143,143,143,143,143,143,143,143,143,144,144,144,144,144,144,144,144,144,144,144,144,144,144,144,144,144,144,145,145,145,145,145,145,145,145,145,145,146,146,146,146,146,146,146,146,146,147,147,147,148,165,165,165,165,165,165,166,166,167,167,167,167,168,168,168,168,168,169,169,169,169,170,170
Generacija 1, Fitness 0,007936508, Gen ;0,7076;0,3656;0,2898;0,067;0,1108;0,127;0,0929;0,2294;0,8868;0,0009;0,0694;0,5082;0,1839;0,052;0,689;0,2436;0,4549;0,3195;0,2102;0,1583;0,6351
,168,168,168,168,169,169,169,169,169,169,170,170,170,170,170,170,170,170,170,170,170,170,170,170,170,170,170,171,171,171,171,171,171,171,171,171,171,171,171,171,171,171,171,171,171,171,172,172,172,172,172,172,172,172,172,172,172,172,172,172,172,173,173,173,173,173,173,173,173,173,173,174,174,174,174,174
Generacija 1, Fitness 0,007936508, Gen ;0,7076;0,3656;0,2898;0,067;0,1108;0,127;0,0929;0,2294;0,8868;0,0009;0,0694;0,5082;0,1839;0,052;0,689;0,2436;0,4549;0,3195;0,2102;0,1583;0,6351
,120,120,120,120,121,121,121,121,121,121,121,121,121,121,121,121,121,121,121,121,121,121,121,122,122,122,122,122,122,122,122,122,122,122,122,122,122,122,123,123,123,123,123,123,123,123,123,124,124,124,124,124,124,125,125
Generacija 1, Fitness 15,11184, Gen ;0,7076;0,3656;0,2898;0,067;0,1108;0,127;0,0929;0,2294;0,8868;0,0009;0,0694;0,5082;0,1839;0,052;0,689;0,2436;0,4549;0,3195;0,2102;0,1583;0,6351
,94,95,95,95,95,95,95,95,95,95,95,96,96,96,96,96,96,96,96,96,96,96,96,96,96,96,96,96,96,96,96,96,96,96,96,96,97,97,97,97,97,97,97,97,97,97,97,97,97,97,97,97,97,97,97,97,97,97,97,97,98,98,98,98,98,98,98,98,98,98,98,98,98,98,98,98,99,99,99,99,99,99,99,99,99,99,99,99,100,100,100,100,100,100,100,101,101,101,101,101,101,101,101,101,102,102,102,102,102,102,103,103,103,104,104,104,104,104,105,105,105,105,106,107,108
Generacija 1, Fitness 0,007936508, Gen ;0,7076;0,3656;0,2898;0,067;0,1108;0,127;0,0929;0,2294;0,8868;0,0009;0,0694;0,5082;0,1839;0,052;0,689;0,2436;0,4549;0,3195;0,2102;0,1583;0,6351

