	100Stroembom ovc
	2 AI1 ovcarjev
Fitness 14,05115, Gen ;0,571;0,1622;0,3402;0,5009;0,0197;0,7073;0,3381;0,3252;0,9543;0,3014;0,4514;0,2009;0,0279;0,7803;0,3855;0,6955;0,6056;0,223;0,3407;0,4364;0,3794

Fitness 21,0927, Gen ;0,571;0,1622;0,3402;0,5009;0,0197;0,7073;0,3381;0,3252;0,9543;0,3014;0,4514;0,2009;0,0279;0,7803;0,3855;0,6955;0,6056;0,223;0,3407;0,4364;0,3794
,107,107,108,108,108,108,108,108,108,108,108,108,108,108,108,108,109,109,109,109,109,109,109,109,109,109,109,109,109,109,110,110,110,110,110,110,110,110,110,110,110,110,110,110,110,111,111,111,111,111,111,111,111,111,111,111,112,112,112,112,112,112,112,112,112,112,113,113,113,113,113,113,113,113,113,114,114,114,114,114,114,114,114,115,115,115,115,115,115,115,116,116,116,116,117,117,117,117,118,118
Fitness 32,57986, Gen ;0,571;0,1622;0,3402;0,5009;0,0197;0,7073;0,3381;0,3252;0,9543;0,3014;0,4514;0,2009;0,0279;0,7803;0,3855;0,6955;0,6056;0,223;0,3407;0,4364;0,3794
,143,144,145,146,146,147,148,148,149,149,150,151,151,153,154,154,155,155,156,159,164,164,165,165,165,166,166,166,167,167,167,167,167,167,168,168,168,168,168,168,168,168,168,168,168,168,168,168,169,169,169,169,169,169,169,169,169,170,170,170,170,170,170,170,170,170,170,170,171,171,171,171,172
Fitness 8,418281E-05, Gen ;0,571;0,1622;0,3402;0,5009;0,0197;0,7073;0,3381;0,3252;0,9543;0,3014;0,4514;0,2009;0,0279;0,7803;0,3855;0,6955;0,6056;0,223;0,3407;0,4364;0,3794
,73,73,74,74,74,74,74,74,74,74,75,75,75,75,75,75,75,75,75,75,75,75,75,75,76,76,76,76,76,76,76,76,76,76,76,76,76,76,76,77,77,77,77,77,77,77,77,77,77,78,78,78,78,78,78,78,78,78,78,78,79,79,79,79,79,79,80,80,80,80,81,81,81,81,81,81,82,82,82,82,82,82,83,83,83,83,83,83,83,84,84,84,84,84,85,85,85,85,85,86
Fitness 9,448092, Gen ;0,571;0,1622;0,3402;0,5009;0,0197;0,7073;0,3381;0,3252;0,9543;0,3014;0,4514;0,2009;0,0279;0,7803;0,3855;0,6955;0,6056;0,223;0,3407;0,4364;0,3794

Fitness 0,0002147901, Gen ;0,571;0,1622;0,3402;0,5009;0,0197;0,7073;0,3381;0,3252;0,9543;0,3014;0,4514;0,2009;0,0279;0,7803;0,3855;0,6955;0,6056;0,223;0,3407;0,4364;0,3794

Fitness 31,93002, Gen ;0,571;0,1622;0,3402;0,5009;0,0197;0,7073;0,3381;0,3252;0,9543;0,3014;0,4514;0,2009;0,0279;0,7803;0,3855;0,6955;0,6056;0,223;0,3407;0,4364;0,3794
,85,85,85,85,86,86,86,86,86,86,86,86,86,86,86,86,87,87,87,87,87,87,87,87,87,87,87,87,87,88,88,88,88,88,89,89,89,90,90,90,90,90,90,91,91,91,91,91,91,91,91,91,91,92,92,92,92,92,92,92,92,92,93,93,93,93,93,94,94,94,94,95,96,101,102,103,104,104,104,105,105,105,105,106,106,106,106,106,107,107,107,108,108,108,108,109,109,109,110,110
Fitness 0,0001723126, Gen ;0,571;0,1622;0,3402;0,5009;0,0197;0,7073;0,3381;0,3252;0,9543;0,3014;0,4514;0,2009;0,0279;0,7803;0,3855;0,6955;0,6056;0,223;0,3407;0,4364;0,3794

Fitness 9,882589E-05, Gen ;0,571;0,1622;0,3402;0,5009;0,0197;0,7073;0,3381;0,3252;0,9543;0,3014;0,4514;0,2009;0,0279;0,7803;0,3855;0,6955;0,6056;0,223;0,3407;0,4364;0,3794
,76,77,77,77,77,77,77,77,77,77,78,78,78,78,78,78,78,78,78,78,78,78,78,78,78,78,78,78,79,79,79,79,79,79,79,79,79,79,79,79,79,79,79,79,80,80,80,80,80,80,80,80,80,80,80,80,80,80,80,80,81,81,81,81,81,81,81,81,81,81,81,81,81,82,82,82,82,82,82,82,82,82,82,82,82,83,83,83,83,83,83,83,83,84,84,84,84,85,85,85
Fitness 14,8505, Gen ;0,571;0,1622;0,3402;0,5009;0,0197;0,7073;0,3381;0,3252;0,9543;0,3014;0,4514;0,2009;0,0279;0,7803;0,3855;0,6955;0,6056;0,223;0,3407;0,4364;0,3794
,85,85,86,86,86,86,86,86,86,86,86,86,86,86,86,86,86,86,87,87,87,87,87,87,87,87,87,87,87,87,87,88,88,88,88,88,88,88,88,88,88,88,88,88,89,89,89,90,90,90,91,91,91,91,91,92,92,92,92,92,92,92,92,92,92,93,93,93,93,93,93,93,93,93,93,94,94,94,94,94,94,94,94,94,95,95,95,95,95,95,95,96,96,96,96,96,96,97,97,97
Fitness 0,0001149561, Gen ;0,571;0,1622;0,3402;0,5009;0,0197;0,7073;0,3381;0,3252;0,9543;0,3014;0,4514;0,2009;0,0279;0,7803;0,3855;0,6955;0,6056;0,223;0,3407;0,4364;0,3794
,142,142,142,142,142,143,143,144,145,145,166,166,167,167,168,168,168,168,168
Fitness 32,23232, Gen ;0,571;0,1622;0,3402;0,5009;0,0197;0,7073;0,3381;0,3252;0,9543;0,3014;0,4514;0,2009;0,0279;0,7803;0,3855;0,6955;0,6056;0,223;0,3407;0,4364;0,3794
,68,68,68,68,69,69,69,69,69,69,69,69,69,69,69,69,69,70,70,70,70,70,70,70,70,70,70,70,70,70,70,70,71,71,71,71,71,71,71,71,71,71,71,71,71,71,72,72,72,72,72,72,72,72,72,72,72,72,73,73,73,73,73,73,73,73,73,73,73,73,74,74,74,74,74,74,74,74,74,74,75,75,75,75,75,75,75,75,75,75,76,76,76,76,77,77,77,77,77,77
Fitness 21,6706, Gen ;0,571;0,1622;0,3402;0,5009;0,0197;0,7073;0,3381;0,3252;0,9543;0,3014;0,4514;0,2009;0,0279;0,7803;0,3855;0,6955;0,6056;0,223;0,3407;0,4364;0,3794

Fitness 0,0001438383, Gen ;0,571;0,1622;0,3402;0,5009;0,0197;0,7073;0,3381;0,3252;0,9543;0,3014;0,4514;0,2009;0,0279;0,7803;0,3855;0,6955;0,6056;0,223;0,3407;0,4364;0,3794
,64,65,65,65,65,65,65,65,65,65,66,66,66,66,66,66,66,66,66,66,66,66,66,66,67,67,67,67,67,67,67,67,67,67,67,67,67,67,67,67,68,68,68,68,68,68,68,68,68,68,68,68,68,68,68,69,69,69,69,69,69,69,69,69,69,69,69,70,70,70,70,70,70,70,70,70,71,71,71,71,71,71,71,71,71,72,72,72,72,73,73,73,73,74,74,74,74,74,75,75
Fitness 40,59428, Gen ;0,571;0,1622;0,3402;0,5009;0,0197;0,7073;0,3381;0,3252;0,9543;0,3014;0,4514;0,2009;0,0279;0,7803;0,3855;0,6955;0,6056;0,223;0,3407;0,4364;0,3794
,105,106,106,106,106,106,106,106,107,107,107,107,107,107,107,107,107,107,107,107,107,108,108,108,108,108,108,108,108,108,108,108,108,108,108,108,108,108,108,109,109,109,109,109,109,109,109,109,109,109,110,110,110,110,110,110,110,111,111,111,120,120,121,121,121,121,121,121,122,122,122,122,122,122,122,122,122,123,123,123,123,123,123,123,124,124,124,124,124,124,124,124,125,125,125,125,126,126,126,149
Fitness 0,0001373367, Gen ;0,571;0,1622;0,3402;0,5009;0,0197;0,7073;0,3381;0,3252;0,9543;0,3014;0,4514;0,2009;0,0279;0,7803;0,3855;0,6955;0,6056;0,223;0,3407;0,4364;0,3794
,77,78,81,81,81,82,82,82,92,93,93,94,94,94,94,94,94,95,95,95,95,95,95,95,95,95,95,95,96,96,96,96,96,96,96,96,96,96,97,97,97,97,97,97,97,98,98,98,98,98,98,98,98,99,99,99,99,99,99,99,99,100,100,100,100,100,100,100,101,101,103,103,104,104,104,105,105,105,105,105,105,106,106,106,106,106,107,108,113,113,114,114,114,114,115,115,116,116,116,116
Fitness 43,71419, Gen ;0,571;0,1622;0,3402;0,5009;0,0197;0,7073;0,3381;0,3252;0,9543;0,3014;0,4514;0,2009;0,0279;0,7803;0,3855;0,6955;0,6056;0,223;0,3407;0,4364;0,3794
,104,104,104,104,104,104,104,105,105,105,105,105,105,105,105,105,105,105,105,105,105,106,106,106,106,106,106,106,106,106,106,106,106,106,106,106,107,107,107,107,107,107,107,107,107,107,107,107,107,107,108,108,108,108,108,108,108,108,108,108,108,108,109,109,109,109,109,109,109,109,109,109,109,110,110,110,110,110,110,110,110,110,110,110,111,111,111,111,111,111,111,111,111,112,112,112,112,112,113,113
Fitness 2,134997, Gen ;0,571;0,1622;0,3402;0,5009;0,0197;0,7073;0,3381;0,3252;0,9543;0,3014;0,4514;0,2009;0,0279;0,7803;0,3855;0,6955;0,6056;0,223;0,3407;0,4364;0,3794
,106,106,107,107,107,107,107,107,108,108,108,108,108,108,108,109,109,109,109,109,109,109,109,109,109,110,110,110,110,110,110,110,110,110,110,110,110,111,111,111,111,111,111,111,111,111,111,111,111,111,112,112,112,112,112,112,112,112,112,112,113,113,113,113,113,113,113,113,113,113,113,113,114,114,114,114,114,114,114,114,114,114,115,115,115,115,115,115,115,115,115,115,115,116,116,116,116,117,141,142
Fitness 11,52809, Gen ;0,571;0,1622;0,3402;0,5009;0,0197;0,7073;0,3381;0,3252;0,9543;0,3014;0,4514;0,2009;0,0279;0,7803;0,3855;0,6955;0,6056;0,223;0,3407;0,4364;0,3794
,86,87,87,87,87,87,88,88,88,88,89,90,90,90,90,91,91,91,91,91,92,92,92,92,92,92,92,92,92,92,92,92,92,92,92,92,93,93,93,93,93,93,93,93,93,93,93,93,93,93,93,93,93,93,94,94,94,94,94,94,94,94,94,94,94,94,95,95,95,95,95,95,95,95,96,96,96,96,96,96,97,97,97,97,97,97,97,97,98,98,99,99,99,99,99,99,100,100,100,100
Fitness 11,57775, Gen ;0,571;0,1622;0,3402;0,5009;0,0197;0,7073;0,3381;0,3252;0,9543;0,3014;0,4514;0,2009;0,0279;0,7803;0,3855;0,6955;0,6056;0,223;0,3407;0,4364;0,3794
,117,117,117,117,118,118,118,118,118,118,118,118,118,118,118,118,118,118,118,119,119,119,119,119,119,119,119,119,119,119,119,119,120,120,120,120,120,120,120,120,120,120,120,120,120,120,121,121,121,121,121,121,121,121,121,121,122,122,122,122,122,122,122,122,122,123,123,123,123,123,123,123,123,123,124,124,124,124,124,124,124,124,125,125,125,125,125,125,125,125,125,125,126,126,126,127,127,127,128,128
Fitness 3,3958, Gen ;0,571;0,1622;0,3402;0,5009;0,0197;0,7073;0,3381;0,3252;0,9543;0,3014;0,4514;0,2009;0,0279;0,7803;0,3855;0,6955;0,6056;0,223;0,3407;0,4364;0,3794
,91,91,91,94,95,95,95,95,96,96,96,96,96,96,96,96,96,97,97,97,97,97,97,97,97,97,97,97,97,97,98,98,98,98,98,98,98,98,98,98,98,98,98,98,98,99,99,99,99,99,99,99,99,99,100,100,100,100,100,100,100,100,100,100,100,100,101,101,101,101,101,101,101,102,102,102,102,102,102,102,103,103,103,103,103,103,103,104,104,104,104,104,104,104,105,105,105,106,106,106
Fitness 19,42985, Gen ;0,571;0,1622;0,3402;0,5009;0,0197;0,7073;0,3381;0,3252;0,9543;0,3014;0,4514;0,2009;0,0279;0,7803;0,3855;0,6955;0,6056;0,223;0,3407;0,4364;0,3794
,124,124,124,124,125,125,125,125,125,125,125,125,125,125,125,126,126,126,126,126,126,127,127,127,127,127,127,128,128,128,128,135,135,135,135,136,136,136,136,136,136,136,136,137,137,137,137,137,137,137,137,138,138,138,138,138,138,138,138,138,139,139,139,139,139,139,139,140,140,140,140,140,140,140,141,141,141,141,141,141,141,142,142,142,142,142,142,142,143,143,143,144,144,144,144,144,145,145,145,145
Fitness 5,485767, Gen ;0,571;0,1622;0,3402;0,5009;0,0197;0,7073;0,3381;0,3252;0,9543;0,3014;0,4514;0,2009;0,0279;0,7803;0,3855;0,6955;0,6056;0,223;0,3407;0,4364;0,3794
,95,96,96,96,96,96,96,96,96,96,96,96,96,96,97,97,97,97,97,97,97,97,97,97,97,97,97,98,98,98,98,98,98,98,98,98,98,98,98,98,99,99,99,99,99,99,99,99,99,99,99,99,99,100,100,100,100,100,100,100,100,100,100,101,101,101,101,101,101,101,101,101,101,101,101,101,102,102,102,102,102,102,102,102,102,102,102,103,103,103,103,103,103,103,103,103,103,104,104,104
Fitness 15,70425, Gen ;0,571;0,1622;0,3402;0,5009;0,0197;0,7073;0,3381;0,3252;0,9543;0,3014;0,4514;0,2009;0,0279;0,7803;0,3855;0,6955;0,6056;0,223;0,3407;0,4364;0,3794
,84,84,84,85,85,85,85,85,85,85,85,85,85,85,86,86,86,86,86,86,86,86,86,86,86,86,86,86,86,86,87,87,87,87,87,87,87,87,87,87,87,87,87,88,88,88,88,88,89,91,92,92,92,92,92,92,92,92,92,92,93,93,93,93,93,93,93,93,93,93,93,93,94,94,94,94,94,94,94,94,94,95,95,95,95,95,95,95,95,95,95,96,96,96,96,97,97,97,98,98
Fitness 1,864399, Gen ;0,571;0,1622;0,3402;0,5009;0,0197;0,7073;0,3381;0,3252;0,9543;0,3014;0,4514;0,2009;0,0279;0,7803;0,3855;0,6955;0,6056;0,223;0,3407;0,4364;0,3794
,96,96,96,96,96,96,96,96,96,96,96,96,96,96,96,97,97,97,97,97,97,97,97,97,97,97,97,97,97,97,97,97,97,97,97,97,98,98,98,98,98,98,98,98,98,98,98,98,98,98,98,98,98,98,98,98,98,98,98,98,99,99,99,99,99,99,99,99,99,99,99,99,99,99,99,99,99,99,100,100,100,100,100,100,100,100,100,100,100,100,100,100,100,100,101,101,101,101,101,101
Fitness 16,68017, Gen ;0,571;0,1622;0,3402;0,5009;0,0197;0,7073;0,3381;0,3252;0,9543;0,3014;0,4514;0,2009;0,0279;0,7803;0,3855;0,6955;0,6056;0,223;0,3407;0,4364;0,3794
,75,75,75,75,75,75,75,75,75,75,75,75,75,75,75,76,76,76,76,76,76,76,76,76,76,76,76,76,77,77,77,77,77,77,77,77,77,77,77,77,78,78,78,78,78,78,78,78,79,79,79,79,79,79,79,79,80,81,83,85,85,85,86,86,86,86,87,88,88,93,94,95,95,95,96,96,96,96,96,96,97,97,97,97,97,97,97,97,97,98,98,98,98,98,99,99,99,99,99,99
Fitness 21,63108, Gen ;0,571;0,1622;0,3402;0,5009;0,0197;0,7073;0,3381;0,3252;0,9543;0,3014;0,4514;0,2009;0,0279;0,7803;0,3855;0,6955;0,6056;0,223;0,3407;0,4364;0,3794

Fitness 17,96387, Gen ;0,571;0,1622;0,3402;0,5009;0,0197;0,7073;0,3381;0,3252;0,9543;0,3014;0,4514;0,2009;0,0279;0,7803;0,3855;0,6955;0,6056;0,223;0,3407;0,4364;0,3794
,108,108,108,108,108,108,108,108,108,108,108,108,108,108,108,108,109,109,109,109,109,109,109,109,109,109,109,109,109,109,109,109,109,109,110,110,110,110,110,110,110,110,111,111,111,111,111,111,111,111,111,111,111,111,111,111,111,112,112,112,112,112,112,112,112,112,113,113,113,113,113,113,113,113,113,113,113,114,114,114,115,115,115,115,115,115,115,115,115,115,115,116,116,116,116,117,117,117,117,117
Fitness 22,11173, Gen ;0,571;0,1622;0,3402;0,5009;0,0197;0,7073;0,3381;0,3252;0,9543;0,3014;0,4514;0,2009;0,0279;0,7803;0,3855;0,6955;0,6056;0,223;0,3407;0,4364;0,3794
,97,97,97,97,97,98,98,98,98,98,98,98,98,99,99,99,99,99,99,99,99,99,100,100,100,100,100,100,100,101,101,101,101,101,101,101,102,102,102,102,102,102,102,102,103,103,103,103,103,103,104,104,104,104,104,104,104,105,105,105,105,105,105,105,105,106,106,106,106,106,107,107,107,107,108,108,108,108,109,110,110,110,111,111,111,111,111,112,112,112,113,115,119,121,121,121,122,123,125,127
Fitness 0,0001241634, Gen ;0,571;0,1622;0,3402;0,5009;0,0197;0,7073;0,3381;0,3252;0,9543;0,3014;0,4514;0,2009;0,0279;0,7803;0,3855;0,6955;0,6056;0,223;0,3407;0,4364;0,3794

Fitness 9,489747, Gen ;0,571;0,1622;0,3402;0,5009;0,0197;0,7073;0,3381;0,3252;0,9543;0,3014;0,4514;0,2009;0,0279;0,7803;0,3855;0,6955;0,6056;0,223;0,3407;0,4364;0,3794
,91,92,92,93,93,94,94,95,95,95,95,95,96,96,96,96,96,96,96,96,96,97,97,97,97,97,97,97,97,97,97,97,97,97,97,97,97,98,98,98,98,98,98,98,98,98,98,98,98,98,99,99,99,99,99,99,99,99,99,99,99,99,99,99,100,100,100,100,100,100,100,100,100,100,100,101,101,101,101,101,101,101,101,101,101,101,102,102,102,102,102,102,102,103,103,103,103,104,104,104
Fitness 7,451733, Gen ;0,571;0,1622;0,3402;0,5009;0,0197;0,7073;0,3381;0,3252;0,9543;0,3014;0,4514;0,2009;0,0279;0,7803;0,3855;0,6955;0,6056;0,223;0,3407;0,4364;0,3794

Fitness 0,0001698043, Gen ;0,571;0,1622;0,3402;0,5009;0,0197;0,7073;0,3381;0,3252;0,9543;0,3014;0,4514;0,2009;0,0279;0,7803;0,3855;0,6955;0,6056;0,223;0,3407;0,4364;0,3794
,111,112,112,112,112,112,113,113,113,113,113,113,113,113,113,113,114,114,114,114,114,114,114,114,114,114,115,115,115,115,115,115,115,115,116,116,116,116,116,116,116,116,116,117,117,117,117,117,117,117,117,117,118,118,118,118,118,118,119,119,119,121,121,122,122,122,122,122,122,123,123,123,123,124,124,124,124,124,124,124,125,125,125,125,125,125,125,125,125,125,126,126,126,127,127,127,128,128,128,128
Fitness 16,75821, Gen ;0,571;0,1622;0,3402;0,5009;0,0197;0,7073;0,3381;0,3252;0,9543;0,3014;0,4514;0,2009;0,0279;0,7803;0,3855;0,6955;0,6056;0,223;0,3407;0,4364;0,3794
,72,72,72,72,73,73,73,73,73,73,73,73,73,73,73,73,73,73,74,74,74,74,74,74,74,74,74,74,74,74,74,75,75,75,75,75,75,75,75,75,75,75,75,75,76,76,76,76,76,76,76,76,76,76,76,77,77,77,77,77,77,77,77,78,78,78,78,78,79,79,79,80,80,80,80,80,80,80,81,81,81,81,81,81,82,82,82,82,82,82,82,82,83,83,83,83,83,84,84,84
Fitness 7,093738E-05, Gen ;0,571;0,1622;0,3402;0,5009;0,0197;0,7073;0,3381;0,3252;0,9543;0,3014;0,4514;0,2009;0,0279;0,7803;0,3855;0,6955;0,6056;0,223;0,3407;0,4364;0,3794
,75,75,76,76,76,76,76,76,76,76,76,76,76,76,76,76,77,77,77,77,77,77,77,77,77,77,77,77,77,77,77,77,78,78,78,78,78,78,78,78,78,78,78,79,79,79,79,79,79,79,79,79,79,79,79,80,80,80,80,80,80,80,80,80,81,81,81,81,81,82,82,82,88,88,88,88,89,89,89,89,90,90,90,90,90,90,90,91,91,91,91,91,91,92,92,92,93,93,93,94
Fitness 5,725997, Gen ;0,571;0,1622;0,3402;0,5009;0,0197;0,7073;0,3381;0,3252;0,9543;0,3014;0,4514;0,2009;0,0279;0,7803;0,3855;0,6955;0,6056;0,223;0,3407;0,4364;0,3794

Fitness 33,63497, Gen ;0,571;0,1622;0,3402;0,5009;0,0197;0,7073;0,3381;0,3252;0,9543;0,3014;0,4514;0,2009;0,0279;0,7803;0,3855;0,6955;0,6056;0,223;0,3407;0,4364;0,3794
,87,88,89,89,90,90,90,90,90,90,91,92,92,92,92,92,92,92,92,92,92,92,93,93,93,93,93,93,93,93,93,93,93,93,93,93,93,93,93,94,94,94,94,94,94,94,94,94,94,94,94,94,95,95,95,95,95,95,95,95,95,95,96,96,96,96,96,96,97,98,98,99,99,99,100,100,100,101,101,101,101,101,102,102,102,102,102,102,102,103,103,103,103,104,104,104,104,105,105,105
Fitness 26,07046, Gen ;0,571;0,1622;0,3402;0,5009;0,0197;0,7073;0,3381;0,3252;0,9543;0,3014;0,4514;0,2009;0,0279;0,7803;0,3855;0,6955;0,6056;0,223;0,3407;0,4364;0,3794
,90,90,90,91,91,91,91,91,91,91,91,91,91,91,91,92,92,92,92,92,92,92,92,92,92,92,92,92,92,92,92,92,92,92,92,92,92,92,92,92,93,93,93,93,93,93,93,93,93,93,93,93,93,93,93,93,93,94,94,94,94,94,94,94,94,94,94,94,94,94,95,95,95,95,95,95,95,95,95,96,96,96,96,96,96,96,96,96,96,96,96,96,97,97,97,98,98,99,99
Fitness 8,747546E-05, Gen ;0,571;0,1622;0,3402;0,5009;0,0197;0,7073;0,3381;0,3252;0,9543;0,3014;0,4514;0,2009;0,0279;0,7803;0,3855;0,6955;0,6056;0,223;0,3407;0,4364;0,3794
,95,96,96,96,96,97,97,97,97,97,97,97,97,97,97,97,97,97,98,98,98,98,98,98,98,98,98,98,98,99,99,99,99,99,99,99,99,99,100,100,100,100,100,100,101,101,101,102,103,104,107,108,108,108,108,109,109,109,109,109,109,110,110,110,110,111,111,111,111,111,111,112,112,112,112,112,112,112,112,113,113,113,113,113,114,114,114,114,114,114,114,114,115,115,115,115,115,115,119,141
Fitness 16,86102, Gen ;0,571;0,1622;0,3402;0,5009;0,0197;0,7073;0,3381;0,3252;0,9543;0,3014;0,4514;0,2009;0,0279;0,7803;0,3855;0,6955;0,6056;0,223;0,3407;0,4364;0,3794
,77,78,78,78,78,78,78,78,78,78,78,78,78,78,78,78,78,78,78,79,79,79,79,79,79,79,79,79,79,79,79,79,79,79,79,79,79,79,79,79,80,80,80,80,80,80,80,80,80,80,80,81,81,81,81,81,81,81,81,81,82,82,82,82,82,82,82,82,82,82,82,83,83,83,83,83,83,83,83,83,83,84,84,84,84,84,84,84,85,85,85,86,86,86,90,98,99,99,100,100
Fitness 5,88636E-05, Gen ;0,571;0,1622;0,3402;0,5009;0,0197;0,7073;0,3381;0,3252;0,9543;0,3014;0,4514;0,2009;0,0279;0,7803;0,3855;0,6955;0,6056;0,223;0,3407;0,4364;0,3794
,78,78,78,78,78,78,78,78,79,79,79,79,79,79,79,79,79,79,79,79,79,79,79,79,79,79,79,79,80,80,80,80,80,80,80,80,80,80,80,80,80,80,81,81,81,81,81,81,81,81,81,81,82,82,82,82,82,82,82,82,82,82,83,83,83,83,83,83,83,83,83,84,84,84,84,84,84,84,84,85,85,85,85,85,85,85,86,88,88,88,88,88,88,89,90,90,90,90,91,91
Fitness 4,025612, Gen ;0,571;0,1622;0,3402;0,5009;0,0197;0,7073;0,3381;0,3252;0,9543;0,3014;0,4514;0,2009;0,0279;0,7803;0,3855;0,6955;0,6056;0,223;0,3407;0,4364;0,3794
,125,125,125,125,125,125,125,125,126,126,126,126,126,126,126,126,126,126,126,126,126,126,127,127,127,127,127,127,127,127,127,127,127,127,127,127,127,128,128,128,128,128,128,128,128,128,128,128,129,129,129,129,129,129,129,129,129,129,130,130,130,130,130,130,130,130,131,131,131,131,131,131,132,132,132,132,132,132,132,132,133,133,133,133,133,133,133,133,134,134,135,135,135,135,135,136,136,136,136,137
Fitness 22,42829, Gen ;0,571;0,1622;0,3402;0,5009;0,0197;0,7073;0,3381;0,3252;0,9543;0,3014;0,4514;0,2009;0,0279;0,7803;0,3855;0,6955;0,6056;0,223;0,3407;0,4364;0,3794
,89,89,90,90,90,90,90,90,90,90,91,91,91,91,91,91,91,91,91,91,91,91,91,91,92,92,92,92,92,92,92,92,92,92,93,93,93,93,93,93,93,93,93,93,94,94,94,94,94,94,94,94,94,94,94,95,95,95,95,95,95,95,95,95,95,95,95,95,96,96,96,99,100,100,101,101,101,103,104,104,104,104,105,105,105,105,106,106,106,106,106,106,107,107,107,108,108,108,108,109
Fitness 27,48354, Gen ;0,571;0,1622;0,3402;0,5009;0,0197;0,7073;0,3381;0,3252;0,9543;0,3014;0,4514;0,2009;0,0279;0,7803;0,3855;0,6955;0,6056;0,223;0,3407;0,4364;0,3794
,106,106,106,107,107,107,107,107,107,107,107,107,107,107,107,107,107,107,107,107,107,108,108,108,108,108,108,108,108,108,108,108,108,108,108,108,108,108,109,109,109,109,109,109,109,109,109,109,109,109,110,110,110,110,110,110,110,111,111,111,111,111,111,112,112,112,113,113,113,113,114,114,114,115,115,115,116,116,116,116,117,117,121,122,122,123,123,123,123,123,124,124,125,131,132
Fitness 3,328144, Gen ;0,571;0,1622;0,3402;0,5009;0,0197;0,7073;0,3381;0,3252;0,9543;0,3014;0,4514;0,2009;0,0279;0,7803;0,3855;0,6955;0,6056;0,223;0,3407;0,4364;0,3794

Fitness 15,10749, Gen ;0,571;0,1622;0,3402;0,5009;0,0197;0,7073;0,3381;0,3252;0,9543;0,3014;0,4514;0,2009;0,0279;0,7803;0,3855;0,6955;0,6056;0,223;0,3407;0,4364;0,3794
,129,129,129,129,129,130,130,130,130,130,141,141,141,141,142,142,142,142,142,150,150,151,151,151,151,151,151,151,152,152,152,152,152,152,152,152,153,153,153,153,153,153,153,153,153,153,153,153,153,154,154,154,154,154,154,155,155,155,155,155,155,155,155,156,156,156,156,156,157,157,157,157,157,157,158,159,159,159,160,160
Fitness 9,259539E-05, Gen ;0,571;0,1622;0,3402;0,5009;0,0197;0,7073;0,3381;0,3252;0,9543;0,3014;0,4514;0,2009;0,0279;0,7803;0,3855;0,6955;0,6056;0,223;0,3407;0,4364;0,3794
,71,72,72,72,72,73,73,73,73,73,73,73,73,74,74,74,74,74,74,74,74,74,75,75,75,75,75,75,75,75,75,75,75,75,75,75,76,76,76,76,76,76,76,76,76,76,76,76,76,76,76,76,76,76,76,77,77,77,77,77,77,77,77,77,77,77,78,78,78,78,78,78,78,78,78,78,78,79,79,79,79,79,79,79,79,79,79,80,80,80,80,80,80,80,80,80,81,81,81
Fitness 8,234471E-05, Gen ;0,571;0,1622;0,3402;0,5009;0,0197;0,7073;0,3381;0,3252;0,9543;0,3014;0,4514;0,2009;0,0279;0,7803;0,3855;0,6955;0,6056;0,223;0,3407;0,4364;0,3794
,101,101,102,102,102,102,102,102,102,102,102,102,102,102,102,102,103,103,103,103,103,103,103,103,103,103,103,103,103,103,104,104,104,104,104,104,104,104,104,104,104,104,104,105,105,105,105,105,105,105,105,105,106,106,106,106,106,106,106,107,107,107,107,107,108,108,108,109,112,112,113,113,113,113,114,114,114,115,116,116,116,116,117,117,117,118,118,118,118,119,119,120,120,120,121,121,121,121,122,122
Fitness 0,0001610938, Gen ;0,571;0,1622;0,3402;0,5009;0,0197;0,7073;0,3381;0,3252;0,9543;0,3014;0,4514;0,2009;0,0279;0,7803;0,3855;0,6955;0,6056;0,223;0,3407;0,4364;0,3794
,89,89,92,93,93,94,94,94,95,95,95,95,95,95,95,96,96,96,96,96,96,96,96,96,96,96,96,96,96,96,96,96,96,96,96,96,97,97,97,97,97,97,97,97,97,97,97,97,97,97,97,97,97,98,98,98,98,98,98,98,98,98,98,98,98,99,99,99,99,99,99,99,99,99,100,101,101,102,102,102,102,103,103,103,103,104,104,104,104,105,105,105,105,106,106,106,107,107,108
Fitness 0,0002002859, Gen ;0,571;0,1622;0,3402;0,5009;0,0197;0,7073;0,3381;0,3252;0,9543;0,3014;0,4514;0,2009;0,0279;0,7803;0,3855;0,6955;0,6056;0,223;0,3407;0,4364;0,3794
,81,81,81,81,82,82,82,82,82,82,82,82,82,82,82,82,83,83,83,83,83,83,83,83,83,83,83,83,83,83,83,83,83,84,84,84,84,84,84,84,84,84,84,84,84,84,84,85,85,85,85,85,85,85,85,85,85,85,85,85,86,86,86,86,86,86,86,86,86,86,86,86,87,87,87,87,87,87,87,87,87,87,88,88,88,88,88,88,88,88,88,88,89,89,89,89,89,90,90,90
Fitness 8,648685, Gen ;0,571;0,1622;0,3402;0,5009;0,0197;0,7073;0,3381;0,3252;0,9543;0,3014;0,4514;0,2009;0,0279;0,7803;0,3855;0,6955;0,6056;0,223;0,3407;0,4364;0,3794
,165,165,165,165,165,165,165,165,165,166,166,166,166,166,167,167,167,167,172,173,173,173,174,174,174,174,174,174,174,175,175,175,175,175,175,175,175,176,176,176,176,176,177,177,177,177,178,178,178,179
Fitness 3,326812E-05, Gen ;0,571;0,1622;0,3402;0,5009;0,0197;0,7073;0,3381;0,3252;0,9543;0,3014;0,4514;0,2009;0,0279;0,7803;0,3855;0,6955;0,6056;0,223;0,3407;0,4364;0,3794
,95,95,95,95,95,95,95,95,96,96,96,96,96,96,96,96,96,96,96,96,96,96,97,97,97,97,97,97,97,97,97,97,97,97,97,97,98,98,98,98,98,98,98,98,98,98,98,98,98,98,98,98,98,98,99,99,99,99,99,99,99,99,99,99,99,100,100,100,100,100,100,100,100,101,101,101,101,101,101,101,102,102,102,102,103,103,103,103,103,104,104,104,105,105,105,106,106,106,106,106
Fitness 27,53569, Gen ;0,571;0,1622;0,3402;0,5009;0,0197;0,7073;0,3381;0,3252;0,9543;0,3014;0,4514;0,2009;0,0279;0,7803;0,3855;0,6955;0,6056;0,223;0,3407;0,4364;0,3794
,75,75,75,75,75,75,75,75,75,75,75,75,75,76,76,76,76,76,76,76,76,76,76,76,76,76,76,76,76,76,77,77,77,77,77,77,77,77,77,77,77,77,77,77,78,78,78,78,78,78,78,78,78,78,78,78,78,79,79,79,79,79,79,79,79,79,79,80,80,80,80,80,80,80,80,80,81,81,81,81,81,81,81,81,82,82,82,82,82,82,82,82,83,83,83,83,84,84,84,84
Fitness 0,0003009601, Gen ;0,571;0,1622;0,3402;0,5009;0,0197;0,7073;0,3381;0,3252;0,9543;0,3014;0,4514;0,2009;0,0279;0,7803;0,3855;0,6955;0,6056;0,223;0,3407;0,4364;0,3794

Fitness 15,50834, Gen ;0,571;0,1622;0,3402;0,5009;0,0197;0,7073;0,3381;0,3252;0,9543;0,3014;0,4514;0,2009;0,0279;0,7803;0,3855;0,6955;0,6056;0,223;0,3407;0,4364;0,3794
,95,95,95,95,95,95,95,95,95,95,95,95,95,95,95,96,96,96,96,96,96,96,96,96,96,96,96,96,96,96,96,96,96,96,97,97,97,97,97,97,97,97,97,97,97,98,98,98,98,98,99,99,99,99,100,100,100,100,100,100,100,101,101,101,101,102,102,103,103,103,103,103,103,103,104,104,104,104,104,104,105,105,105,105,105,105,105,105,105,105,106,106,107,107,107,107,107,107,108,108
Fitness 33,26809, Gen ;0,571;0,1622;0,3402;0,5009;0,0197;0,7073;0,3381;0,3252;0,9543;0,3014;0,4514;0,2009;0,0279;0,7803;0,3855;0,6955;0,6056;0,223;0,3407;0,4364;0,3794
,79,80,80,80,80,80,80,80,80,80,80,80,80,80,81,81,81,81,81,81,81,81,81,81,81,81,81,81,81,82,82,82,82,82,82,82,82,82,82,82,82,82,82,82,82,83,83,83,83,83,83,83,83,83,83,83,83,83,83,83,84,84,84,84,84,84,84,84,84,84,84,84,84,84,84,85,85,85,85,85,85,85,85,86,86,86,86,86,86,87,87,87,87,88,104
Fitness 0,0001008857, Gen ;0,571;0,1622;0,3402;0,5009;0,0197;0,7073;0,3381;0,3252;0,9543;0,3014;0,4514;0,2009;0,0279;0,7803;0,3855;0,6955;0,6056;0,223;0,3407;0,4364;0,3794
,82,82,82,83,83,83,83,83,83,83,83,83,83,83,83,84,84,84,84,84,84,84,84,84,84,84,84,84,84,84,84,84,84,85,85,85,85,85,85,85,85,85,85,85,85,85,85,86,86,86,86,86,86,86,86,86,87,87,88,88,93,93,93,94,94,94,94,95,95,95,95,95,95,95,96,96,96,96,96,96,96,97,97,97,97,97,97,97,97,97,97,98,98,98,98,99,99,99,99,100
Fitness 14,78323, Gen ;0,571;0,1622;0,3402;0,5009;0,0197;0,7073;0,3381;0,3252;0,9543;0,3014;0,4514;0,2009;0,0279;0,7803;0,3855;0,6955;0,6056;0,223;0,3407;0,4364;0,3794

Fitness 3,721777E-05, Gen ;0,571;0,1622;0,3402;0,5009;0,0197;0,7073;0,3381;0,3252;0,9543;0,3014;0,4514;0,2009;0,0279;0,7803;0,3855;0,6955;0,6056;0,223;0,3407;0,4364;0,3794
,118,119,119,119,119,119,119,120,121,121,121,129,130,130,130,130,130,130,130,130,131,131,131,131,131,131,131,131,131,131,131,131,131,132,132,132,132,132,132,132,132,132,132,132,132,132,132,133,133,133,133,133,133,133,133,133,133,133,133,133,134,134,134,134,134,134,134,134,134,134,134,134,135,135,135,135,135,135,135,135,136,136,136,136,136,136,136,136,136,137,137,137,137,138,138,138,138,139,139,140
Fitness 20,84459, Gen ;0,571;0,1622;0,3402;0,5009;0,0197;0,7073;0,3381;0,3252;0,9543;0,3014;0,4514;0,2009;0,0279;0,7803;0,3855;0,6955;0,6056;0,223;0,3407;0,4364;0,3794
,102,102,102,102,102,102,102,102,102,102,103,103,103,103,103,103,103,103,103,103,103,103,103,103,103,103,103,104,104,104,104,104,104,104,104,104,104,104,104,105,105,105,105,105,105,105,105,105,105,106,106,106,106,106,106,106,106,107,107,107,107,107,107,107,107,107,108,108,108,108,108,108,108,108,108,108,108,109,109,109,109,109,110,110,110,110,110,110,111,111,112,113,114,114,115,118,119,119,120,170
Fitness 0,000175156, Gen ;0,571;0,1622;0,3402;0,5009;0,0197;0,7073;0,3381;0,3252;0,9543;0,3014;0,4514;0,2009;0,0279;0,7803;0,3855;0,6955;0,6056;0,223;0,3407;0,4364;0,3794

Fitness 2,642109, Gen ;0,571;0,1622;0,3402;0,5009;0,0197;0,7073;0,3381;0,3252;0,9543;0,3014;0,4514;0,2009;0,0279;0,7803;0,3855;0,6955;0,6056;0,223;0,3407;0,4364;0,3794

Fitness 0,2603179, Gen ;0,571;0,1622;0,3402;0,5009;0,0197;0,7073;0,3381;0,3252;0,9543;0,3014;0,4514;0,2009;0,0279;0,7803;0,3855;0,6955;0,6056;0,223;0,3407;0,4364;0,3794

Fitness 0,0001130921, Gen ;0,571;0,1622;0,3402;0,5009;0,0197;0,7073;0,3381;0,3252;0,9543;0,3014;0,4514;0,2009;0,0279;0,7803;0,3855;0,6955;0,6056;0,223;0,3407;0,4364;0,3794
,76,76,76,77,77,77,77,77,77,77,77,77,77,78,78,78,78,78,78,78,78,78,78,78,78,78,78,78,78,78,78,79,79,79,79,79,79,79,79,79,79,79,79,79,80,80,80,80,80,80,80,80,80,80,80,80,80,80,81,81,81,81,81,81,81,81,81,81,81,82,82,82,82,82,82,82,82,82,82,82,83,83,83,83,83,83,83,84,84,84,84,84,84,84,84,84,85,85,85,85
Fitness 0,0001059964, Gen ;0,571;0,1622;0,3402;0,5009;0,0197;0,7073;0,3381;0,3252;0,9543;0,3014;0,4514;0,2009;0,0279;0,7803;0,3855;0,6955;0,6056;0,223;0,3407;0,4364;0,3794
,84,84,85,85,85,85,85,85,85,85,85,85,86,86,86,86,86,86,86,86,86,86,86,86,86,86,86,86,86,86,86,87,87,87,87,87,87,87,87,87,87,87,87,87,88,88,88,88,88,88,88,88,88,88,88,88,88,89,89,89,89,89,89,89,89,89,90,90,90,90,90,90,90,90,90,90,90,91,91,91,91,91,91,91,91,92,92,92,92,92,92,93,93,93,93,93,94,94,94,95
Fitness 0,0001140414, Gen ;0,571;0,1622;0,3402;0,5009;0,0197;0,7073;0,3381;0,3252;0,9543;0,3014;0,4514;0,2009;0,0279;0,7803;0,3855;0,6955;0,6056;0,223;0,3407;0,4364;0,3794
,83,83,83,83,83,83,84,84,84,84,84,84,84,85,85,85,85,85,85,85,85,85,85,85,86,86,86,86,86,86,87,87,87,87,88,88,88,88,88,88,89,89,89,89,89,89,89,89,90,90,90,90,90,90,90,90,90,90,90,91,91,91,91,91,91,91,91,91,91,91,91,92,92,92,92,92,92,92,93,93,93,93,93,93,93,93,94,94,94,94,94,94,95,95,95,95,96,96,97,98
Fitness 31,77106, Gen ;0,571;0,1622;0,3402;0,5009;0,0197;0,7073;0,3381;0,3252;0,9543;0,3014;0,4514;0,2009;0,0279;0,7803;0,3855;0,6955;0,6056;0,223;0,3407;0,4364;0,3794

Fitness 23,56345, Gen ;0,571;0,1622;0,3402;0,5009;0,0197;0,7073;0,3381;0,3252;0,9543;0,3014;0,4514;0,2009;0,0279;0,7803;0,3855;0,6955;0,6056;0,223;0,3407;0,4364;0,3794

Fitness 21,75807, Gen ;0,571;0,1622;0,3402;0,5009;0,0197;0,7073;0,3381;0,3252;0,9543;0,3014;0,4514;0,2009;0,0279;0,7803;0,3855;0,6955;0,6056;0,223;0,3407;0,4364;0,3794
,105,105,105,106,106,106,106,106,106,106,106,106,106,106,106,106,107,107,107,107,107,107,107,107,107,107,107,107,107,107,107,107,107,108,108,108,108,108,108,108,108,108,108,108,108,108,109,109,109,109,109,109,109,110,110,110,123,124,124,124,124,124,125,125,125,125,125,126,126,126,126,126,127,127,127,127,127,127,127,127,127,128,128,128,128,128,129,129,130,130,130,130,130,131,131,131,131,132,132
Fitness 0,0001408313, Gen ;0,571;0,1622;0,3402;0,5009;0,0197;0,7073;0,3381;0,3252;0,9543;0,3014;0,4514;0,2009;0,0279;0,7803;0,3855;0,6955;0,6056;0,223;0,3407;0,4364;0,3794
,85,85,85,85,85,86,86,86,86,86,86,86,86,86,86,86,86,87,87,87,87,87,87,87,87,87,87,87,87,87,88,88,88,88,88,88,88,88,88,88,88,88,88,89,89,89,89,89,89,89,89,89,89,90,90,90,90,90,90,90,90,90,91,91,91,91,91,91,91,92,92,92,94,95,95,95,95,95,96,96,96,96,96,96,97,97,97,97,97,97,98,98,98,98,99,99,99,100,100,100
Fitness 0,0001590427, Gen ;0,571;0,1622;0,3402;0,5009;0,0197;0,7073;0,3381;0,3252;0,9543;0,3014;0,4514;0,2009;0,0279;0,7803;0,3855;0,6955;0,6056;0,223;0,3407;0,4364;0,3794
,83,84,95,95,96,96,96,96,96,96,96,96,96,96,96,97,97,97,97,97,97,97,97,97,97,97,97,97,97,97,97,97,97,98,98,98,98,98,98,98,98,98,98,99,99,99,99,99,99,99,100,101,101,103,105,106,106,106,106,106,106,106,107,107,107,107,108,108,108,108,108,109,109,109,109,110,110,110,110,111,111,111,112,112,112,112,113,113,113,114,114,114,114,115,115,117,118,118,119,149
Fitness 3,062106E-05, Gen ;0,571;0,1622;0,3402;0,5009;0,0197;0,7073;0,3381;0,3252;0,9543;0,3014;0,4514;0,2009;0,0279;0,7803;0,3855;0,6955;0,6056;0,223;0,3407;0,4364;0,3794
,76,76,76,76,76,76,76,77,77,77,77,77,77,77,77,77,77,77,77,77,78,78,78,78,78,78,78,78,78,78,78,78,78,78,79,79,79,79,79,79,79,79,79,79,79,80,80,80,80,80,80,80,80,80,80,80,80,81,81,81,81,82,82,82,83,83,83,83,83,83,83,84,84,84,84,84,84,84,85,85,85,85,85,85,86,86,86,86,86,86,87,87,87,87,88,88,88,88,89,89
Fitness 20,06162, Gen ;0,571;0,1622;0,3402;0,5009;0,0197;0,7073;0,3381;0,3252;0,9543;0,3014;0,4514;0,2009;0,0279;0,7803;0,3855;0,6955;0,6056;0,223;0,3407;0,4364;0,3794
,32,88,88,88,88,89,89,89,89,89,89,89,89,90,90,90,90,90,90,90,91,93,93,93,93,93,93,94,94,94,94,94,94,94,94,94,94,94,94,94,94,95,95,95,95,95,95,95,95,95,95,95,95,95,95,96,96,96,96,96,96,96,96,96,96,96,97,97,97,97,97,97,97,97,97,97,97,98,98,99,99,99,100,100,100,100,101,101,101,101,101,102,102,102,103,103,103,103,103,103
Fitness 2,640568, Gen ;0,571;0,1622;0,3402;0,5009;0,0197;0,7073;0,3381;0,3252;0,9543;0,3014;0,4514;0,2009;0,0279;0,7803;0,3855;0,6955;0,6056;0,223;0,3407;0,4364;0,3794
,84,84,84,84,84,84,84,84,84,84,85,85,85,85,85,85,85,85,85,85,85,85,85,85,85,85,85,85,86,86,86,86,86,86,86,86,86,86,86,86,86,86,87,87,87,87,87,87,87,87,87,87,87,87,87,87,88,88,88,88,88,88,89,89,89,89,89,89,89,90,90,90,90,90,92,93,93,93,93,93,93,93,93,94,94,94,94,94,94,94,94,95,95,95,95,96,96,96,97,98
Fitness 28,84012, Gen ;0,571;0,1622;0,3402;0,5009;0,0197;0,7073;0,3381;0,3252;0,9543;0,3014;0,4514;0,2009;0,0279;0,7803;0,3855;0,6955;0,6056;0,223;0,3407;0,4364;0,3794
,78,78,78,78,78,78,78,78,78,79,79,79,79,79,79,79,79,79,79,79,79,79,80,80,80,80,80,80,80,80,80,80,80,80,80,81,81,81,81,81,81,81,81,82,82,82,82,82,83,83,86,89,97,97,97,97,98,98,98,99,99,99,99,99,99,100,100,100,100,100,101,101,101,101,101,101,101,101,101,102,102,102,102,102,103,103,103,103,103,104,105,105,105,106,106,106,106,106,107,107
Fitness 17,76668, Gen ;0,571;0,1622;0,3402;0,5009;0,0197;0,7073;0,3381;0,3252;0,9543;0,3014;0,4514;0,2009;0,0279;0,7803;0,3855;0,6955;0,6056;0,223;0,3407;0,4364;0,3794
,75,75,75,75,75,75,75,76,76,76,76,76,76,76,76,76,76,76,76,77,77,77,77,77,77,77,77,77,77,77,77,77,77,77,78,78,78,78,78,78,78,78,78,78,78,78,79,79,79,79,79,79,79,79,79,79,80,80,80,80,80,80,80,80,81,81,81,81,81,81,81,81,81,81,82,82,82,82,82,82,82,82,83,83,83,83,83,83,83,83,83,83,84,84,84,84,85,85,85,85
Fitness 21,98108, Gen ;0,571;0,1622;0,3402;0,5009;0,0197;0,7073;0,3381;0,3252;0,9543;0,3014;0,4514;0,2009;0,0279;0,7803;0,3855;0,6955;0,6056;0,223;0,3407;0,4364;0,3794
,84,84,85,85,85,85,85,85,85,85,86,86,86,86,86,86,86,86,86,86,86,86,86,87,87,87,87,87,87,87,87,87,87,87,87,87,88,88,88,88,88,88,88,88,88,88,88,88,88,89,89,89,89,89,89,89,89,89,89,90,90,90,90,90,90,90,90,90,90,90,91,91,91,91,91,91,91,91,91,91,92,92,92,92,92,92,92,92,92,92,92,92,93,93,94,94,94,96,97,98
Fitness 16,93004, Gen ;0,571;0,1622;0,3402;0,5009;0,0197;0,7073;0,3381;0,3252;0,9543;0,3014;0,4514;0,2009;0,0279;0,7803;0,3855;0,6955;0,6056;0,223;0,3407;0,4364;0,3794

Fitness 32,25512, Gen ;0,571;0,1622;0,3402;0,5009;0,0197;0,7073;0,3381;0,3252;0,9543;0,3014;0,4514;0,2009;0,0279;0,7803;0,3855;0,6955;0,6056;0,223;0,3407;0,4364;0,3794
,81,82,82,82,82,82,82,82,82,82,83,83,83,83,83,83,83,83,83,83,83,83,84,86,86,86,87,87,87,87,87,87,87,88,88,88,88,88,88,88,88,89,89,89,89,89,89,90,92,92,92,92,92,92,92,93,93,93,93,93,93,93,93,93,93,94,94,94,94,94,94,94,94,94,94,94,95,95,95,95,95,95,95,95,96,96,96,96,96,96,96,96,97,97,97,97,97,98,98,98
Fitness 21,53457, Gen ;0,571;0,1622;0,3402;0,5009;0,0197;0,7073;0,3381;0,3252;0,9543;0,3014;0,4514;0,2009;0,0279;0,7803;0,3855;0,6955;0,6056;0,223;0,3407;0,4364;0,3794

Fitness 0,0001243505, Gen ;0,571;0,1622;0,3402;0,5009;0,0197;0,7073;0,3381;0,3252;0,9543;0,3014;0,4514;0,2009;0,0279;0,7803;0,3855;0,6955;0,6056;0,223;0,3407;0,4364;0,3794
,122,122,122,122,122,122,122,123,123,123,123,123,123,123,123,123,123,123,123,123,124,124,124,124,124,124,124,125,125,125,125,126,126,127,135,136,136,137,137,137,137,137,137,137,137,137,137,138,138,138,138,138,138,138,138,139,139,139,139,140,141
Fitness 21,41309, Gen ;0,571;0,1622;0,3402;0,5009;0,0197;0,7073;0,3381;0,3252;0,9543;0,3014;0,4514;0,2009;0,0279;0,7803;0,3855;0,6955;0,6056;0,223;0,3407;0,4364;0,3794
,76,76,76,76,76,76,76,76,76,77,77,77,77,77,77,77,77,77,77,77,77,77,77,77,77,77,77,78,78,78,78,78,78,78,78,78,78,78,78,78,78,78,78,78,79,79,79,79,79,79,79,79,79,79,79,79,79,79,79,79,79,80,80,80,80,80,80,80,80,80,80,80,80,81,81,81,81,81,81,81,81,81,81,81,81,81,81,81,81,81,82,82,82,82,82,82,82,82,82
Fitness 0,0001139136, Gen ;0,571;0,1622;0,3402;0,5009;0,0197;0,7073;0,3381;0,3252;0,9543;0,3014;0,4514;0,2009;0,0279;0,7803;0,3855;0,6955;0,6056;0,223;0,3407;0,4364;0,3794
,93,93,93,93,93,93,94,94,94,94,94,94,94,94,94,94,94,94,94,94,94,94,94,94,94,94,94,94,94,95,95,95,95,95,95,95,95,95,95,95,95,95,96,96,96,96,96,96,96,96,96,96,96,96,96,97,97,97,97,97,97,97,97,97,97,97,97,97,97,98,98,98,98,98,98,98,98,99,99,99,99,99,99,99,99,99,99,100,100,100,100,100,100,101,101,101,101,101,102,102
Fitness 0,0001862931, Gen ;0,571;0,1622;0,3402;0,5009;0,0197;0,7073;0,3381;0,3252;0,9543;0,3014;0,4514;0,2009;0,0279;0,7803;0,3855;0,6955;0,6056;0,223;0,3407;0,4364;0,3794
,98,118,118,119,119,120,120,120,120,121,121,121,122,122,122,123,123,123,123,123,124,124,124,125,125,125,126,126,127,127,128,128,128,129,129,129,129,129,129,130,130,130,130,130,130,131,131,131,131,131,131,131,131,131,131,132,132,132,132,132,132,132,132,132,132,132,132,132,133,133,133,133,133,133,133,133,133,133,133,133,134,134,134,134,134,134,134,134,134,134,134,134,135,135,135,135,136,136,136,177
Fitness 5,748609E-05, Gen ;0,571;0,1622;0,3402;0,5009;0,0197;0,7073;0,3381;0,3252;0,9543;0,3014;0,4514;0,2009;0,0279;0,7803;0,3855;0,6955;0,6056;0,223;0,3407;0,4364;0,3794
,100,100,101,101,101,101,101,101,101,101,101,101,101,101,101,102,102,102,102,102,102,102,102,102,102,102,102,102,102,102,103,103,103,103,103,103,103,103,103,103,103,103,104,104,104,104,104,104,104,104,104,104,105,105,105,105,105,105,105,106,106,106,106,106,106,106,106,106,106,107,107,107,107,107,107,107,107,108,108,108,108,109,109,109,109,109,109,109,109,110,110,110,110,110,111,111,111,112,113,113
Fitness 18,04684, Gen ;0,571;0,1622;0,3402;0,5009;0,0197;0,7073;0,3381;0,3252;0,9543;0,3014;0,4514;0,2009;0,0279;0,7803;0,3855;0,6955;0,6056;0,223;0,3407;0,4364;0,3794
,98,99,99,99,99,100,100,100,100,100,100,100,100,100,100,100,100,100,100,100,100,101,101,101,101,101,101,101,101,101,101,101,101,102,102,102,102,102,102,102,102,102,102,102,103,103,103,103,103,103,103,103,103,103,103,103,103,103,103,104,104,104,104,104,104,104,104,104,104,105,105,105,105,105,105,105,106,106,106,106,106,106,106,106,106,107,107,107,107,107,107,107,108,108,108,108,108,108,109,109
Fitness 0,02622608, Gen ;0,571;0,1622;0,3402;0,5009;0,0197;0,7073;0,3381;0,3252;0,9543;0,3014;0,4514;0,2009;0,0279;0,7803;0,3855;0,6955;0,6056;0,223;0,3407;0,4364;0,3794
,111,112,112,112,112,112,112,112,112,112,112,112,113,113,113,113,113,113,113,113,113,113,113,113,113,113,113,113,114,114,114,114,114,114,114,114,114,114,114,114,114,114,114,115,115,115,115,115,115,115,115,115,115,115,116,116,116,116,116,116,116,116,116,117,117,119,121,122,122,122,122,122,123,123,123,123,123,123,123,124,124,124,124,124,125,125,125,125,125,125,126,126,126,126,126,127,127,127,128,129
Fitness 11,98435, Gen ;0,571;0,1622;0,3402;0,5009;0,0197;0,7073;0,3381;0,3252;0,9543;0,3014;0,4514;0,2009;0,0279;0,7803;0,3855;0,6955;0,6056;0,223;0,3407;0,4364;0,3794
,103,104,104,104,104,104,104,104,104,104,105,105,105,105,105,105,105,105,105,105,105,105,105,106,106,106,106,106,106,106,106,106,106,106,106,106,107,107,107,107,107,107,107,108,108,108,108,108,108,108,108,109,109,109,109,109,109,110,110,110,110,110,110,110,111,111,111,111,111,111,111,111,112,112,112,112,112,112,112,113,113,113,113,113,113,114,114,114,115,115,115,115,115,115,116,116,116,116,117,117
Fitness 13,79728, Gen ;0,571;0,1622;0,3402;0,5009;0,0197;0,7073;0,3381;0,3252;0,9543;0,3014;0,4514;0,2009;0,0279;0,7803;0,3855;0,6955;0,6056;0,223;0,3407;0,4364;0,3794
,70,70,70,70,70,71,71,71,71,71,71,71,71,71,71,71,71,71,71,72,72,72,72,72,72,72,72,72,72,72,72,73,73,73,73,73,73,73,73,73,73,73,73,73,73,74,74,74,74,74,74,74,74,74,75,75,75,75,75,75,75,75,75,75,75,76,76,76,76,76,76,76,76,76,77,77,77,77,77,78,78,78,78,78,78,78,79,79,79,79,80,80,80,80,80,81,81,81,82,82
Fitness 5,735287, Gen ;0,571;0,1622;0,3402;0,5009;0,0197;0,7073;0,3381;0,3252;0,9543;0,3014;0,4514;0,2009;0,0279;0,7803;0,3855;0,6955;0,6056;0,223;0,3407;0,4364;0,3794
,166,167,167,167,168,168,168,168,168,168,169,169,169,169,170,170,170,170,170,171,171,171,171,171,171,172,172,172,172,172,172,173,173,173,173,173
Fitness 9,940598, Gen ;0,571;0,1622;0,3402;0,5009;0,0197;0,7073;0,3381;0,3252;0,9543;0,3014;0,4514;0,2009;0,0279;0,7803;0,3855;0,6955;0,6056;0,223;0,3407;0,4364;0,3794
,84,84,85,85,85,85,85,85,85,85,85,86,86,86,86,86,86,86,86,87,87,87,87,87,88,88,88,88,88,88,88,89,89,89,91,91,91,92,92,92,92,92,92,92,92,92,92,92,92,93,93,93,93,93,93,93,93,93,93,93,94,94,94,94,94,94,94,94,94,94,95,95,95,95,95,95,95,95,95,96,96,96,96,96,96,96,96,96,96,96,96,96,97,97,97,97,97,98,98,98
Fitness 36,21096, Gen ;0,571;0,1622;0,3402;0,5009;0,0197;0,7073;0,3381;0,3252;0,9543;0,3014;0,4514;0,2009;0,0279;0,7803;0,3855;0,6955;0,6056;0,223;0,3407;0,4364;0,3794
,87,88,88,88,88,88,88,88,88,88,88,89,89,89,89,89,89,90,90,90,90,90,91,91,91,91,91,91,91,91,91,91,91,91,91,91,92,92,92,92,92,92,92,92,92,92,92,92,92,92,93,93,93,93,93,93,93,94,94,94,97,97,97,97,98,98,98,98,98,99,99,99,99,99,99,100,100,100,100,101,101,101,101,101,101,101,101,101,102,102,102,103,103,103,103,104,104,104,105,106
Fitness 0,0002896216, Gen ;0,571;0,1622;0,3402;0,5009;0,0197;0,7073;0,3381;0,3252;0,9543;0,3014;0,4514;0,2009;0,0279;0,7803;0,3855;0,6955;0,6056;0,223;0,3407;0,4364;0,3794
,78,78,79,79,79,79,79,79,79,79,79,79,79,80,80,80,80,80,80,80,80,80,80,80,80,80,80,80,80,81,81,81,81,81,81,81,81,81,81,81,81,81,81,82,82,82,82,82,82,82,82,82,82,83,83,83,83,83,83,83,83,83,83,83,84,84,84,84,84,84,84,84,84,84,85,85,85,85,85,85,85,85,85,85,86,86,86,86,86,86,86,86,86,87,87,87,87,87,87,87
Fitness 20,91842, Gen ;0,571;0,1622;0,3402;0,5009;0,0197;0,7073;0,3381;0,3252;0,9543;0,3014;0,4514;0,2009;0,0279;0,7803;0,3855;0,6955;0,6056;0,223;0,3407;0,4364;0,3794
,86,86,86,87,87,87,87,87,87,87,87,87,87,87,87,87,87,87,87,87,88,88,88,88,88,88,88,88,88,88,88,88,88,88,88,89,89,89,89,89,89,89,89,89,91,94,95,95,95,95,95,95,95,95,95,95,95,96,96,96,96,96,96,96,96,96,96,97,97,97,97,97,97,97,98,98,98,98,98,98,99,99,99,99,99,99,100,100,101,101,101,101,101,102,102,103,103,103,103,104
Fitness 16,71706, Gen ;0,571;0,1622;0,3402;0,5009;0,0197;0,7073;0,3381;0,3252;0,9543;0,3014;0,4514;0,2009;0,0279;0,7803;0,3855;0,6955;0,6056;0,223;0,3407;0,4364;0,3794
,101,101,101,102,102,102,102,102,102,102,102,102,102,102,102,102,102,102,102,103,103,103,103,103,103,103,103,103,103,103,103,103,103,103,103,103,104,104,104,104,104,104,104,104,104,104,104,104,104,104,105,105,105,105,105,105,105,105,105,105,105,106,106,106,106,106,106,106,106,107,107,107,107,107,107,107,108,108,108,108,108,108,109,109,109,109,109,109,109,110,110,110,110,111,111,111,112,112,113,113
Fitness 29,74931, Gen ;0,571;0,1622;0,3402;0,5009;0,0197;0,7073;0,3381;0,3252;0,9543;0,3014;0,4514;0,2009;0,0279;0,7803;0,3855;0,6955;0,6056;0,223;0,3407;0,4364;0,3794
,99,99,99,99,100,100,100,100,100,100,101,101,101,101,101,101,101,101,101,101,101,101,101,101,102,102,102,102,102,102,102,102,102,102,102,103,103,103,103,103,103,103,103,103,104,104,104,104,104,104,104,104,104,104,104,104,105,105,105,105,105,105,105,105,106,106,106,106,106,106,106,106,107,107,107,107,107,107,107,108,108,108,108,108,108,109,109,109,109,109,109,110,111,111,111,111,112,113,114,115
Fitness 17,82915, Gen ;0,571;0,1622;0,3402;0,5009;0,0197;0,7073;0,3381;0,3252;0,9543;0,3014;0,4514;0,2009;0,0279;0,7803;0,3855;0,6955;0,6056;0,223;0,3407;0,4364;0,3794
,82,82,82,82,82,82,82,82,82,82,82,82,82,82,82,83,83,83,83,83,83,83,83,83,83,83,83,83,83,83,83,83,84,84,84,84,84,84,84,84,84,84,84,84,84,85,85,85,85,85,85,85,85,85,85,85,85,85,86,86,86,86,86,86,86,86,87,87,87,87,87,87,88,88,88,88,88,89,90,91,91,91,91,92,92,92,92,93,93,93,93,93,94,94,95,95,95,96,97,97
Fitness 11,95214, Gen ;0,571;0,1622;0,3402;0,5009;0,0197;0,7073;0,3381;0,3252;0,9543;0,3014;0,4514;0,2009;0,0279;0,7803;0,3855;0,6955;0,6056;0,223;0,3407;0,4364;0,3794
,77,77,77,77,77,77,77,77,77,77,77,77,78,78,78,78,78,78,78,78,78,78,78,78,78,78,78,79,79,79,79,79,79,79,79,79,79,79,79,79,80,80,80,80,80,80,80,80,80,80,80,80,80,81,81,81,81,81,81,81,81,81,82,82,82,82,82,82,82,82,83,83,83,83,83,83,84,84,84,84,84,84,85,85,85,85,85,86,86,86,86,87,87,87,88,88,88,89,89,89
Fitness 11,37969, Gen ;0,571;0,1622;0,3402;0,5009;0,0197;0,7073;0,3381;0,3252;0,9543;0,3014;0,4514;0,2009;0,0279;0,7803;0,3855;0,6955;0,6056;0,223;0,3407;0,4364;0,3794
,106,106,106,106,106,106,106,106,106,106,106,106,106,106,107,107,107,107,107,107,107,107,107,107,107,107,107,108,108,108,108,108,108,108,108,108,108,108,108,108,108,109,109,109,109,109,109,109,109,109,109,109,109,109,110,110,110,110,110,110,110,110,110,110,110,110,110,110,110,111,111,111,111,111,111,111,111,111,111,111,111,112,112,112,112,112,112,113,113,113,113,113,113,114
Fitness 22,74548, Gen ;0,571;0,1622;0,3402;0,5009;0,0197;0,7073;0,3381;0,3252;0,9543;0,3014;0,4514;0,2009;0,0279;0,7803;0,3855;0,6955;0,6056;0,223;0,3407;0,4364;0,3794
,119,119,119,119,120,120,120,120,120,120,120,121,121,121,121,121,122,122,122,122,122,122,122,123,123,123,123,123,123,123,123,124,124,124,124,124,124,124,124,124,124,124,124,125,125,125,125,125,125,125,125,125,125,125,126,126,126,126,126,126,126,126,126,126,127,127,127,127,127,127,127,127,127,128,128,128,128,128,128,129,129,129,129,129,130,130
