	1Stroembom ovc
	5 AI1 ovcarjev
Generacija 1, Fitness 93,58624, Gen ;0;0;0;0;0;0;0;0;0;0;0;0;0;0;0;0;0;0;0;0;0
,42
Generacija 1, Fitness 0,5, Gen ;0;0;0;0;0;0;0;0;0;0;0;0;0;0;0;0;0;0;0;0;0

Generacija 1, Fitness 0,5, Gen ;0;0;0;0;0;0;0;0;0;0;0;0;0;0;0;0;0;0;0;0;0

Generacija 1, Fitness 0,5, Gen ;0;0;0;0;0;0;0;0;0;0;0;0;0;0;0;0;0;0;0;0;0

Generacija 1, Fitness 0,5, Gen ;0;0;0;0;0;0;0;0;0;0;0;0;0;0;0;0;0;0;0;0;0

Generacija 1, Fitness 0,5, Gen ;0;0;0;0;0;0;0;0;0;0;0;0;0;0;0;0;0;0;0;0;0

Generacija 1, Fitness 0,5, Gen ;0;0;0;0;0;0;0;0;0;0;0;0;0;0;0;0;0;0;0;0;0

Generacija 1, Fitness 80,6656, Gen ;0;0;0;0;0;0;0;0;0;0;0;0;0;0;0;0;0;0;0;0;0
,49
Generacija 1, Fitness 7,907174, Gen ;0;0;0;0;0;0;0;0;0;0;0;0;0;0;0;0;0;0;0;0;0
,120
Generacija 1, Fitness 0,5, Gen ;0;0;0;0;0;0;0;0;0;0;0;0;0;0;0;0;0;0;0;0;0

Generacija 1, Fitness 0,5, Gen ;0;0;0;0;0;0;0;0;0;0;0;0;0;0;0;0;0;0;0;0;0

Generacija 1, Fitness 2,125618, Gen ;0;0;0;0;0;0;0;0;0;0;0;0;0;0;0;0;0;0;0;0;0
,144
Generacija 1, Fitness 33,41681, Gen ;0;0;0;0;0;0;0;0;0;0;0;0;0;0;0;0;0;0;0;0;0
,82
Generacija 1, Fitness 0,5, Gen ;0;0;0;0;0;0;0;0;0;0;0;0;0;0;0;0;0;0;0;0;0

Generacija 1, Fitness 0,5, Gen ;0;0;0;0;0;0;0;0;0;0;0;0;0;0;0;0;0;0;0;0;0

Generacija 1, Fitness 0,5, Gen ;0;0;0;0;0;0;0;0;0;0;0;0;0;0;0;0;0;0;0;0;0

Generacija 1, Fitness 68,58829, Gen ;0;0;0;0;0;0;0;0;0;0;0;0;0;0;0;0;0;0;0;0;0
,56
Generacija 1, Fitness 0,5, Gen ;0;0;0;0;0;0;0;0;0;0;0;0;0;0;0;0;0;0;0;0;0

Generacija 1, Fitness 0,5, Gen ;0;0;0;0;0;0;0;0;0;0;0;0;0;0;0;0;0;0;0;0;0

Generacija 1, Fitness 0,5, Gen ;0;0;0;0;0;0;0;0;0;0;0;0;0;0;0;0;0;0;0;0;0

Generacija 1, Fitness 98,96265, Gen ;0;0;0;0;0;0;0;0;0;0;0;0;0;0;0;0;0;0;0;0;0
,40
Generacija 1, Fitness 0,5, Gen ;0;0;0;0;0;0;0;0;0;0;0;0;0;0;0;0;0;0;0;0;0

Generacija 1, Fitness 0,5, Gen ;0;0;0;0;0;0;0;0;0;0;0;0;0;0;0;0;0;0;0;0;0

Generacija 1, Fitness 6,162418, Gen ;0;0;0;0;0;0;0;0;0;0;0;0;0;0;0;0;0;0;0;0;0
,126
Generacija 1, Fitness 0,5, Gen ;0;0;0;0;0;0;0;0;0;0;0;0;0;0;0;0;0;0;0;0;0

Generacija 1, Fitness 0,5, Gen ;0;0;0;0;0;0;0;0;0;0;0;0;0;0;0;0;0;0;0;0;0

Generacija 1, Fitness 132,0356, Gen ;0;0;0;0;0;0;0;0;0;0;0;0;0;0;0;0;0;0;0;0;0
,25
Generacija 1, Fitness 0,5, Gen ;0;0;0;0;0;0;0;0;0;0;0;0;0;0;0;0;0;0;0;0;0

Generacija 1, Fitness 0,5, Gen ;0;0;0;0;0;0;0;0;0;0;0;0;0;0;0;0;0;0;0;0;0

Generacija 1, Fitness 3,171571, Gen ;0;0;0;0;0;0;0;0;0;0;0;0;0;0;0;0;0;0;0;0;0
,137
Generacija 1, Fitness 1,633542, Gen ;0;0;0;0;0;0;0;0;0;0;0;0;0;0;0;0;0;0;0;0;0
,148
Generacija 1, Fitness 89,15636, Gen ;0;0;0;0;0;0;0;0;0;0;0;0;0;0;0;0;0;0;0;0;0
,44
Generacija 1, Fitness 69,06778, Gen ;0;0;0;0;0;0;0;0;0;0;0;0;0;0;0;0;0;0;0;0;0
,56
Generacija 1, Fitness 10,60818, Gen ;0;0;0;0;0;0;0;0;0;0;0;0;0;0;0;0;0;0;0;0;0
,114
Generacija 1, Fitness 0,5, Gen ;0;0;0;0;0;0;0;0;0;0;0;0;0;0;0;0;0;0;0;0;0

Generacija 1, Fitness 0,5, Gen ;0;0;0;0;0;0;0;0;0;0;0;0;0;0;0;0;0;0;0;0;0

Generacija 1, Fitness 57,56233, Gen ;0;0;0;0;0;0;0;0;0;0;0;0;0;0;0;0;0;0;0;0;0
,63
Generacija 1, Fitness 0,5, Gen ;0;0;0;0;0;0;0;0;0;0;0;0;0;0;0;0;0;0;0;0;0

Generacija 1, Fitness 0,5, Gen ;0;0;0;0;0;0;0;0;0;0;0;0;0;0;0;0;0;0;0;0;0

Generacija 1, Fitness 0,5, Gen ;0;0;0;0;0;0;0;0;0;0;0;0;0;0;0;0;0;0;0;0;0

Generacija 1, Fitness 0,5, Gen ;0;0;0;0;0;0;0;0;0;0;0;0;0;0;0;0;0;0;0;0;0

Generacija 1, Fitness 0,5, Gen ;0;0;0;0;0;0;0;0;0;0;0;0;0;0;0;0;0;0;0;0;0

Generacija 1, Fitness 3,245545, Gen ;0;0;0;0;0;0;0;0;0;0;0;0;0;0;0;0;0;0;0;0;0
,137
Generacija 1, Fitness 0,5, Gen ;0;0;0;0;0;0;0;0;0;0;0;0;0;0;0;0;0;0;0;0;0

Generacija 1, Fitness 60,59827, Gen ;0;0;0;0;0;0;0;0;0;0;0;0;0;0;0;0;0;0;0;0;0
,61
Generacija 1, Fitness 79,35765, Gen ;0;0;0;0;0;0;0;0;0;0;0;0;0;0;0;0;0;0;0;0;0
,50
Generacija 1, Fitness 0,5, Gen ;0;0;0;0;0;0;0;0;0;0;0;0;0;0;0;0;0;0;0;0;0

Generacija 1, Fitness 0,5, Gen ;0;0;0;0;0;0;0;0;0;0;0;0;0;0;0;0;0;0;0;0;0

Generacija 1, Fitness 0,5, Gen ;0;0;0;0;0;0;0;0;0;0;0;0;0;0;0;0;0;0;0;0;0

Generacija 1, Fitness 0,5, Gen ;0;0;0;0;0;0;0;0;0;0;0;0;0;0;0;0;0;0;0;0;0

Generacija 1, Fitness 0,5, Gen ;0;0;0;0;0;0;0;0;0;0;0;0;0;0;0;0;0;0;0;0;0

Generacija 1, Fitness 0,5, Gen ;0;0;0;0;0;0;0;0;0;0;0;0;0;0;0;0;0;0;0;0;0

Generacija 1, Fitness 0,5, Gen ;0;0;0;0;0;0;0;0;0;0;0;0;0;0;0;0;0;0;0;0;0

Generacija 1, Fitness 68,83848, Gen ;0;0;0;0;0;0;0;0;0;0;0;0;0;0;0;0;0;0;0;0;0
,56
Generacija 1, Fitness 0,5, Gen ;0;0;0;0;0;0;0;0;0;0;0;0;0;0;0;0;0;0;0;0;0

Generacija 1, Fitness 0,5, Gen ;0;0;0;0;0;0;0;0;0;0;0;0;0;0;0;0;0;0;0;0;0

Generacija 1, Fitness 0,5, Gen ;0;0;0;0;0;0;0;0;0;0;0;0;0;0;0;0;0;0;0;0;0

Generacija 1, Fitness 0,5, Gen ;0;0;0;0;0;0;0;0;0;0;0;0;0;0;0;0;0;0;0;0;0

Generacija 1, Fitness 0,5, Gen ;0;0;0;0;0;0;0;0;0;0;0;0;0;0;0;0;0;0;0;0;0

Generacija 1, Fitness 0,5, Gen ;0;0;0;0;0;0;0;0;0;0;0;0;0;0;0;0;0;0;0;0;0

Generacija 1, Fitness 0,5, Gen ;0;0;0;0;0;0;0;0;0;0;0;0;0;0;0;0;0;0;0;0;0

Generacija 1, Fitness 0,5, Gen ;0;0;0;0;0;0;0;0;0;0;0;0;0;0;0;0;0;0;0;0;0

Generacija 1, Fitness 48,37859, Gen ;0;0;0;0;0;0;0;0;0;0;0;0;0;0;0;0;0;0;0;0;0
,70
Generacija 1, Fitness 0,5002732, Gen ;0;0;0;0;0;0;0;0;0;0;0;0;0;0;0;0;0;0;0;0;0
,178
Generacija 1, Fitness 0,5, Gen ;0;0;0;0;0;0;0;0;0;0;0;0;0;0;0;0;0;0;0;0;0

Generacija 1, Fitness 0,5, Gen ;0;0;0;0;0;0;0;0;0;0;0;0;0;0;0;0;0;0;0;0;0

Generacija 1, Fitness 0,5, Gen ;0;0;0;0;0;0;0;0;0;0;0;0;0;0;0;0;0;0;0;0;0

Generacija 1, Fitness 72,79449, Gen ;0;0;0;0;0;0;0;0;0;0;0;0;0;0;0;0;0;0;0;0;0
,53
Generacija 1, Fitness 0,5, Gen ;0;0;0;0;0;0;0;0;0;0;0;0;0;0;0;0;0;0;0;0;0

Generacija 1, Fitness 0,5015458, Gen ;0;0;0;0;0;0;0;0;0;0;0;0;0;0;0;0;0;0;0;0;0
,176
Generacija 1, Fitness 73,21788, Gen ;0;0;0;0;0;0;0;0;0;0;0;0;0;0;0;0;0;0;0;0;0
,53
Generacija 1, Fitness 84,37357, Gen ;0;0;0;0;0;0;0;0;0;0;0;0;0;0;0;0;0;0;0;0;0
,47
Generacija 1, Fitness 0,5, Gen ;0;0;0;0;0;0;0;0;0;0;0;0;0;0;0;0;0;0;0;0;0

Generacija 1, Fitness 0,5, Gen ;0;0;0;0;0;0;0;0;0;0;0;0;0;0;0;0;0;0;0;0;0

Generacija 1, Fitness 0,5, Gen ;0;0;0;0;0;0;0;0;0;0;0;0;0;0;0;0;0;0;0;0;0

Generacija 1, Fitness 7,780121, Gen ;0;0;0;0;0;0;0;0;0;0;0;0;0;0;0;0;0;0;0;0;0
,121
Generacija 1, Fitness 0,5, Gen ;0;0;0;0;0;0;0;0;0;0;0;0;0;0;0;0;0;0;0;0;0

Generacija 1, Fitness 0,5003625, Gen ;0;0;0;0;0;0;0;0;0;0;0;0;0;0;0;0;0;0;0;0;0
,177
Generacija 1, Fitness 0,5, Gen ;0;0;0;0;0;0;0;0;0;0;0;0;0;0;0;0;0;0;0;0;0

Generacija 1, Fitness 0,5, Gen ;0;0;0;0;0;0;0;0;0;0;0;0;0;0;0;0;0;0;0;0;0

Generacija 1, Fitness 0,5, Gen ;0;0;0;0;0;0;0;0;0;0;0;0;0;0;0;0;0;0;0;0;0

Generacija 1, Fitness 0,5, Gen ;0;0;0;0;0;0;0;0;0;0;0;0;0;0;0;0;0;0;0;0;0

Generacija 1, Fitness 0,5, Gen ;0;0;0;0;0;0;0;0;0;0;0;0;0;0;0;0;0;0;0;0;0

Generacija 1, Fitness 0,5, Gen ;0;0;0;0;0;0;0;0;0;0;0;0;0;0;0;0;0;0;0;0;0

Generacija 1, Fitness 0,5, Gen ;0;0;0;0;0;0;0;0;0;0;0;0;0;0;0;0;0;0;0;0;0

Generacija 1, Fitness 0,5, Gen ;0;0;0;0;0;0;0;0;0;0;0;0;0;0;0;0;0;0;0;0;0

Generacija 1, Fitness 0,5, Gen ;0;0;0;0;0;0;0;0;0;0;0;0;0;0;0;0;0;0;0;0;0

Generacija 1, Fitness 73,45864, Gen ;0;0;0;0;0;0;0;0;0;0;0;0;0;0;0;0;0;0;0;0;0
,53
Generacija 1, Fitness 0,5, Gen ;0;0;0;0;0;0;0;0;0;0;0;0;0;0;0;0;0;0;0;0;0

Generacija 1, Fitness 9,06304, Gen ;0;0;0;0;0;0;0;0;0;0;0;0;0;0;0;0;0;0;0;0;0
,118
Generacija 1, Fitness 0,9012741, Gen ;0;0;0;0;0;0;0;0;0;0;0;0;0;0;0;0;0;0;0;0;0
,157
Generacija 1, Fitness 0,5, Gen ;0;0;0;0;0;0;0;0;0;0;0;0;0;0;0;0;0;0;0;0;0

Generacija 1, Fitness 0,5356926, Gen ;0;0;0;0;0;0;0;0;0;0;0;0;0;0;0;0;0;0;0;0;0
,170
Generacija 1, Fitness 0,5, Gen ;0;0;0;0;0;0;0;0;0;0;0;0;0;0;0;0;0;0;0;0;0

Generacija 1, Fitness 60,42481, Gen ;0;0;0;0;0;0;0;0;0;0;0;0;0;0;0;0;0;0;0;0;0
,61
Generacija 1, Fitness 0,5, Gen ;0;0;0;0;0;0;0;0;0;0;0;0;0;0;0;0;0;0;0;0;0

Generacija 1, Fitness 1,187953, Gen ;0;0;0;0;0;0;0;0;0;0;0;0;0;0;0;0;0;0;0;0;0
,153
Generacija 1, Fitness 0,5, Gen ;0;0;0;0;0;0;0;0;0;0;0;0;0;0;0;0;0;0;0;0;0

Generacija 1, Fitness 0,5, Gen ;0;0;0;0;0;0;0;0;0;0;0;0;0;0;0;0;0;0;0;0;0

Generacija 1, Fitness 2,219192, Gen ;0;0;0;0;0;0;0;0;0;0;0;0;0;0;0;0;0;0;0;0;0
,143
