	25Stroembom ovc
	4 AI1 ovcarjev
Fitness 52,23581, Gen ;0,8785;0,6391;0,5203;0,3141;0,1212;0,4808;0,0376;0,0596;0,8877;0,4088;0,902;0,4124;0,3998;0,4964;0,9879;0,0881;0,9903;0,1988;0,721;0,9065;0,5001
,67,68,68,68,69,69,69,69,69,69,69,69,69,69,69,70,70,70,70,70,70,71,71,72,72
Fitness 55,54435, Gen ;0,8785;0,6391;0,5203;0,3141;0,1212;0,4808;0,0376;0,0596;0,8877;0,4088;0,902;0,4124;0,3998;0,4964;0,9879;0,0881;0,9903;0,1988;0,721;0,9065;0,5001
,80,80,81,81,81,81,81,81,81,81,81,81,82,82,82,82,82,82,82,82,82,82,82,83,83
Fitness 61,59749, Gen ;0,8785;0,6391;0,5203;0,3141;0,1212;0,4808;0,0376;0,0596;0,8877;0,4088;0,902;0,4124;0,3998;0,4964;0,9879;0,0881;0,9903;0,1988;0,721;0,9065;0,5001
,57,57,57,57,58,58,58,58,58,58,58,58,58,58,58,58,59,59,59,59,59,59,59,59,60
Fitness 46,0484, Gen ;0,8785;0,6391;0,5203;0,3141;0,1212;0,4808;0,0376;0,0596;0,8877;0,4088;0,902;0,4124;0,3998;0,4964;0,9879;0,0881;0,9903;0,1988;0,721;0,9065;0,5001
,64,64,65,65,65,65,65,65,65,65,65,66,66,66,66,66,66,66,66,66,66,66,66,67,67
Fitness 33,03189, Gen ;0,8785;0,6391;0,5203;0,3141;0,1212;0,4808;0,0376;0,0596;0,8877;0,4088;0,902;0,4124;0,3998;0,4964;0,9879;0,0881;0,9903;0,1988;0,721;0,9065;0,5001
,61,61,62,62,62,62,62,62,62,62,62,62,62,63,63,63,63,63,63,63,63,63,64,64,64
Fitness 62,1695, Gen ;0,8785;0,6391;0,5203;0,3141;0,1212;0,4808;0,0376;0,0596;0,8877;0,4088;0,902;0,4124;0,3998;0,4964;0,9879;0,0881;0,9903;0,1988;0,721;0,9065;0,5001
,62,62,63,63,63,63,63,63,64,64,64,64,64,64,64,64,64,65,65,65,65,65,65,65,66
Fitness 52,0121, Gen ;0,8785;0,6391;0,5203;0,3141;0,1212;0,4808;0,0376;0,0596;0,8877;0,4088;0,902;0,4124;0,3998;0,4964;0,9879;0,0881;0,9903;0,1988;0,721;0,9065;0,5001
,57,58,58,58,58,58,58,58,58,59,59,59,59,59,59,59,59,59,59,59,60,60,60,60,61
Fitness 56,23243, Gen ;0,8785;0,6391;0,5203;0,3141;0,1212;0,4808;0,0376;0,0596;0,8877;0,4088;0,902;0,4124;0,3998;0,4964;0,9879;0,0881;0,9903;0,1988;0,721;0,9065;0,5001
,66,66,67,67,67,67,67,67,67,67,68,68,68,68,68,68,68,68,68,69,69,69,69,69,69
Fitness 53,45362, Gen ;0,8785;0,6391;0,5203;0,3141;0,1212;0,4808;0,0376;0,0596;0,8877;0,4088;0,902;0,4124;0,3998;0,4964;0,9879;0,0881;0,9903;0,1988;0,721;0,9065;0,5001
,93,93,94,94,94,94,94,94,94,94,94,94,95,95,95,95,95,95,95,95,95,95,96,96,104
Fitness 61,3082, Gen ;0,8785;0,6391;0,5203;0,3141;0,1212;0,4808;0,0376;0,0596;0,8877;0,4088;0,902;0,4124;0,3998;0,4964;0,9879;0,0881;0,9903;0,1988;0,721;0,9065;0,5001
,84,84,84,85,85,85,85,85,85,85,85,85,85,86,86,86,86,86,86,86,86,86,86,87,87
Fitness 48,78217, Gen ;0,8785;0,6391;0,5203;0,3141;0,1212;0,4808;0,0376;0,0596;0,8877;0,4088;0,902;0,4124;0,3998;0,4964;0,9879;0,0881;0,9903;0,1988;0,721;0,9065;0,5001
,76,76,76,76,77,77,77,77,77,77,77,77,77,77,77,78,78,78,78,78,78,78,78,78,112
Fitness 17,27317, Gen ;0,8785;0,6391;0,5203;0,3141;0,1212;0,4808;0,0376;0,0596;0,8877;0,4088;0,902;0,4124;0,3998;0,4964;0,9879;0,0881;0,9903;0,1988;0,721;0,9065;0,5001
,56,56,56,57,57,57,57,57,57,57,57,57,57,57,57,58,58,58,58,58,58,58,58,58,58
Fitness 29,20533, Gen ;0,8785;0,6391;0,5203;0,3141;0,1212;0,4808;0,0376;0,0596;0,8877;0,4088;0,902;0,4124;0,3998;0,4964;0,9879;0,0881;0,9903;0,1988;0,721;0,9065;0,5001
,30,64,64,64,65,65,65,65,65,65,65,65,65,66,66,66,66,66,66,66,66,66,66,66,78
Fitness 16,4033, Gen ;0,8785;0,6391;0,5203;0,3141;0,1212;0,4808;0,0376;0,0596;0,8877;0,4088;0,902;0,4124;0,3998;0,4964;0,9879;0,0881;0,9903;0,1988;0,721;0,9065;0,5001
,65,66,66,66,66,66,66,66,67,67,67,67,67,67,67,67,67,67,67,68,68,68,68,68,68
Fitness 64,64925, Gen ;0,8785;0,6391;0,5203;0,3141;0,1212;0,4808;0,0376;0,0596;0,8877;0,4088;0,902;0,4124;0,3998;0,4964;0,9879;0,0881;0,9903;0,1988;0,721;0,9065;0,5001
,82,82,83,83,83,83,83,83,83,83,83,83,83,83,84,84,84,84,84,84,84,93,94,94,95
Fitness 42,72277, Gen ;0,8785;0,6391;0,5203;0,3141;0,1212;0,4808;0,0376;0,0596;0,8877;0,4088;0,902;0,4124;0,3998;0,4964;0,9879;0,0881;0,9903;0,1988;0,721;0,9065;0,5001
,67,68,68,68,68,68,69,69,69,69,69,69,69,69,69,69,69,70,70,70,70,70,70,70,70
Fitness 50,35469, Gen ;0,8785;0,6391;0,5203;0,3141;0,1212;0,4808;0,0376;0,0596;0,8877;0,4088;0,902;0,4124;0,3998;0,4964;0,9879;0,0881;0,9903;0,1988;0,721;0,9065;0,5001
,66,66,67,67,67,67,67,67,67,67,67,67,68,68,68,68,68,68,68,68,68,68,69,69,69
Fitness 24,3688, Gen ;0,8785;0,6391;0,5203;0,3141;0,1212;0,4808;0,0376;0,0596;0,8877;0,4088;0,902;0,4124;0,3998;0,4964;0,9879;0,0881;0,9903;0,1988;0,721;0,9065;0,5001
,68,69,69,69,69,70,70,70,70,70,70,70,70,70,70,71,71,71,71,71,71,71,72,72,72
Fitness 47,88251, Gen ;0,8785;0,6391;0,5203;0,3141;0,1212;0,4808;0,0376;0,0596;0,8877;0,4088;0,902;0,4124;0,3998;0,4964;0,9879;0,0881;0,9903;0,1988;0,721;0,9065;0,5001
,52,52,52,52,53,53,53,53,53,53,53,53,53,53,53,54,54,54,54,54,54,54,54,55,55
Fitness 49,167, Gen ;0,8785;0,6391;0,5203;0,3141;0,1212;0,4808;0,0376;0,0596;0,8877;0,4088;0,902;0,4124;0,3998;0,4964;0,9879;0,0881;0,9903;0,1988;0,721;0,9065;0,5001
,75,76,76,76,76,76,76,76,77,77,77,77,77,77,77,77,78,78,78,78,78,78,78,78,79
Fitness 45,20005, Gen ;0,8785;0,6391;0,5203;0,3141;0,1212;0,4808;0,0376;0,0596;0,8877;0,4088;0,902;0,4124;0,3998;0,4964;0,9879;0,0881;0,9903;0,1988;0,721;0,9065;0,5001
,61,61,61,61,62,62,62,62,62,62,62,62,62,62,62,63,63,63,63,63,63,63,63,63,64
Fitness 70,61459, Gen ;0,8785;0,6391;0,5203;0,3141;0,1212;0,4808;0,0376;0,0596;0,8877;0,4088;0,902;0,4124;0,3998;0,4964;0,9879;0,0881;0,9903;0,1988;0,721;0,9065;0,5001
,77,77,78,78,78,78,78,78,78,78,78,78,79,79,79,79,79,79,79,79,80,80,80,92,92
Fitness 37,38601, Gen ;0,8785;0,6391;0,5203;0,3141;0,1212;0,4808;0,0376;0,0596;0,8877;0,4088;0,902;0,4124;0,3998;0,4964;0,9879;0,0881;0,9903;0,1988;0,721;0,9065;0,5001
,58,59,59,59,59,59,59,59,59,59,60,60,60,60,60,60,60,60,60,60,60,61,61,61,67
Fitness 56,52738, Gen ;0,8785;0,6391;0,5203;0,3141;0,1212;0,4808;0,0376;0,0596;0,8877;0,4088;0,902;0,4124;0,3998;0,4964;0,9879;0,0881;0,9903;0,1988;0,721;0,9065;0,5001
,88,88,88,88,89,89,89,89,89,89,89,89,89,89,89,89,90,90,90,90,90,90,90,90,90
Fitness 27,52947, Gen ;0,8785;0,6391;0,5203;0,3141;0,1212;0,4808;0,0376;0,0596;0,8877;0,4088;0,902;0,4124;0,3998;0,4964;0,9879;0,0881;0,9903;0,1988;0,721;0,9065;0,5001
,58,58,58,59,59,59,59,59,59,59,59,59,60,60,60,60,60,60,60,60,60,60,60,61,61
Fitness 54,62353, Gen ;0,8785;0,6391;0,5203;0,3141;0,1212;0,4808;0,0376;0,0596;0,8877;0,4088;0,902;0,4124;0,3998;0,4964;0,9879;0,0881;0,9903;0,1988;0,721;0,9065;0,5001
,65,65,66,66,66,66,66,66,66,66,66,66,67,67,67,67,67,67,67,67,68,68,68,68,68
Fitness 25,73824, Gen ;0,8785;0,6391;0,5203;0,3141;0,1212;0,4808;0,0376;0,0596;0,8877;0,4088;0,902;0,4124;0,3998;0,4964;0,9879;0,0881;0,9903;0,1988;0,721;0,9065;0,5001
,72,72,72,73,73,73,73,73,73,73,73,74,74,74,74,74,74,74,74,74,74,75,75,75,84
Fitness 60,96144, Gen ;0,8785;0,6391;0,5203;0,3141;0,1212;0,4808;0,0376;0,0596;0,8877;0,4088;0,902;0,4124;0,3998;0,4964;0,9879;0,0881;0,9903;0,1988;0,721;0,9065;0,5001
,59,60,60,60,60,60,60,61,61,61,61,61,61,61,61,61,61,62,62,62,62,62,62,62,68
Fitness 50,15031, Gen ;0,8785;0,6391;0,5203;0,3141;0,1212;0,4808;0,0376;0,0596;0,8877;0,4088;0,902;0,4124;0,3998;0,4964;0,9879;0,0881;0,9903;0,1988;0,721;0,9065;0,5001
,56,56,56,57,57,57,57,57,57,57,57,57,57,57,58,58,58,58,58,58,58,58,58,58,63
Fitness 34,29354, Gen ;0,8785;0,6391;0,5203;0,3141;0,1212;0,4808;0,0376;0,0596;0,8877;0,4088;0,902;0,4124;0,3998;0,4964;0,9879;0,0881;0,9903;0,1988;0,721;0,9065;0,5001
,58,58,59,59,59,59,59,59,59,60,60,60,60,60,60,60,60,60,60,60,61,61,61,61,77
Fitness 52,69665, Gen ;0,8785;0,6391;0,5203;0,3141;0,1212;0,4808;0,0376;0,0596;0,8877;0,4088;0,902;0,4124;0,3998;0,4964;0,9879;0,0881;0,9903;0,1988;0,721;0,9065;0,5001
,60,61,61,61,61,61,62,62,62,62,62,62,62,62,62,63,63,63,63,63,63,63,63,64,64
Fitness 60,01524, Gen ;0,8785;0,6391;0,5203;0,3141;0,1212;0,4808;0,0376;0,0596;0,8877;0,4088;0,902;0,4124;0,3998;0,4964;0,9879;0,0881;0,9903;0,1988;0,721;0,9065;0,5001
,66,66,66,66,66,67,67,67,67,67,67,67,67,67,67,68,68,68,68,68,68,68,69,69,72
Fitness 45,34385, Gen ;0,8785;0,6391;0,5203;0,3141;0,1212;0,4808;0,0376;0,0596;0,8877;0,4088;0,902;0,4124;0,3998;0,4964;0,9879;0,0881;0,9903;0,1988;0,721;0,9065;0,5001
,69,69,69,69,69,69,69,69,69,69,70,70,70,70,70,70,70,70,70,70,71,76,77,77,78
Fitness 56,45066, Gen ;0,8785;0,6391;0,5203;0,3141;0,1212;0,4808;0,0376;0,0596;0,8877;0,4088;0,902;0,4124;0,3998;0,4964;0,9879;0,0881;0,9903;0,1988;0,721;0,9065;0,5001
,71,72,72,72,72,72,72,72,72,73,73,73,73,73,73,73,73,73,73,73,74,74,74,74,88
Fitness 47,005, Gen ;0,8785;0,6391;0,5203;0,3141;0,1212;0,4808;0,0376;0,0596;0,8877;0,4088;0,902;0,4124;0,3998;0,4964;0,9879;0,0881;0,9903;0,1988;0,721;0,9065;0,5001
,61,62,62,62,62,62,63,63,63,63,63,63,63,63,63,63,64,64,64,64,64,64,64,64,65
Fitness 40,16177, Gen ;0,8785;0,6391;0,5203;0,3141;0,1212;0,4808;0,0376;0,0596;0,8877;0,4088;0,902;0,4124;0,3998;0,4964;0,9879;0,0881;0,9903;0,1988;0,721;0,9065;0,5001
,62,67,68,68,68,68,68,68,68,69,69,69,69,69,69,69,69,69,69,70,70,70,70,70,71
Fitness 32,03906, Gen ;0,8785;0,6391;0,5203;0,3141;0,1212;0,4808;0,0376;0,0596;0,8877;0,4088;0,902;0,4124;0,3998;0,4964;0,9879;0,0881;0,9903;0,1988;0,721;0,9065;0,5001
,83,84,84,84,84,84,84,84,85,85,85,85,85,85,85,85,85,85,85,85,86,86,86,86,86
Fitness 55,36739, Gen ;0,8785;0,6391;0,5203;0,3141;0,1212;0,4808;0,0376;0,0596;0,8877;0,4088;0,902;0,4124;0,3998;0,4964;0,9879;0,0881;0,9903;0,1988;0,721;0,9065;0,5001
,27,106,106,106,106,106,107,107,107,107,107,107,107,107,107,107,107,107,107,108,108,108,108,108,108
Fitness 47,15257, Gen ;0,8785;0,6391;0,5203;0,3141;0,1212;0,4808;0,0376;0,0596;0,8877;0,4088;0,902;0,4124;0,3998;0,4964;0,9879;0,0881;0,9903;0,1988;0,721;0,9065;0,5001
,61,62,62,62,62,62,62,62,63,63,63,63,63,63,63,63,63,63,63,64,64,64,64,64,64
Fitness 29,5305, Gen ;0,8785;0,6391;0,5203;0,3141;0,1212;0,4808;0,0376;0,0596;0,8877;0,4088;0,902;0,4124;0,3998;0,4964;0,9879;0,0881;0,9903;0,1988;0,721;0,9065;0,5001
,73,73,73,73,74,74,74,74,74,74,74,74,74,74,74,75,75,75,75,75,75,75,75,76,76
Fitness 13,86947, Gen ;0,8785;0,6391;0,5203;0,3141;0,1212;0,4808;0,0376;0,0596;0,8877;0,4088;0,902;0,4124;0,3998;0,4964;0,9879;0,0881;0,9903;0,1988;0,721;0,9065;0,5001
,58,58,58,59,59,59,59,59,59,59,59,59,60,60,60,60,60,60,60,60,60,60,61,61,61
Fitness 55,62471, Gen ;0,8785;0,6391;0,5203;0,3141;0,1212;0,4808;0,0376;0,0596;0,8877;0,4088;0,902;0,4124;0,3998;0,4964;0,9879;0,0881;0,9903;0,1988;0,721;0,9065;0,5001
,62,62,62,62,62,62,63,63,63,63,63,63,63,63,63,63,64,64,64,64,64,64,64,64,64
Fitness 40,62576, Gen ;0,8785;0,6391;0,5203;0,3141;0,1212;0,4808;0,0376;0,0596;0,8877;0,4088;0,902;0,4124;0,3998;0,4964;0,9879;0,0881;0,9903;0,1988;0,721;0,9065;0,5001
,54,54,54,54,54,54,54,55,55,55,55,55,55,55,55,55,55,55,56,56,56,56,56,56,56
Fitness 60,33868, Gen ;0,8785;0,6391;0,5203;0,3141;0,1212;0,4808;0,0376;0,0596;0,8877;0,4088;0,902;0,4124;0,3998;0,4964;0,9879;0,0881;0,9903;0,1988;0,721;0,9065;0,5001
,67,68,68,68,68,68,68,68,68,68,69,69,69,69,69,69,69,69,69,69,70,70,70,70,70
Fitness 55,39, Gen ;0,8785;0,6391;0,5203;0,3141;0,1212;0,4808;0,0376;0,0596;0,8877;0,4088;0,902;0,4124;0,3998;0,4964;0,9879;0,0881;0,9903;0,1988;0,721;0,9065;0,5001
,99,100,100,100,100,100,100,100,100,100,101,101,101,101,101,101,101,101,101,101,101,101,101,101,102
Fitness 68,57555, Gen ;0,8785;0,6391;0,5203;0,3141;0,1212;0,4808;0,0376;0,0596;0,8877;0,4088;0,902;0,4124;0,3998;0,4964;0,9879;0,0881;0,9903;0,1988;0,721;0,9065;0,5001
,107,107,107,107,107,107,108,108,108,108,108,108,108,108,108,108,109,109,109,109,110,115,116,117,124
Fitness 47,3902, Gen ;0,8785;0,6391;0,5203;0,3141;0,1212;0,4808;0,0376;0,0596;0,8877;0,4088;0,902;0,4124;0,3998;0,4964;0,9879;0,0881;0,9903;0,1988;0,721;0,9065;0,5001
,75,75,76,76,76,76,76,77,77,77,77,77,77,77,77,77,77,77,78,78,78,78,78,82,82
Fitness 17,17459, Gen ;0,8785;0,6391;0,5203;0,3141;0,1212;0,4808;0,0376;0,0596;0,8877;0,4088;0,902;0,4124;0,3998;0,4964;0,9879;0,0881;0,9903;0,1988;0,721;0,9065;0,5001
,58,59,59,59,59,59,59,59,60,60,60,60,60,60,60,60,60,61,61,61,61,61,61,61,62
Fitness 7,846859, Gen ;0,8785;0,6391;0,5203;0,3141;0,1212;0,4808;0,0376;0,0596;0,8877;0,4088;0,902;0,4124;0,3998;0,4964;0,9879;0,0881;0,9903;0,1988;0,721;0,9065;0,5001
,50,73,73,74,74,74,74,74,74,74,74,75,75,75,75,75,75,75,75,75,76,76,76,77,77
Fitness 35,18594, Gen ;0,8785;0,6391;0,5203;0,3141;0,1212;0,4808;0,0376;0,0596;0,8877;0,4088;0,902;0,4124;0,3998;0,4964;0,9879;0,0881;0,9903;0,1988;0,721;0,9065;0,5001
,114,114,114,114,114,115,115,115,115,115,115,115,115,115,115,115,115,116,116,116,116,116,116,117,127
Fitness 59,1535, Gen ;0,8785;0,6391;0,5203;0,3141;0,1212;0,4808;0,0376;0,0596;0,8877;0,4088;0,902;0,4124;0,3998;0,4964;0,9879;0,0881;0,9903;0,1988;0,721;0,9065;0,5001
,69,69,69,70,70,70,70,70,70,70,70,70,70,70,71,71,71,71,71,71,71,71,71,71,84
Fitness 40,08944, Gen ;0,8785;0,6391;0,5203;0,3141;0,1212;0,4808;0,0376;0,0596;0,8877;0,4088;0,902;0,4124;0,3998;0,4964;0,9879;0,0881;0,9903;0,1988;0,721;0,9065;0,5001
,54,54,55,55,55,55,55,55,55,55,56,56,56,56,56,56,56,56,56,56,56,56,56,56,57
Fitness 6,383231, Gen ;0,8785;0,6391;0,5203;0,3141;0,1212;0,4808;0,0376;0,0596;0,8877;0,4088;0,902;0,4124;0,3998;0,4964;0,9879;0,0881;0,9903;0,1988;0,721;0,9065;0,5001
,60,60,61,61,61,61,61,61,61,61,62,62,62,62,62,62,62,62,62,62,62,63,63,63,63
Fitness 36,00153, Gen ;0,8785;0,6391;0,5203;0,3141;0,1212;0,4808;0,0376;0,0596;0,8877;0,4088;0,902;0,4124;0,3998;0,4964;0,9879;0,0881;0,9903;0,1988;0,721;0,9065;0,5001
,58,58,58,58,58,59,59,59,59,59,59,59,59,59,59,60,60,60,60,60,60,60,60,61,64
Fitness 67,22761, Gen ;0,8785;0,6391;0,5203;0,3141;0,1212;0,4808;0,0376;0,0596;0,8877;0,4088;0,902;0,4124;0,3998;0,4964;0,9879;0,0881;0,9903;0,1988;0,721;0,9065;0,5001
,57,57,57,57,57,58,58,58,58,58,58,58,58,58,58,58,59,59,59,59,59,59,59,59,59
Fitness 57,20299, Gen ;0,8785;0,6391;0,5203;0,3141;0,1212;0,4808;0,0376;0,0596;0,8877;0,4088;0,902;0,4124;0,3998;0,4964;0,9879;0,0881;0,9903;0,1988;0,721;0,9065;0,5001
,59,59,59,59,59,60,60,60,60,60,60,60,60,60,60,60,61,61,61,61,61,61,61,61,62
Fitness 57,99121, Gen ;0,8785;0,6391;0,5203;0,3141;0,1212;0,4808;0,0376;0,0596;0,8877;0,4088;0,902;0,4124;0,3998;0,4964;0,9879;0,0881;0,9903;0,1988;0,721;0,9065;0,5001
,60,61,61,61,61,61,62,62,62,62,62,62,62,62,62,62,63,63,63,63,63,63,63,63,64
Fitness 63,1747, Gen ;0,8785;0,6391;0,5203;0,3141;0,1212;0,4808;0,0376;0,0596;0,8877;0,4088;0,902;0,4124;0,3998;0,4964;0,9879;0,0881;0,9903;0,1988;0,721;0,9065;0,5001
,92,93,93,93,93,94,94,94,94,94,94,94,94,94,95,95,95,95,95,95,95,95,95,96,96
Fitness 59,43608, Gen ;0,8785;0,6391;0,5203;0,3141;0,1212;0,4808;0,0376;0,0596;0,8877;0,4088;0,902;0,4124;0,3998;0,4964;0,9879;0,0881;0,9903;0,1988;0,721;0,9065;0,5001
,67,67,67,67,68,68,68,68,68,68,68,68,68,68,69,69,69,69,69,69,69,69,69,69,69
Fitness 56,52096, Gen ;0,8785;0,6391;0,5203;0,3141;0,1212;0,4808;0,0376;0,0596;0,8877;0,4088;0,902;0,4124;0,3998;0,4964;0,9879;0,0881;0,9903;0,1988;0,721;0,9065;0,5001
,70,70,70,70,70,71,71,71,71,71,71,71,71,71,71,71,71,72,72,72,72,72,72,72,88
Fitness 21,40405, Gen ;0,8785;0,6391;0,5203;0,3141;0,1212;0,4808;0,0376;0,0596;0,8877;0,4088;0,902;0,4124;0,3998;0,4964;0,9879;0,0881;0,9903;0,1988;0,721;0,9065;0,5001
,77,77,77,78,78,78,78,78,78,78,78,78,79,79,79,79,79,79,79,79,79,80,80,80,80
Fitness 48,64027, Gen ;0,8785;0,6391;0,5203;0,3141;0,1212;0,4808;0,0376;0,0596;0,8877;0,4088;0,902;0,4124;0,3998;0,4964;0,9879;0,0881;0,9903;0,1988;0,721;0,9065;0,5001
,61,61,61,61,62,62,62,62,62,62,62,62,62,62,62,63,63,63,63,63,63,63,63,64,64
Fitness 32,56352, Gen ;0,8785;0,6391;0,5203;0,3141;0,1212;0,4808;0,0376;0,0596;0,8877;0,4088;0,902;0,4124;0,3998;0,4964;0,9879;0,0881;0,9903;0,1988;0,721;0,9065;0,5001
,60,64,65,65,65,65,66,66,66,66,66,66,66,66,66,66,67,67,67,67,67,67,68,68,70
Fitness 35,74595, Gen ;0,8785;0,6391;0,5203;0,3141;0,1212;0,4808;0,0376;0,0596;0,8877;0,4088;0,902;0,4124;0,3998;0,4964;0,9879;0,0881;0,9903;0,1988;0,721;0,9065;0,5001
,67,67,68,68,68,68,68,68,68,68,68,69,69,69,69,69,69,69,69,69,70,70,70,70,70
Fitness 56,26166, Gen ;0,8785;0,6391;0,5203;0,3141;0,1212;0,4808;0,0376;0,0596;0,8877;0,4088;0,902;0,4124;0,3998;0,4964;0,9879;0,0881;0,9903;0,1988;0,721;0,9065;0,5001
,62,63,63,63,63,63,64,64,64,64,64,64,64,64,64,64,65,65,65,65,65,65,66
Fitness 48,94073, Gen ;0,8785;0,6391;0,5203;0,3141;0,1212;0,4808;0,0376;0,0596;0,8877;0,4088;0,902;0,4124;0,3998;0,4964;0,9879;0,0881;0,9903;0,1988;0,721;0,9065;0,5001
,49,59,59,60,60,60,60,60,60,60,60,60,60,60,61,61,61,61,61,61,61,61,61,62,62
Fitness 47,53143, Gen ;0,8785;0,6391;0,5203;0,3141;0,1212;0,4808;0,0376;0,0596;0,8877;0,4088;0,902;0,4124;0,3998;0,4964;0,9879;0,0881;0,9903;0,1988;0,721;0,9065;0,5001
,65,66,66,66,66,66,66,67,67,67,67,67,67,67,67,67,68,68,68,68,68,68,68,68,69
Fitness 0,0001855424, Gen ;0,8785;0,6391;0,5203;0,3141;0,1212;0,4808;0,0376;0,0596;0,8877;0,4088;0,902;0,4124;0,3998;0,4964;0,9879;0,0881;0,9903;0,1988;0,721;0,9065;0,5001
,82,82,83,83,83,83,83,83,83,83,83,83,84,84,84,84,84,84,84,84,84,85,85,85,88
Fitness 59,38666, Gen ;0,8785;0,6391;0,5203;0,3141;0,1212;0,4808;0,0376;0,0596;0,8877;0,4088;0,902;0,4124;0,3998;0,4964;0,9879;0,0881;0,9903;0,1988;0,721;0,9065;0,5001
,71,71,71,71,72,72,72,72,72,72,72,72,72,72,72,72,73,73,73,73,73,73,73,73,73
Fitness 49,40522, Gen ;0,8785;0,6391;0,5203;0,3141;0,1212;0,4808;0,0376;0,0596;0,8877;0,4088;0,902;0,4124;0,3998;0,4964;0,9879;0,0881;0,9903;0,1988;0,721;0,9065;0,5001
,53,53,54,54,54,54,54,54,54,54,55,55,55,55,55,55,55,55,55,55,56,56,56,56,56
Fitness 29,245, Gen ;0,8785;0,6391;0,5203;0,3141;0,1212;0,4808;0,0376;0,0596;0,8877;0,4088;0,902;0,4124;0,3998;0,4964;0,9879;0,0881;0,9903;0,1988;0,721;0,9065;0,5001
,61,61,62,62,62,62,62,62,62,62,62,63,63,63,63,63,63,63,63,63,63,64,64,64,64
Fitness 43,5971, Gen ;0,8785;0,6391;0,5203;0,3141;0,1212;0,4808;0,0376;0,0596;0,8877;0,4088;0,902;0,4124;0,3998;0,4964;0,9879;0,0881;0,9903;0,1988;0,721;0,9065;0,5001
,67,68,68,68,68,68,69,69,69,69,69,69,69,69,69,69,69,70,70,70,70,70,70,70,70
Fitness 68,04821, Gen ;0,8785;0,6391;0,5203;0,3141;0,1212;0,4808;0,0376;0,0596;0,8877;0,4088;0,902;0,4124;0,3998;0,4964;0,9879;0,0881;0,9903;0,1988;0,721;0,9065;0,5001
,70,70,71,71,71,71,71,71,71,71,72,72,72,72,72,72,72,72,72,72,72,73,73,73,82
Fitness 56,11718, Gen ;0,8785;0,6391;0,5203;0,3141;0,1212;0,4808;0,0376;0,0596;0,8877;0,4088;0,902;0,4124;0,3998;0,4964;0,9879;0,0881;0,9903;0,1988;0,721;0,9065;0,5001
,110,110,110,111,111,111,111,111,111,111,111,112,112,112,112,112,112,112,112,113,113,113,114,137,138
Fitness 47,48791, Gen ;0,8785;0,6391;0,5203;0,3141;0,1212;0,4808;0,0376;0,0596;0,8877;0,4088;0,902;0,4124;0,3998;0,4964;0,9879;0,0881;0,9903;0,1988;0,721;0,9065;0,5001
,69,69,70,70,70,70,70,70,71,71,71,71,71,71,71,71,72,72,72,72,72,72,73,73,73
Fitness 37,12654, Gen ;0,8785;0,6391;0,5203;0,3141;0,1212;0,4808;0,0376;0,0596;0,8877;0,4088;0,902;0,4124;0,3998;0,4964;0,9879;0,0881;0,9903;0,1988;0,721;0,9065;0,5001
,69,69,69,69,69,69,69,70,70,70,70,70,70,70,70,70,70,70,71,71,71,74,75,77,77
Fitness 4,188011, Gen ;0,8785;0,6391;0,5203;0,3141;0,1212;0,4808;0,0376;0,0596;0,8877;0,4088;0,902;0,4124;0,3998;0,4964;0,9879;0,0881;0,9903;0,1988;0,721;0,9065;0,5001
,59,59,60,60,60,60,60,60,60,60,61,61,61,61,61,61,61,61,61,61,61,61,61,61,62
Fitness 43,92041, Gen ;0,8785;0,6391;0,5203;0,3141;0,1212;0,4808;0,0376;0,0596;0,8877;0,4088;0,902;0,4124;0,3998;0,4964;0,9879;0,0881;0,9903;0,1988;0,721;0,9065;0,5001
,67,67,68,68,69,69,69,69,69,69,69,69,70,70,70,70,70,70,70,70,70,70,71,71,71
Fitness 40,995, Gen ;0,8785;0,6391;0,5203;0,3141;0,1212;0,4808;0,0376;0,0596;0,8877;0,4088;0,902;0,4124;0,3998;0,4964;0,9879;0,0881;0,9903;0,1988;0,721;0,9065;0,5001
,71,71,71,72,72,72,72,72,72,72,72,72,73,73,73,73,73,73,73,73,73,73,74,74,74
Fitness 59,35129, Gen ;0,8785;0,6391;0,5203;0,3141;0,1212;0,4808;0,0376;0,0596;0,8877;0,4088;0,902;0,4124;0,3998;0,4964;0,9879;0,0881;0,9903;0,1988;0,721;0,9065;0,5001
,89,89,89,89,89,89,90,90,90,90,90,90,90,90,90,91,91,91,91,91,91,91,91,92,92
Fitness 46,45351, Gen ;0,8785;0,6391;0,5203;0,3141;0,1212;0,4808;0,0376;0,0596;0,8877;0,4088;0,902;0,4124;0,3998;0,4964;0,9879;0,0881;0,9903;0,1988;0,721;0,9065;0,5001
,84,85,85,85,85,85,85,85,85,85,85,86,86,86,86,86,86,86,87,87,87,87,87,88,96
Fitness 42,66822, Gen ;0,8785;0,6391;0,5203;0,3141;0,1212;0,4808;0,0376;0,0596;0,8877;0,4088;0,902;0,4124;0,3998;0,4964;0,9879;0,0881;0,9903;0,1988;0,721;0,9065;0,5001
,67,67,67,67,67,67,68,68,68,68,68,68,68,68,68,69,69,69,69,69,69,69,69,70,83
Fitness 24,50206, Gen ;0,8785;0,6391;0,5203;0,3141;0,1212;0,4808;0,0376;0,0596;0,8877;0,4088;0,902;0,4124;0,3998;0,4964;0,9879;0,0881;0,9903;0,1988;0,721;0,9065;0,5001
,80,80,81,81,81,81,81,82,82,82,82,82,82,82,83,83,83,83,83,84,84,85,87,88,88
Fitness 23,37486, Gen ;0,8785;0,6391;0,5203;0,3141;0,1212;0,4808;0,0376;0,0596;0,8877;0,4088;0,902;0,4124;0,3998;0,4964;0,9879;0,0881;0,9903;0,1988;0,721;0,9065;0,5001
,65,65,66,66,66,66,66,66,66,66,67,67,67,67,67,67,67,67,67,68,68,68,68,69,69
Fitness 37,36507, Gen ;0,8785;0,6391;0,5203;0,3141;0,1212;0,4808;0,0376;0,0596;0,8877;0,4088;0,902;0,4124;0,3998;0,4964;0,9879;0,0881;0,9903;0,1988;0,721;0,9065;0,5001
,78,78,78,78,78,78,79,79,79,79,79,79,79,79,79,79,79,80,80,80,80,80,80,80,80
Fitness 29,08265, Gen ;0,8785;0,6391;0,5203;0,3141;0,1212;0,4808;0,0376;0,0596;0,8877;0,4088;0,902;0,4124;0,3998;0,4964;0,9879;0,0881;0,9903;0,1988;0,721;0,9065;0,5001
,59,59,60,60,60,60,60,60,60,60,60,61,61,61,61,61,61,61,61,61,62,62,62,62,62
Fitness 49,81237, Gen ;0,8785;0,6391;0,5203;0,3141;0,1212;0,4808;0,0376;0,0596;0,8877;0,4088;0,902;0,4124;0,3998;0,4964;0,9879;0,0881;0,9903;0,1988;0,721;0,9065;0,5001
,66,66,66,66,67,67,67,67,67,67,67,67,67,67,67,67,68,68,68,68,68,68,68,68,68
Fitness 35,47087, Gen ;0,8785;0,6391;0,5203;0,3141;0,1212;0,4808;0,0376;0,0596;0,8877;0,4088;0,902;0,4124;0,3998;0,4964;0,9879;0,0881;0,9903;0,1988;0,721;0,9065;0,5001
,66,67,67,67,67,67,67,67,68,68,68,68,68,68,68,68,68,69,69,69,69,69,69,69,69
Fitness 59,32828, Gen ;0,8785;0,6391;0,5203;0,3141;0,1212;0,4808;0,0376;0,0596;0,8877;0,4088;0,902;0,4124;0,3998;0,4964;0,9879;0,0881;0,9903;0,1988;0,721;0,9065;0,5001
,77,77,78,78,78,78,78,78,78,78,78,79,79,79,79,79,79,79,79,79,80,80,80,81,103
Fitness 50,44691, Gen ;0,8785;0,6391;0,5203;0,3141;0,1212;0,4808;0,0376;0,0596;0,8877;0,4088;0,902;0,4124;0,3998;0,4964;0,9879;0,0881;0,9903;0,1988;0,721;0,9065;0,5001
,55,56,56,56,56,56,56,57,57,57,57,57,57,57,57,57,57,57,58,58,58,58,59,60,60
Fitness 48,88269, Gen ;0,8785;0,6391;0,5203;0,3141;0,1212;0,4808;0,0376;0,0596;0,8877;0,4088;0,902;0,4124;0,3998;0,4964;0,9879;0,0881;0,9903;0,1988;0,721;0,9065;0,5001
,67,68,68,68,68,68,68,68,69,69,69,69,69,69,69,69,69,69,70,70,70,70,70,70,70
Fitness 21,15076, Gen ;0,8785;0,6391;0,5203;0,3141;0,1212;0,4808;0,0376;0,0596;0,8877;0,4088;0,902;0,4124;0,3998;0,4964;0,9879;0,0881;0,9903;0,1988;0,721;0,9065;0,5001
,63,64,64,64,64,65,65,65,65,65,65,65,65,65,65,65,65,66,66,66,66,66,66,66,67
Fitness 62,77278, Gen ;0,8785;0,6391;0,5203;0,3141;0,1212;0,4808;0,0376;0,0596;0,8877;0,4088;0,902;0,4124;0,3998;0,4964;0,9879;0,0881;0,9903;0,1988;0,721;0,9065;0,5001
,65,65,65,66,66,66,66,66,66,66,66,67,67,67,67,67,67,67,67,67,67,68,68,68,68
Fitness 47,62433, Gen ;0,8785;0,6391;0,5203;0,3141;0,1212;0,4808;0,0376;0,0596;0,8877;0,4088;0,902;0,4124;0,3998;0,4964;0,9879;0,0881;0,9903;0,1988;0,721;0,9065;0,5001
,70,70,70,70,70,71,71,71,71,71,71,71,71,71,72,72,72,72,72,72,73,73,80,80,87
Fitness 52,35088, Gen ;0,8785;0,6391;0,5203;0,3141;0,1212;0,4808;0,0376;0,0596;0,8877;0,4088;0,902;0,4124;0,3998;0,4964;0,9879;0,0881;0,9903;0,1988;0,721;0,9065;0,5001
,64,64,65,65,65,65,65,65,65,65,66,66,66,66,66,66,66,66,66,66,66,66,66,67,67
Fitness 50,22449, Gen ;0,8785;0,6391;0,5203;0,3141;0,1212;0,4808;0,0376;0,0596;0,8877;0,4088;0,902;0,4124;0,3998;0,4964;0,9879;0,0881;0,9903;0,1988;0,721;0,9065;0,5001
,69,69,69,69,70,70,70,70,70,70,70,70,70,71,71,71,71,71,71,71,71,71,71,72,72
Fitness 32,68609, Gen ;0,8785;0,6391;0,5203;0,3141;0,1212;0,4808;0,0376;0,0596;0,8877;0,4088;0,902;0,4124;0,3998;0,4964;0,9879;0,0881;0,9903;0,1988;0,721;0,9065;0,5001
,73,73,73,74,74,74,74,74,74,74,74,74,74,75,75,75,75,75,75,75,75,76,76,87,87
Fitness 51,87672, Gen ;0,8785;0,6391;0,5203;0,3141;0,1212;0,4808;0,0376;0,0596;0,8877;0,4088;0,902;0,4124;0,3998;0,4964;0,9879;0,0881;0,9903;0,1988;0,721;0,9065;0,5001
,63,63,63,63,64,64,64,64,64,64,64,64,64,64,64,65,65,65,65,65,65,66,74,74,74
Fitness 45,45216, Gen ;0,8785;0,6391;0,5203;0,3141;0,1212;0,4808;0,0376;0,0596;0,8877;0,4088;0,902;0,4124;0,3998;0,4964;0,9879;0,0881;0,9903;0,1988;0,721;0,9065;0,5001
,50,51,51,51,51,51,52,52,52,52,52,52,52,52,52,52,52,52,53,53,53,53,53,53,53
Fitness 31,7777, Gen ;0,8785;0,6391;0,5203;0,3141;0,1212;0,4808;0,0376;0,0596;0,8877;0,4088;0,902;0,4124;0,3998;0,4964;0,9879;0,0881;0,9903;0,1988;0,721;0,9065;0,5001
,62,62,62,62,63,63,63,63,63,63,63,63,63,63,64,64,64,64,64,64,64,64,64,78,78
