	5Stroembom ovc
	5 AI1 ovcarjev
Generacija 1, Fitness 54,6725, Gen ;0,2152;0,9106;0,7801;0,831;0,1046;0,9323;0,3089;0,0471;0,514;0,1713;0,9948;0,8602;0,4452;0,8599;0,606;0,1332;0,4575;0,3567;0,0291;0,094;0,4566
,53,53,54,54,69
Generacija 1, Fitness 52,62944, Gen ;0,2152;0,9106;0,7801;0,831;0,1046;0,9323;0,3089;0,0471;0,514;0,1713;0,9948;0,8602;0,4452;0,8599;0,606;0,1332;0,4575;0,3567;0,0291;0,094;0,4566
,45,46,46,46,73
Generacija 1, Fitness 73,26679, Gen ;0,2152;0,9106;0,7801;0,831;0,1046;0,9323;0,3089;0,0471;0,514;0,1713;0,9948;0,8602;0,4452;0,8599;0,606;0,1332;0,4575;0,3567;0,0291;0,094;0,4566
,52,53,53,53,53
Generacija 1, Fitness 37,27369, Gen ;0,2152;0,9106;0,7801;0,831;0,1046;0,9323;0,3089;0,0471;0,514;0,1713;0,9948;0,8602;0,4452;0,8599;0,606;0,1332;0,4575;0,3567;0,0291;0,094;0,4566
,78,78,79,79,79
Generacija 1, Fitness 26,56717, Gen ;0,2152;0,9106;0,7801;0,831;0,1046;0,9323;0,3089;0,0471;0,514;0,1713;0,9948;0,8602;0,4452;0,8599;0,606;0,1332;0,4575;0,3567;0,0291;0,094;0,4566
,73,74,74,74,94
Generacija 1, Fitness 82,56683, Gen ;0,2152;0,9106;0,7801;0,831;0,1046;0,9323;0,3089;0,0471;0,514;0,1713;0,9948;0,8602;0,4452;0,8599;0,606;0,1332;0,4575;0,3567;0,0291;0,094;0,4566
,47,47,48,48,48
Generacija 1, Fitness 10,82343, Gen ;0,2152;0,9106;0,7801;0,831;0,1046;0,9323;0,3089;0,0471;0,514;0,1713;0,9948;0,8602;0,4452;0,8599;0,606;0,1332;0,4575;0,3567;0,0291;0,094;0,4566
,107,107,107,108,115
Generacija 1, Fitness 87,90398, Gen ;0,2152;0,9106;0,7801;0,831;0,1046;0,9323;0,3089;0,0471;0,514;0,1713;0,9948;0,8602;0,4452;0,8599;0,606;0,1332;0,4575;0,3567;0,0291;0,094;0,4566
,44,45,45,45,45
Generacija 1, Fitness 78,5176, Gen ;0,2152;0,9106;0,7801;0,831;0,1046;0,9323;0,3089;0,0471;0,514;0,1713;0,9948;0,8602;0,4452;0,8599;0,606;0,1332;0,4575;0,3567;0,0291;0,094;0,4566
,49,50,50,50,50
Generacija 1, Fitness 37,75866, Gen ;0,2152;0,9106;0,7801;0,831;0,1046;0,9323;0,3089;0,0471;0,514;0,1713;0,9948;0,8602;0,4452;0,8599;0,606;0,1332;0,4575;0,3567;0,0291;0,094;0,4566
,77,77,78,78,78
Generacija 1, Fitness 27,4832, Gen ;0,2152;0,9106;0,7801;0,831;0,1046;0,9323;0,3089;0,0471;0,514;0,1713;0,9948;0,8602;0,4452;0,8599;0,606;0,1332;0,4575;0,3567;0,0291;0,094;0,4566
,48,48,49,63,99
Generacija 1, Fitness 20,18802, Gen ;0,2152;0,9106;0,7801;0,831;0,1046;0,9323;0,3089;0,0471;0,514;0,1713;0,9948;0,8602;0,4452;0,8599;0,606;0,1332;0,4575;0,3567;0,0291;0,094;0,4566
,55,100,100,100,100
Generacija 1, Fitness 72,01644, Gen ;0,2152;0,9106;0,7801;0,831;0,1046;0,9323;0,3089;0,0471;0,514;0,1713;0,9948;0,8602;0,4452;0,8599;0,606;0,1332;0,4575;0,3567;0,0291;0,094;0,4566
,53,53,54,54,54
Generacija 1, Fitness 86,52545, Gen ;0,2152;0,9106;0,7801;0,831;0,1046;0,9323;0,3089;0,0471;0,514;0,1713;0,9948;0,8602;0,4452;0,8599;0,606;0,1332;0,4575;0,3567;0,0291;0,094;0,4566
,41,45,46,46,46
Generacija 1, Fitness 8,056129, Gen ;0,2152;0,9106;0,7801;0,831;0,1046;0,9323;0,3089;0,0471;0,514;0,1713;0,9948;0,8602;0,4452;0,8599;0,606;0,1332;0,4575;0,3567;0,0291;0,094;0,4566
,108,109,109,109,123
Generacija 1, Fitness 2,50185, Gen ;0,2152;0,9106;0,7801;0,831;0,1046;0,9323;0,3089;0,0471;0,514;0,1713;0,9948;0,8602;0,4452;0,8599;0,606;0,1332;0,4575;0,3567;0,0291;0,094;0,4566
,119,128,129,129,143
Generacija 1, Fitness 66,62045, Gen ;0,2152;0,9106;0,7801;0,831;0,1046;0,9323;0,3089;0,0471;0,514;0,1713;0,9948;0,8602;0,4452;0,8599;0,606;0,1332;0,4575;0,3567;0,0291;0,094;0,4566
,56,57,57,57,57
Generacija 1, Fitness 8,126851, Gen ;0,2152;0,9106;0,7801;0,831;0,1046;0,9323;0,3089;0,0471;0,514;0,1713;0,9948;0,8602;0,4452;0,8599;0,606;0,1332;0,4575;0,3567;0,0291;0,094;0,4566
,118,119,119,119,119
Generacija 1, Fitness 0,1666667, Gen ;0,2152;0,9106;0,7801;0,831;0,1046;0,9323;0,3089;0,0471;0,514;0,1713;0,9948;0,8602;0,4452;0,8599;0,606;0,1332;0,4575;0,3567;0,0291;0,094;0,4566
,179
Generacija 1, Fitness 76,3957, Gen ;0,2152;0,9106;0,7801;0,831;0,1046;0,9323;0,3089;0,0471;0,514;0,1713;0,9948;0,8602;0,4452;0,8599;0,606;0,1332;0,4575;0,3567;0,0291;0,094;0,4566
,50,50,51,51,51
Generacija 1, Fitness 85,16788, Gen ;0,2152;0,9106;0,7801;0,831;0,1046;0,9323;0,3089;0,0471;0,514;0,1713;0,9948;0,8602;0,4452;0,8599;0,606;0,1332;0,4575;0,3567;0,0291;0,094;0,4566
,45,46,46,46,46
Generacija 1, Fitness 38,74519, Gen ;0,2152;0,9106;0,7801;0,831;0,1046;0,9323;0,3089;0,0471;0,514;0,1713;0,9948;0,8602;0,4452;0,8599;0,606;0,1332;0,4575;0,3567;0,0291;0,094;0,4566
,71,71,71,71,79
Generacija 1, Fitness 74,70498, Gen ;0,2152;0,9106;0,7801;0,831;0,1046;0,9323;0,3089;0,0471;0,514;0,1713;0,9948;0,8602;0,4452;0,8599;0,606;0,1332;0,4575;0,3567;0,0291;0,094;0,4566
,51,52,52,52,52
Generacija 1, Fitness 16,76027, Gen ;0,2152;0,9106;0,7801;0,831;0,1046;0,9323;0,3089;0,0471;0,514;0,1713;0,9948;0,8602;0,4452;0,8599;0,606;0,1332;0,4575;0,3567;0,0291;0,094;0,4566
,98,102,102,103,103
Generacija 1, Fitness 0,1666667, Gen ;0,2152;0,9106;0,7801;0,831;0,1046;0,9323;0,3089;0,0471;0,514;0,1713;0,9948;0,8602;0,4452;0,8599;0,606;0,1332;0,4575;0,3567;0,0291;0,094;0,4566

Generacija 1, Fitness 63,65575, Gen ;0,2152;0,9106;0,7801;0,831;0,1046;0,9323;0,3089;0,0471;0,514;0,1713;0,9948;0,8602;0,4452;0,8599;0,606;0,1332;0,4575;0,3567;0,0291;0,094;0,4566
,55,58,59,59,59
Generacija 1, Fitness 73,37405, Gen ;0,2152;0,9106;0,7801;0,831;0,1046;0,9323;0,3089;0,0471;0,514;0,1713;0,9948;0,8602;0,4452;0,8599;0,606;0,1332;0,4575;0,3567;0,0291;0,094;0,4566
,52,53,53,53,53
Generacija 1, Fitness 80,21619, Gen ;0,2152;0,9106;0,7801;0,831;0,1046;0,9323;0,3089;0,0471;0,514;0,1713;0,9948;0,8602;0,4452;0,8599;0,606;0,1332;0,4575;0,3567;0,0291;0,094;0,4566
,48,48,49,49,49
Generacija 1, Fitness 0,6348232, Gen ;0,2152;0,9106;0,7801;0,831;0,1046;0,9323;0,3089;0,0471;0,514;0,1713;0,9948;0,8602;0,4452;0,8599;0,606;0,1332;0,4575;0,3567;0,0291;0,094;0,4566
,148,148,149,149,158
Generacija 1, Fitness 43,13056, Gen ;0,2152;0,9106;0,7801;0,831;0,1046;0,9323;0,3089;0,0471;0,514;0,1713;0,9948;0,8602;0,4452;0,8599;0,606;0,1332;0,4575;0,3567;0,0291;0,094;0,4566
,68,68,68,68,75
Generacija 1, Fitness 22,20711, Gen ;0,2152;0,9106;0,7801;0,831;0,1046;0,9323;0,3089;0,0471;0,514;0,1713;0,9948;0,8602;0,4452;0,8599;0,606;0,1332;0,4575;0,3567;0,0291;0,094;0,4566
,93,94,94,94,95
Generacija 1, Fitness 49,78325, Gen ;0,2152;0,9106;0,7801;0,831;0,1046;0,9323;0,3089;0,0471;0,514;0,1713;0,9948;0,8602;0,4452;0,8599;0,606;0,1332;0,4575;0,3567;0,0291;0,094;0,4566
,56,56,56,57,72
Generacija 1, Fitness 82,64965, Gen ;0,2152;0,9106;0,7801;0,831;0,1046;0,9323;0,3089;0,0471;0,514;0,1713;0,9948;0,8602;0,4452;0,8599;0,606;0,1332;0,4575;0,3567;0,0291;0,094;0,4566
,47,47,47,48,48
Generacija 1, Fitness 87,7509, Gen ;0,2152;0,9106;0,7801;0,831;0,1046;0,9323;0,3089;0,0471;0,514;0,1713;0,9948;0,8602;0,4452;0,8599;0,606;0,1332;0,4575;0,3567;0,0291;0,094;0,4566
,44,45,45,45,45
Generacija 1, Fitness 75,55822, Gen ;0,2152;0,9106;0,7801;0,831;0,1046;0,9323;0,3089;0,0471;0,514;0,1713;0,9948;0,8602;0,4452;0,8599;0,606;0,1332;0,4575;0,3567;0,0291;0,094;0,4566
,51,51,51,52,52
Generacija 1, Fitness 55,82632, Gen ;0,2152;0,9106;0,7801;0,831;0,1046;0,9323;0,3089;0,0471;0,514;0,1713;0,9948;0,8602;0,4452;0,8599;0,606;0,1332;0,4575;0,3567;0,0291;0,094;0,4566
,63,63,64,64,64
Generacija 1, Fitness 2,589587, Gen ;0,2152;0,9106;0,7801;0,831;0,1046;0,9323;0,3089;0,0471;0,514;0,1713;0,9948;0,8602;0,4452;0,8599;0,606;0,1332;0,4575;0,3567;0,0291;0,094;0,4566
,135,139,139,139,139
Generacija 1, Fitness 32,74461, Gen ;0,2152;0,9106;0,7801;0,831;0,1046;0,9323;0,3089;0,0471;0,514;0,1713;0,9948;0,8602;0,4452;0,8599;0,606;0,1332;0,4575;0,3567;0,0291;0,094;0,4566
,64,65,66,66,89
Generacija 1, Fitness 74,97057, Gen ;0,2152;0,9106;0,7801;0,831;0,1046;0,9323;0,3089;0,0471;0,514;0,1713;0,9948;0,8602;0,4452;0,8599;0,606;0,1332;0,4575;0,3567;0,0291;0,094;0,4566
,51,52,52,52,52
Generacija 1, Fitness 44,48492, Gen ;0,2152;0,9106;0,7801;0,831;0,1046;0,9323;0,3089;0,0471;0,514;0,1713;0,9948;0,8602;0,4452;0,8599;0,606;0,1332;0,4575;0,3567;0,0291;0,094;0,4566
,72,72,72,72,73
Generacija 1, Fitness 73,91029, Gen ;0,2152;0,9106;0,7801;0,831;0,1046;0,9323;0,3089;0,0471;0,514;0,1713;0,9948;0,8602;0,4452;0,8599;0,606;0,1332;0,4575;0,3567;0,0291;0,094;0,4566
,51,52,52,52,53
Generacija 1, Fitness 39,95455, Gen ;0,2152;0,9106;0,7801;0,831;0,1046;0,9323;0,3089;0,0471;0,514;0,1713;0,9948;0,8602;0,4452;0,8599;0,606;0,1332;0,4575;0,3567;0,0291;0,094;0,4566
,75,76,76,76,76
Generacija 1, Fitness 88,14529, Gen ;0,2152;0,9106;0,7801;0,831;0,1046;0,9323;0,3089;0,0471;0,514;0,1713;0,9948;0,8602;0,4452;0,8599;0,606;0,1332;0,4575;0,3567;0,0291;0,094;0,4566
,44,44,45,45,45
Generacija 1, Fitness 65,98003, Gen ;0,2152;0,9106;0,7801;0,831;0,1046;0,9323;0,3089;0,0471;0,514;0,1713;0,9948;0,8602;0,4452;0,8599;0,606;0,1332;0,4575;0,3567;0,0291;0,094;0,4566
,55,57,57,57,58
Generacija 1, Fitness 8,587406, Gen ;0,2152;0,9106;0,7801;0,831;0,1046;0,9323;0,3089;0,0471;0,514;0,1713;0,9948;0,8602;0,4452;0,8599;0,606;0,1332;0,4575;0,3567;0,0291;0,094;0,4566
,99,100,100,105,123
Generacija 1, Fitness 49,6334, Gen ;0,2152;0,9106;0,7801;0,831;0,1046;0,9323;0,3089;0,0471;0,514;0,1713;0,9948;0,8602;0,4452;0,8599;0,606;0,1332;0,4575;0,3567;0,0291;0,094;0,4566
,68,68,68,68,68
Generacija 1, Fitness 77,54295, Gen ;0,2152;0,9106;0,7801;0,831;0,1046;0,9323;0,3089;0,0471;0,514;0,1713;0,9948;0,8602;0,4452;0,8599;0,606;0,1332;0,4575;0,3567;0,0291;0,094;0,4566
,49,49,49,49,51
Generacija 1, Fitness 56,69258, Gen ;0,2152;0,9106;0,7801;0,831;0,1046;0,9323;0,3089;0,0471;0,514;0,1713;0,9948;0,8602;0,4452;0,8599;0,606;0,1332;0,4575;0,3567;0,0291;0,094;0,4566
,62,63,63,63,63
Generacija 1, Fitness 49,02067, Gen ;0,2152;0,9106;0,7801;0,831;0,1046;0,9323;0,3089;0,0471;0,514;0,1713;0,9948;0,8602;0,4452;0,8599;0,606;0,1332;0,4575;0,3567;0,0291;0,094;0,4566
,61,61,61,65,71
Generacija 1, Fitness 28,33144, Gen ;0,2152;0,9106;0,7801;0,831;0,1046;0,9323;0,3089;0,0471;0,514;0,1713;0,9948;0,8602;0,4452;0,8599;0,606;0,1332;0,4575;0,3567;0,0291;0,094;0,4566
,87,87,87,87,88
Generacija 1, Fitness 0,3669019, Gen ;0,2152;0,9106;0,7801;0,831;0,1046;0,9323;0,3089;0,0471;0,514;0,1713;0,9948;0,8602;0,4452;0,8599;0,606;0,1332;0,4575;0,3567;0,0291;0,094;0,4566
,63,63,67,168,171
Generacija 1, Fitness 60,72446, Gen ;0,2152;0,9106;0,7801;0,831;0,1046;0,9323;0,3089;0,0471;0,514;0,1713;0,9948;0,8602;0,4452;0,8599;0,606;0,1332;0,4575;0,3567;0,0291;0,094;0,4566
,51,52,52,52,64
Generacija 1, Fitness 75,05208, Gen ;0,2152;0,9106;0,7801;0,831;0,1046;0,9323;0,3089;0,0471;0,514;0,1713;0,9948;0,8602;0,4452;0,8599;0,606;0,1332;0,4575;0,3567;0,0291;0,094;0,4566
,51,52,52,52,52
Generacija 1, Fitness 64,20988, Gen ;0,2152;0,9106;0,7801;0,831;0,1046;0,9323;0,3089;0,0471;0,514;0,1713;0,9948;0,8602;0,4452;0,8599;0,606;0,1332;0,4575;0,3567;0,0291;0,094;0,4566
,56,58,58,58,59
Generacija 1, Fitness 57,71464, Gen ;0,2152;0,9106;0,7801;0,831;0,1046;0,9323;0,3089;0,0471;0,514;0,1713;0,9948;0,8602;0,4452;0,8599;0,606;0,1332;0,4575;0,3567;0,0291;0,094;0,4566
,62,62,62,63,63
Generacija 1, Fitness 30,53513, Gen ;0,2152;0,9106;0,7801;0,831;0,1046;0,9323;0,3089;0,0471;0,514;0,1713;0,9948;0,8602;0,4452;0,8599;0,606;0,1332;0,4575;0,3567;0,0291;0,094;0,4566
,75,76,77,77,88
Generacija 1, Fitness 42,54339, Gen ;0,2152;0,9106;0,7801;0,831;0,1046;0,9323;0,3089;0,0471;0,514;0,1713;0,9948;0,8602;0,4452;0,8599;0,606;0,1332;0,4575;0,3567;0,0291;0,094;0,4566
,73,74,74,74,74
Generacija 1, Fitness 20,25319, Gen ;0,2152;0,9106;0,7801;0,831;0,1046;0,9323;0,3089;0,0471;0,514;0,1713;0,9948;0,8602;0,4452;0,8599;0,606;0,1332;0,4575;0,3567;0,0291;0,094;0,4566
,96,97,97,97,97
Generacija 1, Fitness 82,11939, Gen ;0,2152;0,9106;0,7801;0,831;0,1046;0,9323;0,3089;0,0471;0,514;0,1713;0,9948;0,8602;0,4452;0,8599;0,606;0,1332;0,4575;0,3567;0,0291;0,094;0,4566
,47,47,48,48,48
Generacija 1, Fitness 36,82274, Gen ;0,2152;0,9106;0,7801;0,831;0,1046;0,9323;0,3089;0,0471;0,514;0,1713;0,9948;0,8602;0,4452;0,8599;0,606;0,1332;0,4575;0,3567;0,0291;0,094;0,4566
,78,78,78,79,79
Generacija 1, Fitness 52,36925, Gen ;0,2152;0,9106;0,7801;0,831;0,1046;0,9323;0,3089;0,0471;0,514;0,1713;0,9948;0,8602;0,4452;0,8599;0,606;0,1332;0,4575;0,3567;0,0291;0,094;0,4566
,66,66,66,66,66
Generacija 1, Fitness 0,3799247, Gen ;0,2152;0,9106;0,7801;0,831;0,1046;0,9323;0,3089;0,0471;0,514;0,1713;0,9948;0,8602;0,4452;0,8599;0,606;0,1332;0,4575;0,3567;0,0291;0,094;0,4566
,82,82,82,163,170
Generacija 1, Fitness 64,30763, Gen ;0,2152;0,9106;0,7801;0,831;0,1046;0,9323;0,3089;0,0471;0,514;0,1713;0,9948;0,8602;0,4452;0,8599;0,606;0,1332;0,4575;0,3567;0,0291;0,094;0,4566
,51,51,51,52,61
Generacija 1, Fitness 80,39129, Gen ;0,2152;0,9106;0,7801;0,831;0,1046;0,9323;0,3089;0,0471;0,514;0,1713;0,9948;0,8602;0,4452;0,8599;0,606;0,1332;0,4575;0,3567;0,0291;0,094;0,4566
,45,46,46,46,50
Generacija 1, Fitness 77,51102, Gen ;0,2152;0,9106;0,7801;0,831;0,1046;0,9323;0,3089;0,0471;0,514;0,1713;0,9948;0,8602;0,4452;0,8599;0,606;0,1332;0,4575;0,3567;0,0291;0,094;0,4566
,48,49,49,49,51
Generacija 1, Fitness 36,222, Gen ;0,2152;0,9106;0,7801;0,831;0,1046;0,9323;0,3089;0,0471;0,514;0,1713;0,9948;0,8602;0,4452;0,8599;0,606;0,1332;0,4575;0,3567;0,0291;0,094;0,4566
,63,78,78,81,81
Generacija 1, Fitness 93,51112, Gen ;0,2152;0,9106;0,7801;0,831;0,1046;0,9323;0,3089;0,0471;0,514;0,1713;0,9948;0,8602;0,4452;0,8599;0,606;0,1332;0,4575;0,3567;0,0291;0,094;0,4566
,41,42,42,42,42
Generacija 1, Fitness 69,39273, Gen ;0,2152;0,9106;0,7801;0,831;0,1046;0,9323;0,3089;0,0471;0,514;0,1713;0,9948;0,8602;0,4452;0,8599;0,606;0,1332;0,4575;0,3567;0,0291;0,094;0,4566
,54,55,55,55,55
Generacija 1, Fitness 88,21941, Gen ;0,2152;0,9106;0,7801;0,831;0,1046;0,9323;0,3089;0,0471;0,514;0,1713;0,9948;0,8602;0,4452;0,8599;0,606;0,1332;0,4575;0,3567;0,0291;0,094;0,4566
,38,44,45,45,45
Generacija 1, Fitness 76,85156, Gen ;0,2152;0,9106;0,7801;0,831;0,1046;0,9323;0,3089;0,0471;0,514;0,1713;0,9948;0,8602;0,4452;0,8599;0,606;0,1332;0,4575;0,3567;0,0291;0,094;0,4566
,49,50,51,51,51
Generacija 1, Fitness 72,40037, Gen ;0,2152;0,9106;0,7801;0,831;0,1046;0,9323;0,3089;0,0471;0,514;0,1713;0,9948;0,8602;0,4452;0,8599;0,606;0,1332;0,4575;0,3567;0,0291;0,094;0,4566
,52,53,53,54,54
Generacija 1, Fitness 6,740997, Gen ;0,2152;0,9106;0,7801;0,831;0,1046;0,9323;0,3089;0,0471;0,514;0,1713;0,9948;0,8602;0,4452;0,8599;0,606;0,1332;0,4575;0,3567;0,0291;0,094;0,4566
,106,107,107,108,128
Generacija 1, Fitness 84,64455, Gen ;0,2152;0,9106;0,7801;0,831;0,1046;0,9323;0,3089;0,0471;0,514;0,1713;0,9948;0,8602;0,4452;0,8599;0,606;0,1332;0,4575;0,3567;0,0291;0,094;0,4566
,45,46,46,47,47
Generacija 1, Fitness 82,51046, Gen ;0,2152;0,9106;0,7801;0,831;0,1046;0,9323;0,3089;0,0471;0,514;0,1713;0,9948;0,8602;0,4452;0,8599;0,606;0,1332;0,4575;0,3567;0,0291;0,094;0,4566
,47,47,47,48,48
Generacija 1, Fitness 8,54952, Gen ;0,2152;0,9106;0,7801;0,831;0,1046;0,9323;0,3089;0,0471;0,514;0,1713;0,9948;0,8602;0,4452;0,8599;0,606;0,1332;0,4575;0,3567;0,0291;0,094;0,4566
,114,117,118,118,118
Generacija 1, Fitness 0,7045227, Gen ;0,2152;0,9106;0,7801;0,831;0,1046;0,9323;0,3089;0,0471;0,514;0,1713;0,9948;0,8602;0,4452;0,8599;0,606;0,1332;0,4575;0,3567;0,0291;0,094;0,4566
,69,86,152,152,163
Generacija 1, Fitness 81,19897, Gen ;0,2152;0,9106;0,7801;0,831;0,1046;0,9323;0,3089;0,0471;0,514;0,1713;0,9948;0,8602;0,4452;0,8599;0,606;0,1332;0,4575;0,3567;0,0291;0,094;0,4566
,47,48,48,49,49
Generacija 1, Fitness 38,72458, Gen ;0,2152;0,9106;0,7801;0,831;0,1046;0,9323;0,3089;0,0471;0,514;0,1713;0,9948;0,8602;0,4452;0,8599;0,606;0,1332;0,4575;0,3567;0,0291;0,094;0,4566
,56,58,62,63,83
Generacija 1, Fitness 95,69343, Gen ;0,2152;0,9106;0,7801;0,831;0,1046;0,9323;0,3089;0,0471;0,514;0,1713;0,9948;0,8602;0,4452;0,8599;0,606;0,1332;0,4575;0,3567;0,0291;0,094;0,4566
,41,41,41,41,41
Generacija 1, Fitness 46,87577, Gen ;0,2152;0,9106;0,7801;0,831;0,1046;0,9323;0,3089;0,0471;0,514;0,1713;0,9948;0,8602;0,4452;0,8599;0,606;0,1332;0,4575;0,3567;0,0291;0,094;0,4566
,70,70,70,70,71
Generacija 1, Fitness 63,21919, Gen ;0,2152;0,9106;0,7801;0,831;0,1046;0,9323;0,3089;0,0471;0,514;0,1713;0,9948;0,8602;0,4452;0,8599;0,606;0,1332;0,4575;0,3567;0,0291;0,094;0,4566
,47,47,47,61,62
Generacija 1, Fitness 69,07015, Gen ;0,2152;0,9106;0,7801;0,831;0,1046;0,9323;0,3089;0,0471;0,514;0,1713;0,9948;0,8602;0,4452;0,8599;0,606;0,1332;0,4575;0,3567;0,0291;0,094;0,4566
,52,52,55,56,56
Generacija 1, Fitness 45,17462, Gen ;0,2152;0,9106;0,7801;0,831;0,1046;0,9323;0,3089;0,0471;0,514;0,1713;0,9948;0,8602;0,4452;0,8599;0,606;0,1332;0,4575;0,3567;0,0291;0,094;0,4566
,65,72,72,72,72
Generacija 1, Fitness 0,1666667, Gen ;0,2152;0,9106;0,7801;0,831;0,1046;0,9323;0,3089;0,0471;0,514;0,1713;0,9948;0,8602;0,4452;0,8599;0,606;0,1332;0,4575;0,3567;0,0291;0,094;0,4566
,66,67
Generacija 1, Fitness 4,256454, Gen ;0,2152;0,9106;0,7801;0,831;0,1046;0,9323;0,3089;0,0471;0,514;0,1713;0,9948;0,8602;0,4452;0,8599;0,606;0,1332;0,4575;0,3567;0,0291;0,094;0,4566
,130,131,131,131,131
Generacija 1, Fitness 0,1666667, Gen ;0,2152;0,9106;0,7801;0,831;0,1046;0,9323;0,3089;0,0471;0,514;0,1713;0,9948;0,8602;0,4452;0,8599;0,606;0,1332;0,4575;0,3567;0,0291;0,094;0,4566
,168
Generacija 1, Fitness 80,52637, Gen ;0,2152;0,9106;0,7801;0,831;0,1046;0,9323;0,3089;0,0471;0,514;0,1713;0,9948;0,8602;0,4452;0,8599;0,606;0,1332;0,4575;0,3567;0,0291;0,094;0,4566
,48,48,49,49,49
Generacija 1, Fitness 35,50014, Gen ;0,2152;0,9106;0,7801;0,831;0,1046;0,9323;0,3089;0,0471;0,514;0,1713;0,9948;0,8602;0,4452;0,8599;0,606;0,1332;0,4575;0,3567;0,0291;0,094;0,4566
,79,79,80,80,80
Generacija 1, Fitness 75,37389, Gen ;0,2152;0,9106;0,7801;0,831;0,1046;0,9323;0,3089;0,0471;0,514;0,1713;0,9948;0,8602;0,4452;0,8599;0,606;0,1332;0,4575;0,3567;0,0291;0,094;0,4566
,51,51,51,52,52
Generacija 1, Fitness 85,25671, Gen ;0,2152;0,9106;0,7801;0,831;0,1046;0,9323;0,3089;0,0471;0,514;0,1713;0,9948;0,8602;0,4452;0,8599;0,606;0,1332;0,4575;0,3567;0,0291;0,094;0,4566
,46,46,46,46,46
Generacija 1, Fitness 70,87814, Gen ;0,2152;0,9106;0,7801;0,831;0,1046;0,9323;0,3089;0,0471;0,514;0,1713;0,9948;0,8602;0,4452;0,8599;0,606;0,1332;0,4575;0,3567;0,0291;0,094;0,4566
,53,54,54,54,54
Generacija 1, Fitness 5,419399, Gen ;0,2152;0,9106;0,7801;0,831;0,1046;0,9323;0,3089;0,0471;0,514;0,1713;0,9948;0,8602;0,4452;0,8599;0,606;0,1332;0,4575;0,3567;0,0291;0,094;0,4566
,121,121,122,122,129
Generacija 1, Fitness 83,45261, Gen ;0,2152;0,9106;0,7801;0,831;0,1046;0,9323;0,3089;0,0471;0,514;0,1713;0,9948;0,8602;0,4452;0,8599;0,606;0,1332;0,4575;0,3567;0,0291;0,094;0,4566
,46,47,47,47,47
Generacija 1, Fitness 68,61295, Gen ;0,2152;0,9106;0,7801;0,831;0,1046;0,9323;0,3089;0,0471;0,514;0,1713;0,9948;0,8602;0,4452;0,8599;0,606;0,1332;0,4575;0,3567;0,0291;0,094;0,4566
,55,55,55,56,56
Generacija 1, Fitness 83,67171, Gen ;0,2152;0,9106;0,7801;0,831;0,1046;0,9323;0,3089;0,0471;0,514;0,1713;0,9948;0,8602;0,4452;0,8599;0,606;0,1332;0,4575;0,3567;0,0291;0,094;0,4566
,41,47,47,48,48
Generacija 1, Fitness 37,9073, Gen ;0,2152;0,9106;0,7801;0,831;0,1046;0,9323;0,3089;0,0471;0,514;0,1713;0,9948;0,8602;0,4452;0,8599;0,606;0,1332;0,4575;0,3567;0,0291;0,094;0,4566
,77,78,78,78,78
Generacija 1, Fitness 76,20481, Gen ;0,2152;0,9106;0,7801;0,831;0,1046;0,9323;0,3089;0,0471;0,514;0,1713;0,9948;0,8602;0,4452;0,8599;0,606;0,1332;0,4575;0,3567;0,0291;0,094;0,4566
,51,51,51,51,51
Generacija 1, Fitness 54,76914, Gen ;0,2152;0,9106;0,7801;0,831;0,1046;0,9323;0,3089;0,0471;0,514;0,1713;0,9948;0,8602;0,4452;0,8599;0,606;0,1332;0,4575;0,3567;0,0291;0,094;0,4566
,64,64,64,64,65
Generacija 1, Fitness 87,04632, Gen ;0,2152;0,9106;0,7801;0,831;0,1046;0,9323;0,3089;0,0471;0,514;0,1713;0,9948;0,8602;0,4452;0,8599;0,606;0,1332;0,4575;0,3567;0,0291;0,094;0,4566
,43,43,43,44,46
Generacija 1, Fitness 73,57405, Gen ;0,2152;0,9106;0,7801;0,831;0,1046;0,9323;0,3089;0,0471;0,514;0,1713;0,9948;0,8602;0,4452;0,8599;0,606;0,1332;0,4575;0,3567;0,0291;0,094;0,4566
,52,52,53,53,53
