	125Stroembom ovc
	1 Voronoi ovcarjev
151,151,152,152,152,153,153,153,153,153,156,157,158,158,158,158,158,158,159,159,159,159,159,159,159,160,160,160,160,161,161,161,161,161,161,161,161,161,161,161,161,162,162,162,162,162,162,162,162,162,162,162,162,162,162,163,163,163,163,163,163,163,163,163,163,163,163,164,164,164,166,167,167,168,168,168,168,168,169,169,169,169,169,169,169,169,170,170,170,170,170,170,170,170,170,170,170,170,170,170,171,171,171,171,171,171,171,171,171,171,171,171,171,171,171,172,172,172,172,172,172,172,172,173,173
166,166,167,167,167,167,168,170,170,171,171,172,173,173,173,173,174,174,174,174,174,174,174,174,175,175,175,175,175,175,175,175,175,175,175,175,175,176,176,176,176,176,176,176,176,176,176,176,176,176,176,176,176,176,176,176,176,177,177,177,177,177,177,177,177,177,177,177,177,177,177,177,177,178,178,178,178,178,178,178,178,178,178,178,178,178,178,178,178,178,179,179,179,179,179,179,179,179,179,179,179,180,180,180,180,180
124,125,125,125,125,126,126,126,126,126,126,126,126,126,127,127,127,127,127,127,127,127,127,128,128,128,128,128,128,128,128,128,128,128,128,128,129,129,129,129,129,129,129,129,129,129,129,129,129,129,129,130,130,130,130,130,130,130,130,130,131,131,131,131,131,131,131,131,131,131,131,131,131,131,131,132,132,132,132,132,132,132,132,132,132,132,132,132,132,132,132,132,132,133,133,133,133,134,135,136,137,138,141,146,157,160,172,176,176,177,177,177,178,178,178,178,178,178,178,178,179,179,179,179,179


113,113,113,114,114,114,114,114,114,114,114,114,114,114,114,114,114,115,115,115,115,115,115,115,115,115,115,115,115,115,115,115,115,115,115,115,115,115,115,116,116,116,116,116,116,116,116,116,116,116,116,116,116,116,116,116,116,116,116,116,117,117,117,117,117,117,117,117,117,117,117,117,117,117,117,117,117,117,117,117,117,117,117,117,117,117,117,117,117,118,118,118,118,118,118,118,118,118,118,118,118,118,118,118,118,118,118,118,118,118,118,118,118,118,119,119,119,119,119,119,119,119,119,119,119
166,167,167,167,168,168,168,168,168,168,168,168,169,169,169,169,169,169,169,169,169,169,169,169,170,170,170,170,170,170,170,170,170,171,171,171,171,171,171,171,171,171,171,171,171,171,171,172,172,172,172,172,173,173,173,173,173,173,173,173,173,173,173,174,175,175,175,176,176,177,177,179,179
168,169,169,170,170,171,171,171,172,172,173,173,173,173,173,174,174,174,175,176,177,178,179

154,155,155,156,156,157,157,157,158,160,161,161,161,161,162,162,162,164,164,164,164,164,164,164,164,165,165,165,165,165,165,166,166,166,166,166,166,166,166,166,166,166,166,166,166,166,167,167,167,167,167,167,167,167,167,167,167,168,168,168,168,168,168,168,168,168,168,168,168,168,169,169,170,170,173,173,174,174,174,174,174,174,175,175,175,175,175,175,175,175,176,176,176,176,176,176,177,177,177,177,177,177,177,177,177,177,178,178,178,178,178,178,178,178,178,178,179,179,179,179,179,179,180


141,141,141,142,142,142,143,143,144,144,144,144,144,145,145,145,145,145,145,146,146,146,146,146,146,146,146,146,146,147,147,147,147,147,147,147,147,147,147,148,148,148,148,148,148,148,148,148,149,149,149,149,149,149,149,149,150,150,150,150,150,150,150,150,151,152,153,153,153,153,154,155,155,156,158,158,159,167,168,169,171,171,171,173,176,177


136,138,138,138,139,140,141,141,141,143,145,147,151,164,164,164,168,169,175
160,160,160,160,160,160,161,161,161,161,161,162,162,162,162,162,162,162,163,163,163,163,163,163,163,163,163,163,164,164,164,164,164,164,164,164,164,164,164,164,164,164,164,165,165,165,165,165,165,165,165,165,165,165,166,166,166,166,166,166,167,167,167,167,168,169,169,169,170,170,170,170,170,170,171,174,175,175,175,175,175,175,175,176,176,176,176,176,176,176,176,176,176,176,176,176,176,177,177,177,177,177,177,177,177,177,177,177,177,177,177,177,177,177,177,178,178,178,178,178,178,178,178,178,178
169,171,172,172,172,172,173,173,174,174,174,174,174,174,175,175,175,175,175,175,175,176,176,176,176,176,176,176,177,177,177,177,177,177,177,177,177,177,177,178,178,178,178,178,178,178,178,178,178,178,178,179,179,179,179,179,179,179,179,179,179,180
157,157,158,159,159,159,160,160,160,160,160,161,161,161,161,161,161,161,162,162,162,162,162,162,162,163,163,163,163,163,163,163,163,163,163,164,164,164,164,164,164,165,165,165,165,165,165,165,165,166,166,166,166,166,166,166,166,166,166,166,167,167,167,168,168,168,169,170,171,174,174,174,174,174,174,174,174,174,174,174,175,175,175,175,175,175,175,175,175,175,175,175,175,175,175,176,176,176,176,176,176,176,176,176,176,176,176,176,176,176,176,176,176,177,177,177,177,177,177,177,177,177,177,178,178


172,173,173,173,173,173,174,174,174,174,174,174,174,174,174,174,174,175,175,175,175,175,175,175,175,175,175,175,175,175,175,176,176,176,176,176,176,176,176,176,176,176,176,176,176,177,177,177,177,177,177,177,177,177,177,177,177,177,177,177,177,177,177,177,178,178,178,178,178,178,178,178,178,178,178,178,178,178,178,178,178,178,178,178,178,179,179,179,179,179,179,179,179,179,180,180

175,175,175,176,176,176,176,176,176,176,176,176,176,176,176,176,176,176,176,176,177,177,177,177,177,177,177,177,177,177,177,177,177,177,177,177,177,177,177,178,178,178,178,178,178,178,178,178,178,178,178,178,178,178,178,178,178,178,178,178,178,178,178,178,178,179,179,179,179,179,179,179,179,179,179,179,179,179,179,179,179,180,180,180,180,180,180,180


172,173,174,174,175,176,176,176,176,177,177,177,177,178,178,178,178,178,178,179,179,179,179,179,179,180,180,180,180,180
157,157,157,157,158,158,158,158,158,158,158,159,159,159,159,159,159,159,159,159,160,160,160,160,160,160,160,160,160,160,160,160,160,160,161,161,161,161,161,161,164,164,165,165,166,166,166,167,167,167,168,168,168,168,168,169,169,169,169,169,170,170,170,170,170,170,171,171,171,171,171,171,171,171,171,171,171,172,172,172,172,172,172,172,172,172,172,172,173,173,173,173,173,173,173,173,173,173,173,173,173,173,173,174,174,174,174,174,174,174,174,174,174,175,175,175,175,175,175,175

177,177,178,179


157,157,158,158,158,158,158,158,158,159,159,159,159,160,160,160,160,160,160,160,161,161,161,161,162,163,163,164,164,164,165,165,165,165,165,165,165,165,166,166,166,166,166,166,166,166,166,166,166,166,166,166,166,166,167,167,167,167,167,167,167,167,167,167,167,167,167,167,167,167,167,167,167,167,167,167,167,167,167,168,168,168,168,168,168,168,168,168,168,168,168,168,168,168,169,169,169,169,169,169,169,169,169,169,169,169,169,170,170,170,170,170,170,172,172,174,174,174,174,175,175,175,175,175,175
114,115,115,115,115,115,115,115,116,116,116,116,116,116,116,116,116,116,117,117,117,117,117,117,117,117,117,117,117,117,117,117,117,117,117,117,117,117,117,117,117,117,117,117,118,118,118,118,118,118,118,118,118,118,118,118,118,118,118,118,118,118,118,118,118,118,118,118,118,118,118,118,118,118,119,119,119,119,119,119,119,119,119,119,119,119,119,119,119,119,119,119,119,119,119,119,119,119,119,119,119,119,119,119,120,120,120,120,120,120,120,120,120,120,120,120,120,120,120,120,120,120,120,120,121


177,177,177,178,178,178,178,178,178,178,178,179,179,179,179,179,179,179,179,179,180,180,180,180,180
165,166,167,167,167,167,167,167,168,168,168,168,168,168,168,169,169,169,169,169,169,169,169,169,170,170,170,170,170,170,170,170,170,170,171,171,171,171,172,172,172,172,172,172,173,173,173,173,173,174,174,176,176,177,178,178,179,179,179,179,179,179,179,179,179,179,180,180,180








169,169,169,169,169,169,170,170,170,170,170,171,171,171,171,171,171,171,171,171,172,172,172,172,172,172,172,172,172,172,172,173,173,173,173,173,173,173,173,173,173,173,173,174,174,174,174,174,174,174,174,174,174,174,174,174,174,174,174,174,175,175,175,175,175,175,175,175,175,175,175,175,175,175,175,175,175,176,176,176,176,176,176,176,176,176,176,176,176,176,176,176,176,176,176,176,176,176,177,177,177,177,177,177,177,177,177,177,177,177,177,177,177,178,178,178,178,178,178,179,179,179

145,145,146,146,147,148,148,148,149,149,150,150,150,150,150,151,151,152,152,152,152,152,153,153,154,154,154,155,155,155,157,158,158,159,161,164
