	150Stroembom ovc
	1 Voronoi ovcarjev
118,119,119,119,119,119,119,119,119,119,120,120,120,120,120,120,120,120,120,120,120,120,120,121,121,121,121,121,121,121,121,121,121,121,121,121,121,121,121,121,121,121,121,121,121,121,121,121,121,122,122,122,122,122,122,122,122,122,122,122,122,122,122,122,122,122,122,122,122,122,122,122,122,122,122,123,123,123,123,123,123,123,123,123,123,123,123,123,123,123,123,123,123,123,123,123,123,123,124,124,124,124,124,124,124,124,124,124,124,124,124,124,124,124,124,124,124,126,127,128,128,128,130,130,130,130,130,130,131,131,131,131,131,131,131,131,131,131,131,131,131,131,132,132,132,132,132,132,132,132
171,171,172,173,173,173,174,174,174,174,174,175,175,175,175,175,175,175,175,175,176,176,176,176,176,176,176,176,176,176,177,177,177,177,177,177,177,177,178,178,178,178,178,178,178,178,178,178,179,179,179,179,179,180,180,180,180,180



178,178,179







134,135,137,137,137,137,138,138,138,138,138,138,139,139,139,139,139,139,139,139,139,139,139,139,140,140,140,140,140,140,140,140,140,140,140,140,140,140,140,140,140,141,141,141,141,141,141,141,141,141,141,141,141,141,141,141,141,141,141,141,142,142,142,142,142,142,142,142,142,142,142,142,142,142,142,142,142,142,143,143,143,143,143,143,143,143,143,143,143,143,143,143,143,143,143,143,143,143,143,143,143,144,144,144,144,144,144,144,144,144,144,144,144,144,144,144,144,144,144,145,145,145,145,145,145,145,145,145,145,145,145,145,145,145,145,145,145,145,146,146,146,146,146,146,146,146

174,174,175,175,175,175,175,175,176,176,176,176,176,177,177,177,177,177,178,178,178,178,178,178,178,178,178,178,178,179,179,179,179,179,180,180
172,173,174,175,175,176,176,177,178,178,178,179,180
175,175,175,176,176,178,178,179,179,179,179,180















178,178,178,179,180,180







178,179,179,179,180,180

176,176,176,177,177,178,178,178,178,178,179,179,180



152,152,152,153,153,153,154,154,154,154,154,154,154,154,155,155,155,155,155,155,155,155,155,156,156,156,156,156,156,156,156,156,156,156,156,156,156,156,157,157,157,157,157,157,157,157,157,158,158,158,158,158,158,158,158,158,158,158,158,159,159,159,159,159,159,159,159,159,159,159,159,159,159,159,160,160,160,160,160,160,160,160,160,160,160,160,160,160,160,160,161,161,161,161,161,161,161,161,161,161,161,161,161,161,161,161,162,162,162,162,162,162,162,162,162,162,162,162,162,163,163,163,163,163,163,163,163,167,169,172


