	75 Stroembomovih ovc
	4 Voronoi ovcarjev
67,67,68,68,68,68,68,68,68,68,68,68,68,69,69,69,69,69,69,69,69,69,69,69,69,69,69,69,69,69,69,69,69,70,70,70,70,70,70,70,70,70,70,70,70,70,71,71,71,71,71,71,71,71,71,71,71,71,72,72,72,72,72,72,72,72,72,72,72,72,72,72,72,73,73
70,70,71,71,71,71,71,71,71,71,71,71,71,72,72,72,72,72,72,72,72,72,72,72,72,72,72,72,72,72,73,73,73,73,73,73,73,73,73,73,73,73,73,73,73,73,73,74,74,74,74,74,74,74,74,74,74,74,75,75,75,75,75,75,75,75,75,75,75,75,75,75,75,76,76
66,67,67,68,68,68,68,68,68,68,68,68,68,68,68,68,68,69,69,69,69,69,69,69,69,69,69,69,69,69,69,69,69,69,69,69,69,69,69,70,70,70,70,70,70,70,70,70,70,70,70,70,70,70,70,70,70,70,70,70,70,70,71,71,71,71,71,71,71,71,71,71,71,71,71
66,67,67,67,67,67,68,68,68,68,68,70,70,71,71,71,71,72,72,72,72,72,72,72,72,72,72,72,72,72,72,73,73,73,73,73,73,73,73,73,73,73,73,73,73,73,73,73,73,74,74,74,74,74,74,74,74,74,74,74,74,75,75,75,75,75,75,75,75,75,75,75,75,75,76
65,65,65,65,66,66,66,66,66,66,66,66,66,66,66,67,67,67,67,67,67,67,67,67,67,67,67,67,68,68,68,68,68,68,68,68,68,68,68,68,68,68,68,68,68,68,68,68,68,69,69,69,69,69,69,69,69,69,69,69,69,69,69,69,69,69,69,69,70,70,70,70,70,70,70
61,61,61,61,61,61,61,61,62,62,62,62,62,62,62,62,62,62,62,62,62,62,62,62,62,62,62,63,63,63,63,63,63,63,63,63,63,63,63,63,63,63,63,63,63,63,63,64,64,64,64,64,64,64,64,64,64,64,64,64,64,64,64,64,64,64,64,65,65,65,65,65,65,65,65
65,65,66,66,66,66,66,66,66,66,66,66,67,67,67,67,67,67,67,67,67,67,67,67,68,68,68,68,68,68,68,68,68,68,68,68,68,68,68,68,68,68,68,68,68,68,69,69,69,69,69,69,69,69,69,69,69,69,69,69,69,69,69,69,69,69,70,70,70,70,70,70,70,70,70
63,63,63,63,64,64,64,64,64,64,64,64,64,64,64,64,64,64,64,64,65,65,65,65,65,65,65,65,65,65,65,65,65,65,65,65,65,65,65,66,66,66,66,66,66,66,66,66,66,66,66,66,66,66,66,66,66,66,66,66,66,66,67,67,67,67,67,67,67,67,67,67,67,68,68
62,62,62,62,62,62,63,63,63,63,63,63,63,63,63,63,63,63,63,63,64,64,64,64,64,64,64,64,64,64,64,64,64,64,64,64,64,64,64,64,64,65,65,65,65,65,65,65,65,65,65,65,65,65,65,65,65,65,65,65,65,66,66,66,66,66,66,66,66,66,66,66,66,66,66
63,63,63,64,64,64,64,64,64,64,64,64,64,65,65,65,65,65,65,65,65,65,65,65,65,65,65,65,65,65,65,65,65,65,65,66,66,66,66,66,66,66,66,66,66,66,66,66,66,66,66,66,66,66,66,66,67,67,67,67,67,67,67,67,67,67,68,68,68,68,68,68,68,68,68
69,69,69,69,69,69,69,69,70,70,70,70,70,70,70,70,70,70,70,70,71,71,71,71,71,71,71,71,71,71,71,71,71,71,71,71,71,71,72,72,72,72,72,72,72,72,72,72,72,72,72,72,72,72,72,72,72,72,73,73,73,73,73,73,73,73,73,73,73,73,73,73,73,74,74
37,64,64,64,64,64,64,64,64,64,64,64,65,65,65,65,65,65,65,65,65,65,65,65,65,65,65,65,65,65,65,65,65,66,66,66,66,66,66,66,66,66,66,66,66,66,66,66,66,66,67,67,67,67,67,67,67,67,67,67,67,67,67,67,67,68,68,68,68,68,68,68,68,68,68
63,63,63,63,63,63,63,63,64,64,64,64,64,64,64,64,64,64,64,64,64,64,64,65,65,65,65,65,65,65,65,65,65,65,65,65,65,65,65,65,65,65,65,66,66,66,66,66,66,66,66,66,66,66,66,66,66,66,66,66,66,66,66,66,66,67,67,67,67,67,67,67,68,68,68
63,63,63,63,64,64,64,64,64,64,64,64,64,64,64,64,64,65,65,65,65,65,65,65,65,65,65,65,65,65,65,65,65,65,65,66,66,66,66,66,66,66,66,66,66,66,66,66,66,66,66,66,66,66,66,66,67,67,67,67,67,67,67,67,67,67,67,68,68,68,68,68,68,68,68
65,65,66,66,66,66,66,66,66,66,66,67,67,67,67,67,67,67,67,67,67,67,68,68,68,68,68,68,68,68,68,68,68,68,68,68,68,68,68,68,68,68,68,69,69,69,69,69,69,69,69,69,69,69,69,69,69,69,69,69,69,69,69,69,69,70,70,70,70,70,70,70,70,70,70
65,65,65,65,66,66,66,66,66,66,66,66,66,66,66,67,67,67,67,67,67,67,67,67,67,67,67,67,67,68,68,68,68,68,68,68,68,68,68,68,68,68,68,68,68,68,68,68,68,68,68,69,69,69,69,69,69,69,69,69,69,69,69,69,69,69,70,70,70,70,70,70,70,70,70
62,63,63,63,63,63,63,63,64,64,64,64,64,64,64,64,64,64,64,64,64,64,64,64,64,65,65,65,65,65,65,65,65,65,65,65,65,65,65,65,65,65,65,65,65,65,66,66,66,66,66,66,66,66,66,66,66,66,66,66,66,66,66,66,66,66,66,67,67,67,67,67,67,67,68
64,64,64,64,65,65,65,65,65,65,65,65,65,65,65,65,65,65,65,65,66,66,66,66,66,66,66,66,66,66,66,66,66,66,66,66,66,66,66,66,67,67,67,67,67,67,67,67,67,67,67,67,67,68,68,68,68,68,68,68,68,68,68,68,68,68,68,68,68,68,68,69,69,69,69
69,70,70,70,70,70,70,70,71,71,71,71,71,71,71,71,71,71,71,71,71,71,71,71,72,72,72,72,72,72,72,72,72,72,72,72,72,72,72,72,72,72,72,72,72,72,73,73,73,73,73,73,73,73,73,73,73,73,73,73,73,73,73,73,73,73,74,74,74,74,74,74,74,74,75
66,66,66,66,66,66,66,66,67,67,67,67,67,67,67,67,67,67,67,68,68,68,68,68,68,68,68,68,68,68,68,68,68,68,68,68,68,68,69,69,69,69,69,69,69,69,69,69,69,69,69,69,69,69,69,69,69,69,69,69,70,70,70,70,70,70,70,70,70,70,70,70,70,70,71
66,66,66,66,67,67,67,67,67,67,67,67,68,68,68,68,68,68,68,68,68,68,68,68,68,68,68,68,68,68,69,69,69,69,69,69,69,69,69,69,69,69,69,69,69,69,69,69,69,69,69,69,70,70,70,70,70,70,70,70,70,70,70,70,70,70,70,71,71,71,71,71,71,71,71
62,62,62,63,63,63,63,63,63,63,63,64,64,64,64,64,64,64,64,64,64,64,64,64,64,64,64,64,64,64,64,65,65,65,65,65,65,65,65,65,65,65,65,65,65,65,65,65,65,65,65,65,65,66,66,66,66,66,66,66,66,66,66,66,66,66,66,66,66,67,67,67,67,67,67
65,65,65,65,65,65,65,65,65,66,66,66,66,66,66,66,66,66,66,66,66,66,66,66,66,66,66,67,67,67,67,67,67,67,67,67,67,67,67,67,68,68,68,68,68,68,68,68,68,68,68,68,68,68,68,68,68,68,68,69,69,69,69,69,69,69,69,69,69,69,69,70,70,70,70
68,68,68,68,68,68,69,69,69,69,69,69,69,69,69,69,69,69,69,69,69,70,70,70,70,70,70,70,70,70,70,70,70,70,70,70,70,70,70,70,70,70,70,70,71,71,71,71,71,71,71,71,71,71,71,71,71,71,71,71,71,71,71,72,72,72,72,72,72,72,72,72,72,72,73
70,70,70,70,70,70,70,70,71,71,71,71,71,71,71,71,71,71,71,71,71,71,71,71,71,71,71,72,72,72,72,72,72,72,72,72,72,72,72,72,72,72,72,72,72,72,72,72,73,73,73,73,73,73,73,73,73,73,73,73,73,73,73,73,73,73,73,73,73,74,74,74,74,74,74
65,65,66,66,66,66,66,66,67,67,67,67,67,67,67,67,67,68,68,68,68,68,68,68,68,68,68,68,68,68,68,68,68,68,68,68,68,68,68,68,69,69,69,69,69,69,69,69,69,69,69,69,69,69,69,69,69,69,69,69,70,70,70,70,70,70,70,70,70,70,70,70,71,71,72
60,61,61,61,61,61,61,61,61,61,62,62,62,62,62,62,62,62,62,62,62,62,62,62,62,63,63,63,63,63,63,63,63,63,63,63,63,63,63,63,63,63,63,63,63,63,63,64,64,64,64,64,64,64,64,64,64,64,64,64,64,64,64,65,65,65,65,65,65,65,65,65,65,65,66
66,66,66,66,66,66,67,67,67,67,67,67,67,67,67,68,68,68,68,68,68,68,68,68,68,68,68,68,68,68,68,68,68,69,69,69,69,69,69,69,69,69,69,69,69,69,69,69,69,69,69,69,69,70,70,70,70,70,70,70,70,70,70,70,70,70,70,70,70,70,71,71,71,71,71
67,68,68,68,68,68,68,68,68,69,69,69,69,69,69,69,69,69,69,69,69,69,69,69,69,69,70,70,70,70,70,70,70,70,70,70,70,70,70,70,70,70,70,70,70,70,70,70,71,71,71,71,71,71,71,71,71,71,71,71,71,71,71,71,71,72,72,72,72,72,72,72,72,72,72
69,69,69,70,70,71,71,71,71,71,71,71,71,71,71,72,72,72,72,72,72,72,72,72,72,72,72,72,72,72,72,72,72,72,72,73,73,73,73,73,73,73,73,73,73,73,73,73,73,73,73,73,73,73,73,73,74,74,74,74,74,74,74,74,74,74,74,74,75,75,75,75,75,75,89
62,62,62,62,62,62,62,62,63,63,63,63,63,63,63,63,63,63,63,63,63,63,64,64,64,64,64,64,64,64,64,64,64,64,64,64,64,64,64,64,64,64,64,64,64,64,65,65,65,65,65,65,65,65,65,65,65,65,65,65,65,65,65,65,66,66,66,66,66,66,66,66,66,66,66
62,62,62,62,63,63,63,63,63,63,63,63,63,63,63,63,63,64,64,64,64,64,64,64,64,64,64,64,64,64,64,64,64,64,64,64,64,64,65,65,65,65,65,65,65,65,65,65,65,65,65,65,65,65,65,65,65,65,65,66,66,66,66,66,66,66,66,66,66,66,66,66,66,66,67
64,64,64,64,64,64,64,64,64,64,65,65,65,65,65,65,65,65,65,65,65,65,65,65,65,65,65,65,66,66,66,66,66,66,66,66,66,66,66,66,66,66,66,66,66,66,66,66,67,67,67,67,67,67,67,67,67,67,67,67,67,68,68,68,68,68,68,68,68,68,68,68,69,69,69
59,59,59,60,60,60,60,60,61,61,61,61,61,61,61,61,61,61,61,61,61,61,61,62,62,62,62,62,62,62,62,62,62,62,62,62,62,62,62,62,62,62,62,62,63,63,63,63,63,63,63,63,63,63,63,63,63,63,63,63,63,63,64,64,64,64,64,64,64,64,64,64,64,64,65
65,65,65,65,65,65,66,66,66,66,66,66,66,66,66,66,66,66,66,66,66,66,67,67,67,67,67,67,67,67,67,67,67,67,67,68,68,68,68,68,68,68,68,68,68,68,68,68,68,68,68,68,68,68,68,68,68,68,69,69,69,69,69,69,69,69,69,69,69,69,69,69,70,70,70
63,64,64,64,64,64,64,64,64,64,65,65,65,65,65,65,65,65,65,65,65,65,65,65,65,65,65,65,65,66,66,66,66,66,66,66,66,66,66,66,66,66,66,66,66,66,66,66,66,67,67,67,67,67,67,67,67,67,67,67,67,67,67,68,68,68,68,68,68,68,68,68,68,68,68
64,64,64,65,65,65,65,65,65,65,65,65,65,65,65,65,65,66,66,66,66,66,66,66,66,66,66,66,66,66,66,66,66,66,67,67,67,67,67,67,67,67,67,67,67,67,67,67,68,68,68,68,68,68,68,68,68,68,68,68,68,68,68,68,68,68,68,69,69,69,69,69,69,69,69
62,62,62,62,62,63,63,63,63,63,63,63,63,63,63,63,63,63,63,63,64,64,64,64,64,64,64,64,64,64,64,64,64,64,64,64,64,64,64,64,64,64,65,65,65,65,65,65,65,65,65,65,65,65,65,65,65,65,65,65,65,65,66,66,66,66,66,66,66,66,66,66,66,66,66
57,57,58,58,58,61,62,62,62,62,62,62,62,62,62,62,62,63,63,63,63,63,63,63,63,63,63,63,63,63,63,64,64,64,64,64,64,64,64,64,64,64,64,64,64,64,64,64,64,64,64,64,64,64,65,65,65,65,65,65,65,65,65,65,65,65,65,65,65,65,65,65,66,66,66
71,71,71,71,72,72,72,72,72,72,72,72,72,72,72,72,73,73,73,73,73,73,73,73,73,73,73,73,73,73,73,73,73,73,73,74,74,74,74,74,74,74,74,74,74,74,74,74,74,74,74,74,74,75,75,75,75,75,75,75,75,75,75,75,75,75,75,75,76,76,76,76,76,76,76
62,63,63,63,63,63,63,63,63,63,63,64,64,64,64,64,64,64,64,64,64,64,64,65,65,65,65,65,65,65,65,65,65,65,65,65,65,65,65,66,66,66,66,66,66,66,66,66,66,66,66,66,66,66,66,66,66,66,66,66,67,67,67,67,67,67,67,67,68,68,68,68,68,68,68
69,69,69,70,70,70,72,72,72,72,73,73,73,73,73,73,73,73,73,73,73,73,73,73,73,73,73,74,74,74,74,74,74,74,74,74,74,74,74,74,74,74,75,75,75,75,75,75,75,75,75,75,75,75,75,75,75,75,75,75,75,75,75,76,76,76,76,76,76,76,76,76,76,76,76
63,63,63,63,63,63,63,63,64,64,64,64,64,64,64,64,64,64,64,64,65,65,65,65,65,65,65,65,65,65,65,65,65,65,65,65,65,65,65,65,65,66,66,66,66,66,66,66,66,66,66,66,66,66,66,66,66,66,67,67,67,67,67,67,67,67,67,67,68,68,68,68,68,68,68
63,63,63,63,63,63,64,64,64,64,64,64,64,64,64,64,64,64,64,65,65,65,65,65,65,65,65,65,65,65,65,65,65,65,65,65,65,65,65,66,66,66,66,66,66,66,66,66,66,66,66,66,66,66,66,66,67,67,67,67,67,67,67,67,67,67,67,68,68,68,68,68,68,68,69
