	25Ginelli ovc
	2 Voronoi ovcarjev
Fitness 21.21579, Gen ;0.5333;0.5;0.7778;0.6667;0.6667;0.5556;0.5918;0.6;0.625;0.6667;0.75;0.5;0.24;0.3;0.6667;0.4;0.4286;0.4;0.475;0.5;0.55
,65,65,65,66,66,70,76,93,93,93,94,94,94,94,94,94,94,94,95,95,96,96,96,96,97
Fitness 60.59661, Gen ;0.5333;0.5;0.7778;0.6667;0.6667;0.5556;0.5918;0.6;0.625;0.6667;0.75;0.5;0.24;0.3;0.6667;0.4;0.4286;0.4;0.475;0.5;0.55
,64,64,64,64,64,65,65,65,65,65,65,65,65,65,65,65,65,65,65,65,65,65,65,67,67
Fitness 78.91371, Gen ;0.5333;0.5;0.7778;0.6667;0.6667;0.5556;0.5918;0.6;0.625;0.6667;0.75;0.5;0.24;0.3;0.6667;0.4;0.4286;0.4;0.475;0.5;0.55
,56,56,56,56,56,56,56,56,56,56,56,56,56,56,57,57,57,57,57,57,57,57,57,58,59
Fitness 50.64413, Gen ;0.5333;0.5;0.7778;0.6667;0.6667;0.5556;0.5918;0.6;0.625;0.6667;0.75;0.5;0.24;0.3;0.6667;0.4;0.4286;0.4;0.475;0.5;0.55
,69,69,69,69,69,69,69,69,69,69,69,69,69,69,69,69,70,70,70,70,70,70,70,70,71
Fitness 79.39891, Gen ;0.5333;0.5;0.7778;0.6667;0.6667;0.5556;0.5918;0.6;0.625;0.6667;0.75;0.5;0.24;0.3;0.6667;0.4;0.4286;0.4;0.475;0.5;0.55
,56,56,56,56,56,56,56,56,56,57,57,57,57,57,57,57,57,57,57,57,57,57,58,58,59
Fitness 23.98025, Gen ;0.5333;0.5;0.7778;0.6667;0.6667;0.5556;0.5918;0.6;0.625;0.6667;0.75;0.5;0.24;0.3;0.6667;0.4;0.4286;0.4;0.475;0.5;0.55
,79,80,80,80,80,80,80,80,80,80,80,80,80,80,80,81,81,81,81,81,81,81,82,84,96
Fitness 48.26451, Gen ;0.5333;0.5;0.7778;0.6667;0.6667;0.5556;0.5918;0.6;0.625;0.6667;0.75;0.5;0.24;0.3;0.6667;0.4;0.4286;0.4;0.475;0.5;0.55
,64,64,65,65,65,66,66,67,67,68,68,69,70,71,71,71,72,72,72,72,72,72,73,73,73
Fitness 28.99206, Gen ;0.5333;0.5;0.7778;0.6667;0.6667;0.5556;0.5918;0.6;0.625;0.6667;0.75;0.5;0.24;0.3;0.6667;0.4;0.4286;0.4;0.475;0.5;0.55
,69,69,69,69,69,69,69,70,70,70,70,70,72,73,76,76,76,77,78,88,92,92,92,92,92
Fitness 39.99064, Gen ;0.5333;0.5;0.7778;0.6667;0.6667;0.5556;0.5918;0.6;0.625;0.6667;0.75;0.5;0.24;0.3;0.6667;0.4;0.4286;0.4;0.475;0.5;0.55
,74,75,75,75,75,75,75,75,75,75,75,75,75,76,76,76,76,76,76,76,76,76,76,76,78
Fitness 85.31895, Gen ;0.5333;0.5;0.7778;0.6667;0.6667;0.5556;0.5918;0.6;0.625;0.6667;0.75;0.5;0.24;0.3;0.6667;0.4;0.4286;0.4;0.475;0.5;0.55
,50,51,52,53,53,53,53,54,54,54,54,54,54,54,55,55,55,55,55,55,56,56,56,56,57
Fitness 35.56089, Gen ;0.5333;0.5;0.7778;0.6667;0.6667;0.5556;0.5918;0.6;0.625;0.6667;0.75;0.5;0.24;0.3;0.6667;0.4;0.4286;0.4;0.475;0.5;0.55
,72,72,72,72,73,73,73,73,73,73,73,73,73,73,73,73,73,73,73,73,73,75,79,79,85
Fitness 38.64635, Gen ;0.5333;0.5;0.7778;0.6667;0.6667;0.5556;0.5918;0.6;0.625;0.6667;0.75;0.5;0.24;0.3;0.6667;0.4;0.4286;0.4;0.475;0.5;0.55
,76,76,76,76,76,76,76,76,76,77,77,77,77,77,77,77,77,77,77,77,77,77,78,78,78
Fitness 89.63268, Gen ;0.5333;0.5;0.7778;0.6667;0.6667;0.5556;0.5918;0.6;0.625;0.6667;0.75;0.5;0.24;0.3;0.6667;0.4;0.4286;0.4;0.475;0.5;0.55
,51,52,52,52,52,52,52,52,52,53,53,53,53,53,53,53,53,53,53,53,54,54,54,54,55
Fitness 63.83941, Gen ;0.5333;0.5;0.7778;0.6667;0.6667;0.5556;0.5918;0.6;0.625;0.6667;0.75;0.5;0.24;0.3;0.6667;0.4;0.4286;0.4;0.475;0.5;0.55
,61,61,61,61,61,62,62,62,62,62,62,62,62,62,62,62,63,63,63,63,63,63,63,66,67
Fitness 97.3759, Gen ;0.5333;0.5;0.7778;0.6667;0.6667;0.5556;0.5918;0.6;0.625;0.6667;0.75;0.5;0.24;0.3;0.6667;0.4;0.4286;0.4;0.475;0.5;0.55
,49,49,49,49,50,50,50,50,50,50,50,50,50,50,50,50,50,50,50,50,51,51,51,52,52
Fitness 57.98719, Gen ;0.5333;0.5;0.7778;0.6667;0.6667;0.5556;0.5918;0.6;0.625;0.6667;0.75;0.5;0.24;0.3;0.6667;0.4;0.4286;0.4;0.475;0.5;0.55
,60,61,61,61,62,62,62,62,62,62,62,62,62,62,63,63,63,63,63,64,64,65,68,69,71
Fitness 59.90569, Gen ;0.5333;0.5;0.7778;0.6667;0.6667;0.5556;0.5918;0.6;0.625;0.6667;0.75;0.5;0.24;0.3;0.6667;0.4;0.4286;0.4;0.475;0.5;0.55
,59,61,61,61,62,63,63,64,65,65,65,66,66,66,66,66,66,66,66,66,66,66,66,66,67
Fitness 71.74233, Gen ;0.5333;0.5;0.7778;0.6667;0.6667;0.5556;0.5918;0.6;0.625;0.6667;0.75;0.5;0.24;0.3;0.6667;0.4;0.4286;0.4;0.475;0.5;0.55
,58,58,58,58,58,58,59,59,59,59,59,59,59,59,59,59,59,59,59,59,60,60,60,62,63
Fitness 57.50308, Gen ;0.5333;0.5;0.7778;0.6667;0.6667;0.5556;0.5918;0.6;0.625;0.6667;0.75;0.5;0.24;0.3;0.6667;0.4;0.4286;0.4;0.475;0.5;0.55
,65,65,65,65,65,65,65,65,65,65,65,65,65,65,66,66,66,66,66,66,66,67,67,68,69
Fitness 62.33027, Gen ;0.5333;0.5;0.7778;0.6667;0.6667;0.5556;0.5918;0.6;0.625;0.6667;0.75;0.5;0.24;0.3;0.6667;0.4;0.4286;0.4;0.475;0.5;0.55
,60,60,60,60,60,60,60,60,60,61,61,61,61,61,61,61,61,62,62,64,65,65,66,67,67
Fitness 73.23396, Gen ;0.5333;0.5;0.7778;0.6667;0.6667;0.5556;0.5918;0.6;0.625;0.6667;0.75;0.5;0.24;0.3;0.6667;0.4;0.4286;0.4;0.475;0.5;0.55
,58,58,58,58,58,58,58,58,59,59,59,59,59,59,59,59,59,59,59,59,59,59,59,60,61
Fitness 61.25889, Gen ;0.5333;0.5;0.7778;0.6667;0.6667;0.5556;0.5918;0.6;0.625;0.6667;0.75;0.5;0.24;0.3;0.6667;0.4;0.4286;0.4;0.475;0.5;0.55
,60,62,63,63,64,64,64,64,64,64,64,65,65,65,65,65,65,65,65,65,65,66,66,66,66
Fitness 39.99762, Gen ;0.5333;0.5;0.7778;0.6667;0.6667;0.5556;0.5918;0.6;0.625;0.6667;0.75;0.5;0.24;0.3;0.6667;0.4;0.4286;0.4;0.475;0.5;0.55
,75,75,75,75,75,75,75,75,75,76,76,76,76,76,76,76,76,76,76,76,76,76,76,77,78
Fitness 69.04984, Gen ;0.5333;0.5;0.7778;0.6667;0.6667;0.5556;0.5918;0.6;0.625;0.6667;0.75;0.5;0.24;0.3;0.6667;0.4;0.4286;0.4;0.475;0.5;0.55
,60,60,60,60,60,61,61,61,61,61,61,61,61,61,61,61,61,61,62,62,62,62,63,63,63
Fitness 21.77221, Gen ;0.5333;0.5;0.7778;0.6667;0.6667;0.5556;0.5918;0.6;0.625;0.6667;0.75;0.5;0.24;0.3;0.6667;0.4;0.4286;0.4;0.475;0.5;0.55
,89,89,89,89,89,89,89,89,89,89,89,89,89,89,89,89,89,90,90,90,90,90,90,91,91
Fitness 51.96879, Gen ;0.5333;0.5;0.7778;0.6667;0.6667;0.5556;0.5918;0.6;0.625;0.6667;0.75;0.5;0.24;0.3;0.6667;0.4;0.4286;0.4;0.475;0.5;0.55
,62,65,67,67,67,67,67,67,68,68,68,68,69,69,69,69,69,69,69,69,69,69,69,69,71
Fitness 41.05576, Gen ;0.5333;0.5;0.7778;0.6667;0.6667;0.5556;0.5918;0.6;0.625;0.6667;0.75;0.5;0.24;0.3;0.6667;0.4;0.4286;0.4;0.475;0.5;0.55
,64,64,65,66,66,71,72,73,74,74,75,75,75,76,76,76,76,76,76,76,76,76,77,78,79
Fitness 32.06763, Gen ;0.5333;0.5;0.7778;0.6667;0.6667;0.5556;0.5918;0.6;0.625;0.6667;0.75;0.5;0.24;0.3;0.6667;0.4;0.4286;0.4;0.475;0.5;0.55
,78,79,79,79,79,79,79,79,79,80,80,80,80,80,80,80,80,80,80,81,81,81,82,82,83
Fitness 65.94157, Gen ;0.5333;0.5;0.7778;0.6667;0.6667;0.5556;0.5918;0.6;0.625;0.6667;0.75;0.5;0.24;0.3;0.6667;0.4;0.4286;0.4;0.475;0.5;0.55
,62,62,62,62,62,62,62,62,62,62,62,62,62,62,62,62,62,62,62,63,63,63,65,65,65
Fitness 94.73567, Gen ;0.5333;0.5;0.7778;0.6667;0.6667;0.5556;0.5918;0.6;0.625;0.6667;0.75;0.5;0.24;0.3;0.6667;0.4;0.4286;0.4;0.475;0.5;0.55
,50,50,50,50,50,51,51,51,51,51,51,51,51,51,51,51,51,52,52,52,52,52,52,52,53
Fitness 72.61337, Gen ;0.5333;0.5;0.7778;0.6667;0.6667;0.5556;0.5918;0.6;0.625;0.6667;0.75;0.5;0.24;0.3;0.6667;0.4;0.4286;0.4;0.475;0.5;0.55
,56,57,57,57,57,58,58,58,58,58,58,59,59,59,59,59,59,59,59,59,60,60,61,61,62
Fitness 73.61906, Gen ;0.5333;0.5;0.7778;0.6667;0.6667;0.5556;0.5918;0.6;0.625;0.6667;0.75;0.5;0.24;0.3;0.6667;0.4;0.4286;0.4;0.475;0.5;0.55
,58,58,58,58,58,58,58,58,58,58,58,58,58,58,59,59,59,59,59,59,59,60,60,60,60
Fitness 44.20046, Gen ;0.5333;0.5;0.7778;0.6667;0.6667;0.5556;0.5918;0.6;0.625;0.6667;0.75;0.5;0.24;0.3;0.6667;0.4;0.4286;0.4;0.475;0.5;0.55
,67,67,67,67,68,68,68,68,68,68,69,69,69,69,70,74,75,75,75,76,77,77,77,77,77
Fitness 81.12028, Gen ;0.5333;0.5;0.7778;0.6667;0.6667;0.5556;0.5918;0.6;0.625;0.6667;0.75;0.5;0.24;0.3;0.6667;0.4;0.4286;0.4;0.475;0.5;0.55
,55,55,55,55,55,55,55,56,56,56,56,56,56,56,56,56,56,56,56,56,56,57,57,57,58
Fitness 73.12693, Gen ;0.5333;0.5;0.7778;0.6667;0.6667;0.5556;0.5918;0.6;0.625;0.6667;0.75;0.5;0.24;0.3;0.6667;0.4;0.4286;0.4;0.475;0.5;0.55
,58,59,59,59,59,59,59,59,59,59,59,59,59,59,60,60,60,60,60,60,60,60,60,60,62
Fitness 32.40486, Gen ;0.5333;0.5;0.7778;0.6667;0.6667;0.5556;0.5918;0.6;0.625;0.6667;0.75;0.5;0.24;0.3;0.6667;0.4;0.4286;0.4;0.475;0.5;0.55
,78,78,79,79,79,79,79,79,79,79,79,79,79,79,79,79,79,79,80,80,80,81,81,83,84
Fitness 95.04832, Gen ;0.5333;0.5;0.7778;0.6667;0.6667;0.5556;0.5918;0.6;0.625;0.6667;0.75;0.5;0.24;0.3;0.6667;0.4;0.4286;0.4;0.475;0.5;0.55
,51,51,51,51,51,51,51,51,51,51,51,51,51,51,51,51,51,52,52,52,52,52,52,53,53
Fitness 84.44781, Gen ;0.5333;0.5;0.7778;0.6667;0.6667;0.5556;0.5918;0.6;0.625;0.6667;0.75;0.5;0.24;0.3;0.6667;0.4;0.4286;0.4;0.475;0.5;0.55
,54,54,54,54,54,54,54,54,54,54,54,54,55,55,55,55,55,55,55,55,55,55,55,55,57
Fitness 75.09763, Gen ;0.5333;0.5;0.7778;0.6667;0.6667;0.5556;0.5918;0.6;0.625;0.6667;0.75;0.5;0.24;0.3;0.6667;0.4;0.4286;0.4;0.475;0.5;0.55
,57,57,58,58,58,58,58,58,58,58,58,58,58,58,58,59,59,59,59,59,59,59,60,60,61
Fitness 84.71987, Gen ;0.5333;0.5;0.7778;0.6667;0.6667;0.5556;0.5918;0.6;0.625;0.6667;0.75;0.5;0.24;0.3;0.6667;0.4;0.4286;0.4;0.475;0.5;0.55
,53,53,53,54,54,54,54,54,54,54,54,54,54,54,54,54,54,54,54,55,55,55,56,56,56
