	100PopravljenStroembom ovc
	2 Voronoi ovcarjev
Fitness 137.5869, Gen ;0.5333;0.5;0.7778;0.6667;0.6667;0.5556;0.5918;0.6;0.625;0.6667;0.75;0.5;0.24;0.3;0.6667;0.4;0.4286;0.4;0.475;0.5;0.55
,76,77,77,77,77,77,77,77,77,77,77,77,77,77,77,77,78,78,78,78,78,78,78,78,78,78,78,78,78,78,78,78,78,78,78,78,78,78,78,78,78,78,78,78,78,78,78,78,79,79,79,79,79,79,79,79,79,79,79,79,79,79,79,79,79,79,79,79,79,79,79,79,79,79,79,79,79,79,79,79,79,80,80,80,80,80,80,80,80,80,80,80,80,80,80,80,81,81,81,82
Fitness 100.9896, Gen ;0.5333;0.5;0.7778;0.6667;0.6667;0.5556;0.5918;0.6;0.625;0.6667;0.75;0.5;0.24;0.3;0.6667;0.4;0.4286;0.4;0.475;0.5;0.55
,66,66,66,66,66,66,66,66,66,66,66,66,66,66,66,66,66,66,66,66,66,66,66,66,67,67,67,67,67,67,67,67,67,67,67,67,67,67,67,67,67,67,67,67,67,67,67,67,67,67,67,67,67,67,67,67,67,67,67,67,67,67,67,67,67,67,67,67,67,67,67,68,68,68,68,68,68,68,68,68,68,68,68,68,68,68,68,68,68,68,68,68,68,68,69,69,69,69,71,104
Fitness 201.8431, Gen ;0.5333;0.5;0.7778;0.6667;0.6667;0.5556;0.5918;0.6;0.625;0.6667;0.75;0.5;0.24;0.3;0.6667;0.4;0.4286;0.4;0.475;0.5;0.55
,68,68,68,68,68,68,68,68,68,68,68,69,69,69,69,69,69,69,69,69,69,69,69,69,69,69,69,69,69,69,69,69,69,69,69,69,69,69,69,69,69,69,69,69,69,69,69,69,69,70,70,70,70,70,70,70,70,70,70,70,70,70,70,70,70,70,70,70,70,70,70,70,70,70,70,70,70,70,70,70,70,70,70,70,70,70,70,70,70,71,71,71,71,71,71,71,71,71,71,71
Fitness 126.6769, Gen ;0.5333;0.5;0.7778;0.6667;0.6667;0.5556;0.5918;0.6;0.625;0.6667;0.75;0.5;0.24;0.3;0.6667;0.4;0.4286;0.4;0.475;0.5;0.55
,80,80,80,80,80,80,80,80,80,80,80,80,80,80,80,80,80,80,80,81,81,81,81,81,81,81,81,81,81,81,81,81,81,81,81,81,81,81,81,81,81,81,81,81,81,81,81,81,81,81,81,81,81,81,81,82,82,82,82,82,82,82,82,82,82,82,82,82,82,82,82,82,82,82,82,82,82,82,82,82,82,82,82,82,82,82,83,83,83,83,83,83,83,83,83,83,83,83,83,83
Fitness 28.99436, Gen ;0.5333;0.5;0.7778;0.6667;0.6667;0.5556;0.5918;0.6;0.625;0.6667;0.75;0.5;0.24;0.3;0.6667;0.4;0.4286;0.4;0.475;0.5;0.55
,76,76,76,76,77,77,77,77,77,77,77,77,77,77,77,77,77,77,77,77,77,77,77,78,78,78,78,78,78,78,78,78,78,78,78,78,78,78,78,78,78,78,78,78,78,78,78,78,78,78,78,78,78,78,79,79,79,79,79,79,79,79,79,79,79,79,79,79,79,79,79,79,79,79,79,79,79,79,79,79,79,79,79,79,79,79,80,80,80,80,80,80,80,80,81,81,81,133,133,133
Fitness 21.74369, Gen ;0.5333;0.5;0.7778;0.6667;0.6667;0.5556;0.5918;0.6;0.625;0.6667;0.75;0.5;0.24;0.3;0.6667;0.4;0.4286;0.4;0.475;0.5;0.55
,74,75,75,75,75,75,75,75,75,75,75,75,76,76,76,76,76,76,76,76,76,76,76,76,76,76,76,76,77,77,77,77,77,77,77,77,77,77,77,77,77,77,77,77,77,77,77,77,77,78,78,78,78,78,78,78,78,78,78,78,78,78,78,78,78,78,78,78,78,78,78,78,79,79,79,79,79,79,79,79,79,79,79,79,79,80,80,80,80,80,80,80,80,80,80,81,81,81,127,139
Fitness 37.83161, Gen ;0.5333;0.5;0.7778;0.6667;0.6667;0.5556;0.5918;0.6;0.625;0.6667;0.75;0.5;0.24;0.3;0.6667;0.4;0.4286;0.4;0.475;0.5;0.55
,83,83,83,83,83,83,84,84,84,84,84,84,84,84,84,84,84,84,84,84,85,85,85,85,85,85,85,85,85,85,85,85,85,85,85,85,85,85,85,85,86,86,86,86,86,86,86,86,86,86,86,86,86,86,86,86,86,86,86,86,86,86,86,86,86,86,86,86,87,87,87,87,87,87,87,87,87,87,87,87,87,87,87,87,87,88,88,88,88,88,88,88,88,89,89,89,89,89,90,123
Fitness 106.6672, Gen ;0.5333;0.5;0.7778;0.6667;0.6667;0.5556;0.5918;0.6;0.625;0.6667;0.75;0.5;0.24;0.3;0.6667;0.4;0.4286;0.4;0.475;0.5;0.55
,85,85,85,85,85,85,85,85,85,85,85,85,85,85,85,85,85,85,85,85,85,85,85,85,85,85,85,85,85,85,85,85,85,85,85,85,85,85,85,85,86,86,86,86,86,86,86,86,86,86,86,86,86,86,86,86,86,86,86,86,86,86,86,86,86,86,86,86,86,86,86,86,86,86,86,86,86,86,86,86,86,86,86,86,86,86,86,86,86,86,87,87,87,87,87,87,87,87,87,87
Fitness 123.7885, Gen ;0.5333;0.5;0.7778;0.6667;0.6667;0.5556;0.5918;0.6;0.625;0.6667;0.75;0.5;0.24;0.3;0.6667;0.4;0.4286;0.4;0.475;0.5;0.55
,81,81,81,81,81,81,81,81,81,81,81,81,81,81,81,81,81,81,82,82,82,82,82,82,82,82,82,82,82,82,82,82,82,82,82,82,82,82,82,82,82,82,82,82,82,82,82,82,82,82,82,82,82,82,82,82,82,82,82,82,82,82,82,82,82,82,82,82,82,82,83,83,83,83,83,83,83,83,83,83,83,83,83,83,83,83,83,83,83,83,83,83,83,83,83,83,84,84,84,84
Fitness 143.6039, Gen ;0.5333;0.5;0.7778;0.6667;0.6667;0.5556;0.5918;0.6;0.625;0.6667;0.75;0.5;0.24;0.3;0.6667;0.4;0.4286;0.4;0.475;0.5;0.55
,71,71,72,72,73,73,73,73,73,74,74,74,74,75,76,76,76,76,77,77,77,77,77,77,77,77,77,77,77,78,78,78,78,78,78,78,78,78,78,78,78,78,78,78,78,78,78,78,78,78,79,79,79,79,79,79,79,79,79,79,79,79,79,79,79,79,79,79,79,79,79,79,79,79,79,80,80,80,80,80,80,80,80,80,80,80,80,80,80,80,80,80,81,81,81,81,81,81,81,81
Fitness 164.3957, Gen ;0.5333;0.5;0.7778;0.6667;0.6667;0.5556;0.5918;0.6;0.625;0.6667;0.75;0.5;0.24;0.3;0.6667;0.4;0.4286;0.4;0.475;0.5;0.55
,70,70,70,70,70,70,70,70,70,70,71,71,71,71,71,71,71,71,72,72,72,72,72,72,72,73,73,73,73,73,73,73,73,73,73,74,74,74,74,74,74,74,74,74,74,74,74,74,74,74,74,74,74,74,74,74,74,74,74,74,75,75,75,75,75,75,75,75,75,75,75,75,75,75,75,75,75,75,75,75,75,75,75,76,76,76,76,76,76,76,76,76,76,77,77,77,77,77,78,78
Fitness 96.2018, Gen ;0.5333;0.5;0.7778;0.6667;0.6667;0.5556;0.5918;0.6;0.625;0.6667;0.75;0.5;0.24;0.3;0.6667;0.4;0.4286;0.4;0.475;0.5;0.55
,86,86,86,86,86,86,86,86,86,86,86,86,86,87,87,87,87,87,87,87,87,87,87,87,87,87,87,87,87,87,87,87,87,87,87,87,87,87,87,87,87,87,87,87,87,87,87,87,87,87,87,87,87,87,87,87,87,87,87,87,87,87,87,87,87,87,87,88,88,88,88,88,88,88,88,88,88,88,88,88,88,88,88,88,88,88,88,88,88,88,88,88,88,88,88,88,88,88,89,90
Fitness 121.3281, Gen ;0.5333;0.5;0.7778;0.6667;0.6667;0.5556;0.5918;0.6;0.625;0.6667;0.75;0.5;0.24;0.3;0.6667;0.4;0.4286;0.4;0.475;0.5;0.55
,80,80,80,80,80,80,81,81,81,81,81,81,81,81,81,81,81,81,81,81,81,81,81,81,81,81,81,81,81,81,81,81,81,81,81,81,81,81,81,81,82,82,82,82,82,82,82,82,82,82,82,82,82,82,82,82,82,82,82,82,82,82,82,82,82,82,82,82,82,82,82,82,82,82,82,83,83,83,83,83,83,83,83,83,83,83,83,83,83,83,83,83,83,84,84,84,84,84,85,85
Fitness 192.0221, Gen ;0.5333;0.5;0.7778;0.6667;0.6667;0.5556;0.5918;0.6;0.625;0.6667;0.75;0.5;0.24;0.3;0.6667;0.4;0.4286;0.4;0.475;0.5;0.55
,69,69,69,69,69,69,70,70,70,70,70,70,70,70,70,70,70,70,70,70,70,70,70,70,70,70,70,70,70,70,70,70,70,70,70,70,70,70,70,70,70,70,70,70,70,70,71,71,71,71,71,71,71,71,71,71,71,71,71,71,71,71,71,71,71,71,71,71,71,71,71,71,71,71,71,71,71,71,71,71,71,71,71,71,72,72,72,72,72,72,72,72,72,72,72,73,73,73,73,74
Fitness 176.6348, Gen ;0.5333;0.5;0.7778;0.6667;0.6667;0.5556;0.5918;0.6;0.625;0.6667;0.75;0.5;0.24;0.3;0.6667;0.4;0.4286;0.4;0.475;0.5;0.55
,68,68,68,69,69,69,69,69,69,69,69,69,69,69,69,69,70,70,70,70,70,70,70,70,70,71,71,71,71,71,71,71,71,71,71,71,71,71,71,71,71,71,71,71,71,72,72,72,72,72,72,72,72,72,72,72,72,72,72,72,72,72,72,72,72,72,72,72,73,73,73,73,73,73,73,73,73,73,73,73,73,73,73,74,74,74,74,74,74,74,74,74,75,75,75,75,75,75,76,77
Fitness 143.6365, Gen ;0.5333;0.5;0.7778;0.6667;0.6667;0.5556;0.5918;0.6;0.625;0.6667;0.75;0.5;0.24;0.3;0.6667;0.4;0.4286;0.4;0.475;0.5;0.55
,77,77,77,77,77,78,78,78,78,78,78,78,78,78,78,78,78,78,78,78,78,78,78,78,78,78,78,78,78,78,78,78,78,78,78,78,78,78,78,78,78,78,79,79,79,79,79,79,79,79,79,79,79,79,79,79,79,79,79,79,79,79,79,79,79,79,79,79,79,79,79,79,79,79,79,79,79,79,79,79,79,79,79,79,79,79,79,80,80,80,80,80,80,80,80,80,80,80,80,80
Fitness 132.0121, Gen ;0.5333;0.5;0.7778;0.6667;0.6667;0.5556;0.5918;0.6;0.625;0.6667;0.75;0.5;0.24;0.3;0.6667;0.4;0.4286;0.4;0.475;0.5;0.55
,78,78,78,78,79,79,79,79,79,79,79,79,79,79,79,79,79,79,79,79,79,79,79,79,79,79,79,79,79,79,79,79,79,79,79,79,79,79,79,79,79,80,80,80,80,80,80,80,80,80,80,80,80,80,80,80,80,80,80,80,80,80,80,80,80,80,80,80,80,80,80,80,80,80,80,80,80,80,80,80,80,80,80,80,81,81,81,81,81,81,81,81,81,81,81,81,82,82,82,82
Fitness 61.92575, Gen ;0.5333;0.5;0.7778;0.6667;0.6667;0.5556;0.5918;0.6;0.625;0.6667;0.75;0.5;0.24;0.3;0.6667;0.4;0.4286;0.4;0.475;0.5;0.55
,95,95,95,95,95,95,95,95,95,95,95,95,95,95,95,95,95,95,96,96,96,96,96,96,96,96,96,96,96,96,96,96,96,96,96,96,96,96,96,96,96,96,96,96,96,96,96,96,96,96,96,96,96,96,96,96,96,97,97,97,97,97,97,97,97,97,97,97,97,97,97,97,97,97,97,97,97,97,97,97,97,97,97,97,97,97,97,97,97,97,98,98,98,98,98,98,98,98,99,100
Fitness 3.654143, Gen ;0.5333;0.5;0.7778;0.6667;0.6667;0.5556;0.5918;0.6;0.625;0.6667;0.75;0.5;0.24;0.3;0.6667;0.4;0.4286;0.4;0.475;0.5;0.55
,98,98,98,98,99,99,99,99,99,99,99,99,99,99,99,99,99,99,99,99,99,99,99,99,99,99,99,99,99,99,99,99,99,99,99,99,99,99,99,99,99,99,99,99,99,99,99,99,99,100,100,100,100,100,100,100,100,100,100,100,100,100,100,100,100,100,100,100,100,100,100,100,100,100,100,100,100,100,100,100,100,100,100,100,100,100,100,100,100,101,101,101,101,101,101,101,101,102,157,157
Fitness 115.3803, Gen ;0.5333;0.5;0.7778;0.6667;0.6667;0.5556;0.5918;0.6;0.625;0.6667;0.75;0.5;0.24;0.3;0.6667;0.4;0.4286;0.4;0.475;0.5;0.55
,82,82,82,82,82,82,82,82,82,82,82,82,82,82,82,83,83,83,83,83,83,83,83,83,83,83,83,83,83,83,83,83,83,83,83,83,83,83,83,83,83,83,83,83,83,83,83,83,83,83,83,83,83,83,83,83,83,83,83,83,83,83,83,83,83,84,84,84,84,84,84,84,84,84,84,84,84,84,84,84,84,84,84,84,84,84,84,84,84,84,84,84,84,84,84,84,85,85,85,85
Fitness 39.62611, Gen ;0.5333;0.5;0.7778;0.6667;0.6667;0.5556;0.5918;0.6;0.625;0.6667;0.75;0.5;0.24;0.3;0.6667;0.4;0.4286;0.4;0.475;0.5;0.55
,72,72,72,72,72,72,73,73,73,73,73,73,73,73,73,73,73,73,73,73,74,74,74,74,74,74,74,74,74,75,75,75,75,76,76,76,77,78,78,79,80,80,80,80,80,80,80,81,81,81,81,81,81,81,81,81,81,81,81,81,81,81,81,81,82,82,82,82,82,82,82,82,82,82,82,82,82,82,83,83,83,83,83,83,83,83,83,83,83,83,83,83,84,84,84,124,124,125,125,125
Fitness 119.8145, Gen ;0.5333;0.5;0.7778;0.6667;0.6667;0.5556;0.5918;0.6;0.625;0.6667;0.75;0.5;0.24;0.3;0.6667;0.4;0.4286;0.4;0.475;0.5;0.55
,79,79,79,79,79,79,79,80,80,80,80,80,80,80,80,80,80,80,80,80,80,80,80,80,80,80,80,80,80,80,80,80,81,81,81,81,81,81,81,81,81,81,81,81,81,81,81,81,81,81,81,81,81,81,81,81,81,82,82,82,82,82,82,82,82,82,82,82,82,82,82,82,82,82,82,82,82,83,83,83,83,83,83,83,83,83,83,83,83,83,83,83,83,83,84,84,85,85,85,86
Fitness 132.6133, Gen ;0.5333;0.5;0.7778;0.6667;0.6667;0.5556;0.5918;0.6;0.625;0.6667;0.75;0.5;0.24;0.3;0.6667;0.4;0.4286;0.4;0.475;0.5;0.55
,78,78,78,79,79,79,79,79,79,79,79,79,79,79,79,79,79,79,79,79,79,79,79,79,79,80,80,80,80,80,80,80,80,80,80,80,80,80,80,80,80,80,80,80,80,80,80,80,80,80,80,80,80,80,80,80,80,80,80,80,80,80,80,80,81,81,81,81,81,81,81,81,81,81,81,81,81,81,81,81,81,81,81,81,81,81,81,81,81,82,82,82,82,82,82,82,82,82,82,83
Fitness 131.6639, Gen ;0.5333;0.5;0.7778;0.6667;0.6667;0.5556;0.5918;0.6;0.625;0.6667;0.75;0.5;0.24;0.3;0.6667;0.4;0.4286;0.4;0.475;0.5;0.55
,79,79,79,79,79,79,79,80,80,80,80,80,80,80,80,80,80,80,80,80,80,80,80,80,80,80,80,80,80,80,80,80,80,80,80,80,80,80,80,81,81,81,81,81,81,81,81,81,81,81,81,81,81,81,81,81,81,81,81,81,81,81,81,81,81,81,81,81,81,81,81,81,81,81,81,81,81,81,81,82,82,82,82,82,82,82,82,82,82,82,82,82,82,82,82,82,82,82,82,83
Fitness 53.35965, Gen ;0.5333;0.5;0.7778;0.6667;0.6667;0.5556;0.5918;0.6;0.625;0.6667;0.75;0.5;0.24;0.3;0.6667;0.4;0.4286;0.4;0.475;0.5;0.55
,98,98,98,98,98,98,98,98,98,98,98,98,98,98,98,98,98,98,98,98,98,98,98,98,98,98,98,98,99,99,99,99,99,99,99,99,99,99,99,99,99,99,99,99,99,99,99,99,99,99,99,99,99,99,99,99,99,99,99,99,99,99,99,99,99,99,99,99,99,99,99,100,100,100,100,100,100,100,100,100,100,100,100,100,100,100,100,100,100,100,100,100,100,100,100,101,101,101,102,103
Fitness 217.9423, Gen ;0.5333;0.5;0.7778;0.6667;0.6667;0.5556;0.5918;0.6;0.625;0.6667;0.75;0.5;0.24;0.3;0.6667;0.4;0.4286;0.4;0.475;0.5;0.55
,65,65,65,65,65,65,65,65,65,65,65,65,65,65,65,65,65,65,65,65,65,65,66,66,66,66,66,66,66,66,66,66,66,66,66,66,66,66,66,66,66,66,66,66,66,66,66,66,66,66,66,67,67,67,67,67,67,67,67,67,67,67,67,67,67,67,67,67,67,67,67,67,67,67,68,68,68,68,68,68,68,68,68,68,68,68,68,68,68,69,69,69,69,69,69,69,70,70,71,71
Fitness 5.669575, Gen ;0.5333;0.5;0.7778;0.6667;0.6667;0.5556;0.5918;0.6;0.625;0.6667;0.75;0.5;0.24;0.3;0.6667;0.4;0.4286;0.4;0.475;0.5;0.55
,95,95,95,95,95,95,95,95,95,95,95,95,95,95,95,95,95,95,96,96,96,96,96,96,96,96,96,96,96,96,96,96,96,96,96,96,96,96,96,96,96,96,96,96,96,96,96,96,96,96,96,96,96,96,96,96,96,96,96,96,97,97,97,97,97,97,97,97,97,97,97,97,97,97,97,97,97,97,97,97,97,97,97,97,97,97,97,97,97,97,97,97,97,98,98,98,98,152,153,153
Fitness 165.9758, Gen ;0.5333;0.5;0.7778;0.6667;0.6667;0.5556;0.5918;0.6;0.625;0.6667;0.75;0.5;0.24;0.3;0.6667;0.4;0.4286;0.4;0.475;0.5;0.55
,72,72,72,72,72,72,72,72,72,72,72,72,72,73,73,73,73,73,73,73,73,73,73,73,73,73,73,73,73,73,73,73,73,73,73,73,73,73,73,73,73,73,73,73,73,73,73,73,73,73,73,73,73,73,73,73,73,73,74,74,74,74,74,74,74,74,74,74,74,74,74,74,74,74,74,74,74,74,74,74,74,74,74,74,74,75,75,75,75,75,75,75,75,75,76,76,76,76,76,77
Fitness 149.4181, Gen ;0.5333;0.5;0.7778;0.6667;0.6667;0.5556;0.5918;0.6;0.625;0.6667;0.75;0.5;0.24;0.3;0.6667;0.4;0.4286;0.4;0.475;0.5;0.55
,75,76,76,76,76,76,76,76,76,76,76,76,76,76,76,76,76,76,76,76,76,76,76,77,77,77,77,77,77,77,77,77,77,77,77,77,77,77,77,77,77,77,77,77,77,77,77,77,77,77,77,77,77,77,77,77,77,77,77,77,77,77,77,77,77,78,78,78,78,78,78,78,78,78,78,78,78,78,78,78,78,78,78,78,78,78,78,78,78,78,78,78,78,79,79,79,79,79,80,80
Fitness 214.3909, Gen ;0.5333;0.5;0.7778;0.6667;0.6667;0.5556;0.5918;0.6;0.625;0.6667;0.75;0.5;0.24;0.3;0.6667;0.4;0.4286;0.4;0.475;0.5;0.55
,67,67,67,67,67,67,67,67,67,67,67,67,67,67,67,67,67,67,67,67,67,67,67,67,67,67,67,67,67,67,67,67,67,68,68,68,68,68,68,68,68,68,68,68,68,68,68,68,68,68,68,68,68,68,68,68,68,68,68,68,68,68,68,68,68,68,68,68,68,68,68,68,68,68,68,68,68,68,68,68,68,68,68,68,69,69,69,69,69,69,69,69,69,69,69,69,69,70,70,70
Fitness 118.0334, Gen ;0.5333;0.5;0.7778;0.6667;0.6667;0.5556;0.5918;0.6;0.625;0.6667;0.75;0.5;0.24;0.3;0.6667;0.4;0.4286;0.4;0.475;0.5;0.55
,82,82,82,82,82,82,82,82,82,82,82,82,82,82,82,82,82,82,82,82,82,82,82,82,83,83,83,83,83,83,83,83,83,83,83,83,83,83,83,83,83,83,83,83,83,83,83,83,83,83,83,83,83,83,83,83,83,83,83,83,83,83,83,83,83,83,84,84,84,84,84,84,84,84,84,84,84,84,84,84,84,84,84,84,84,84,84,84,84,84,84,84,84,84,84,84,85,85,85,85
Fitness 0.008317583, Gen ;0.5333;0.5;0.7778;0.6667;0.6667;0.5556;0.5918;0.6;0.625;0.6667;0.75;0.5;0.24;0.3;0.6667;0.4;0.4286;0.4;0.475;0.5;0.55
,77,77,78,78,78,78,78,78,78,78,78,78,78,78,79,79,79,79,79,79,79,80,80,80,81,82,83,85,86,86,87,89,89,90,90,91,94,94,94,95,95,95,95,95,95,95,95,95,95,95,96,96,96,96,96,96,96,96,96,96,96,96,96,97,97,97,97,97,97,97,97,97,97,97,97,97,97,97,97,98,98,98,98,98,98,98,98,98,98,98,100,100,102
Fitness 158.2117, Gen ;0.5333;0.5;0.7778;0.6667;0.6667;0.5556;0.5918;0.6;0.625;0.6667;0.75;0.5;0.24;0.3;0.6667;0.4;0.4286;0.4;0.475;0.5;0.55
,74,74,74,74,74,74,74,74,74,74,74,74,75,75,75,75,75,75,75,75,75,75,75,75,75,75,75,75,75,75,75,75,75,75,75,75,75,75,75,75,75,75,75,75,75,75,75,75,75,75,75,75,75,76,76,76,76,76,76,76,76,76,76,76,76,76,76,76,76,76,76,76,76,76,76,76,76,76,76,76,76,76,76,76,76,76,76,76,76,76,77,77,77,77,77,77,77,77,77,78
Fitness 166.7655, Gen ;0.5333;0.5;0.7778;0.6667;0.6667;0.5556;0.5918;0.6;0.625;0.6667;0.75;0.5;0.24;0.3;0.6667;0.4;0.4286;0.4;0.475;0.5;0.55
,73,73,73,73,73,73,73,73,74,74,74,74,74,74,74,74,74,74,74,74,74,74,74,74,74,74,74,74,74,74,74,74,74,74,74,74,74,74,74,74,74,74,74,74,74,74,75,75,75,75,75,75,75,75,75,75,75,75,75,75,75,75,75,75,75,75,75,75,75,75,75,75,75,75,75,75,75,75,75,75,76,76,76,76,76,76,76,76,76,76,76,76,76,76,76,76,76,77,77,77
Fitness 144.2591, Gen ;0.5333;0.5;0.7778;0.6667;0.6667;0.5556;0.5918;0.6;0.625;0.6667;0.75;0.5;0.24;0.3;0.6667;0.4;0.4286;0.4;0.475;0.5;0.55
,76,76,76,76,76,76,76,76,76,76,76,76,77,77,77,77,77,77,77,77,77,77,77,77,77,77,77,77,77,77,77,77,77,77,77,77,77,77,77,77,77,77,77,77,77,77,77,77,77,77,77,77,77,77,78,78,78,78,78,78,78,78,78,78,78,78,78,78,78,78,78,78,78,78,78,78,78,78,78,78,78,78,78,78,78,78,78,78,78,79,79,79,79,79,79,79,79,79,79,80
Fitness 0.007550229, Gen ;0.5333;0.5;0.7778;0.6667;0.6667;0.5556;0.5918;0.6;0.625;0.6667;0.75;0.5;0.24;0.3;0.6667;0.4;0.4286;0.4;0.475;0.5;0.55
,83,83,83,83,83,83,83,83,83,83,83,84,84,84,84,84,84,84,84,84,84,84,84,84,84,84,84,84,84,84,84,84,84,84,84,84,84,84,84,84,84,84,84,84,84,84,84,84,84,84,84,84,84,84,84,84,84,84,85,85,85,85,85,85,85,85,85,85,85,85,85,85,85,85,85,85,85,85,85,85,85,85,85,85,85,85,85,85,85,85,85,85,85,86,86,86,86,86,169
Fitness 142.906, Gen ;0.5333;0.5;0.7778;0.6667;0.6667;0.5556;0.5918;0.6;0.625;0.6667;0.75;0.5;0.24;0.3;0.6667;0.4;0.4286;0.4;0.475;0.5;0.55
,77,77,77,77,77,77,77,77,77,77,77,77,77,77,77,77,77,77,77,77,77,77,77,78,78,78,78,78,78,78,78,78,78,78,78,78,78,78,78,78,78,78,78,78,78,78,78,78,78,78,78,78,78,78,78,78,78,78,78,78,78,78,78,78,78,78,78,78,78,78,78,78,79,79,79,79,79,79,79,79,79,79,79,79,79,79,79,79,79,79,79,79,79,79,79,79,79,79,80,80
Fitness 121.2145, Gen ;0.5333;0.5;0.7778;0.6667;0.6667;0.5556;0.5918;0.6;0.625;0.6667;0.75;0.5;0.24;0.3;0.6667;0.4;0.4286;0.4;0.475;0.5;0.55
,80,80,81,81,81,81,81,81,81,81,81,81,81,81,81,81,81,81,81,81,81,81,81,81,81,82,82,82,82,82,82,82,82,82,82,82,82,82,82,82,82,82,82,82,82,82,82,82,82,82,82,82,82,82,82,82,82,82,82,83,83,83,83,83,83,83,83,83,83,83,83,83,83,83,83,83,83,83,83,83,83,83,83,83,83,83,83,83,83,83,83,83,84,84,84,84,84,84,84,85
Fitness 116.645, Gen ;0.5333;0.5;0.7778;0.6667;0.6667;0.5556;0.5918;0.6;0.625;0.6667;0.75;0.5;0.24;0.3;0.6667;0.4;0.4286;0.4;0.475;0.5;0.55
,81,81,81,81,81,81,81,81,81,81,81,81,81,81,81,81,82,82,82,82,82,82,82,82,82,82,82,82,82,82,82,82,82,82,82,82,82,82,82,82,82,82,82,82,82,82,82,82,82,82,82,82,82,82,82,82,82,82,82,82,83,83,83,83,83,83,83,83,83,83,83,83,83,83,83,83,83,83,83,83,83,83,83,83,83,83,83,83,83,83,83,83,83,84,84,84,84,84,85,86
Fitness 174.477, Gen ;0.5333;0.5;0.7778;0.6667;0.6667;0.5556;0.5918;0.6;0.625;0.6667;0.75;0.5;0.24;0.3;0.6667;0.4;0.4286;0.4;0.475;0.5;0.55
,69,70,70,70,70,70,70,70,70,70,70,70,70,70,70,71,71,71,71,71,71,71,71,71,71,71,71,71,71,71,71,71,71,71,71,71,71,72,72,72,72,72,72,72,72,72,72,72,72,72,72,72,72,72,72,72,72,73,73,73,73,73,73,73,73,73,73,73,73,73,73,73,73,73,74,74,74,74,74,74,74,74,75,75,75,75,75,75,75,75,75,75,75,76,76,76,76,77,77,77
