	5PopravljenStroembom ovc
	3 Voronoi ovcarjev
Fitness 1.743051, Gen ;0.5333;0.5;0.7778;0.6667;0.6667;0.5556;0.5918;0.6;0.625;0.6667;0.75;0.5;0.24;0.3;0.6667;0.4;0.4286;0.4;0.475;0.5;0.55
,51,51,66,129,129
Fitness 22.24112, Gen ;0.5333;0.5;0.7778;0.6667;0.6667;0.5556;0.5918;0.6;0.625;0.6667;0.75;0.5;0.24;0.3;0.6667;0.4;0.4286;0.4;0.475;0.5;0.55
,47,47,48,48,48
Fitness 18.37256, Gen ;0.5333;0.5;0.7778;0.6667;0.6667;0.5556;0.5918;0.6;0.625;0.6667;0.75;0.5;0.24;0.3;0.6667;0.4;0.4286;0.4;0.475;0.5;0.55
,53,54,54,54,54
Fitness 9.919393, Gen ;0.5333;0.5;0.7778;0.6667;0.6667;0.5556;0.5918;0.6;0.625;0.6667;0.75;0.5;0.24;0.3;0.6667;0.4;0.4286;0.4;0.475;0.5;0.55
,71,71,71,72,72
Fitness 23.49292, Gen ;0.5333;0.5;0.7778;0.6667;0.6667;0.5556;0.5918;0.6;0.625;0.6667;0.75;0.5;0.24;0.3;0.6667;0.4;0.4286;0.4;0.475;0.5;0.55
,46,46,46,46,46
Fitness 18.1936, Gen ;0.5333;0.5;0.7778;0.6667;0.6667;0.5556;0.5918;0.6;0.625;0.6667;0.75;0.5;0.24;0.3;0.6667;0.4;0.4286;0.4;0.475;0.5;0.55
,44,45,56,56,56
Fitness 23.63364, Gen ;0.5333;0.5;0.7778;0.6667;0.6667;0.5556;0.5918;0.6;0.625;0.6667;0.75;0.5;0.24;0.3;0.6667;0.4;0.4286;0.4;0.475;0.5;0.55
,45,45,46,46,46
Fitness 18.37256, Gen ;0.5333;0.5;0.7778;0.6667;0.6667;0.5556;0.5918;0.6;0.625;0.6667;0.75;0.5;0.24;0.3;0.6667;0.4;0.4286;0.4;0.475;0.5;0.55
,53,54,54,54,54
Fitness 11.44915, Gen ;0.5333;0.5;0.7778;0.6667;0.6667;0.5556;0.5918;0.6;0.625;0.6667;0.75;0.5;0.24;0.3;0.6667;0.4;0.4286;0.4;0.475;0.5;0.55
,67,67,68,68,68
Fitness 15.54584, Gen ;0.5333;0.5;0.7778;0.6667;0.6667;0.5556;0.5918;0.6;0.625;0.6667;0.75;0.5;0.24;0.3;0.6667;0.4;0.4286;0.4;0.475;0.5;0.55
,59,59,59,59,59
Fitness 20.97524, Gen ;0.5333;0.5;0.7778;0.6667;0.6667;0.5556;0.5918;0.6;0.625;0.6667;0.75;0.5;0.24;0.3;0.6667;0.4;0.4286;0.4;0.475;0.5;0.55
,49,49,49,50,50
Fitness 20.91108, Gen ;0.5333;0.5;0.7778;0.6667;0.6667;0.5556;0.5918;0.6;0.625;0.6667;0.75;0.5;0.24;0.3;0.6667;0.4;0.4286;0.4;0.475;0.5;0.55
,49,49,50,50,50
Fitness 0.01056743, Gen ;0.5333;0.5;0.7778;0.6667;0.6667;0.5556;0.5918;0.6;0.625;0.6667;0.75;0.5;0.24;0.3;0.6667;0.4;0.4286;0.4;0.475;0.5;0.55
,68,68,70,175,176
Fitness 27.24375, Gen ;0.5333;0.5;0.7778;0.6667;0.6667;0.5556;0.5918;0.6;0.625;0.6667;0.75;0.5;0.24;0.3;0.6667;0.4;0.4286;0.4;0.475;0.5;0.55
,41,41,41,41,41
Fitness 14.72752, Gen ;0.5333;0.5;0.7778;0.6667;0.6667;0.5556;0.5918;0.6;0.625;0.6667;0.75;0.5;0.24;0.3;0.6667;0.4;0.4286;0.4;0.475;0.5;0.55
,60,60,60,60,61
Fitness 17.33262, Gen ;0.5333;0.5;0.7778;0.6667;0.6667;0.5556;0.5918;0.6;0.625;0.6667;0.75;0.5;0.24;0.3;0.6667;0.4;0.4286;0.4;0.475;0.5;0.55
,55,55,55,56,56
Fitness 16.12539, Gen ;0.5333;0.5;0.7778;0.6667;0.6667;0.5556;0.5918;0.6;0.625;0.6667;0.75;0.5;0.24;0.3;0.6667;0.4;0.4286;0.4;0.475;0.5;0.55
,57,58,58,58,58
Fitness 15.79731, Gen ;0.5333;0.5;0.7778;0.6667;0.6667;0.5556;0.5918;0.6;0.625;0.6667;0.75;0.5;0.24;0.3;0.6667;0.4;0.4286;0.4;0.475;0.5;0.55
,55,55,56,59,60
Fitness 18.03964, Gen ;0.5333;0.5;0.7778;0.6667;0.6667;0.5556;0.5918;0.6;0.625;0.6667;0.75;0.5;0.24;0.3;0.6667;0.4;0.4286;0.4;0.475;0.5;0.55
,48,48,49,51,58
Fitness 16.23116, Gen ;0.5333;0.5;0.7778;0.6667;0.6667;0.5556;0.5918;0.6;0.625;0.6667;0.75;0.5;0.24;0.3;0.6667;0.4;0.4286;0.4;0.475;0.5;0.55
,57,57,57,58,58
Fitness 11.6143, Gen ;0.5333;0.5;0.7778;0.6667;0.6667;0.5556;0.5918;0.6;0.625;0.6667;0.75;0.5;0.24;0.3;0.6667;0.4;0.4286;0.4;0.475;0.5;0.55
,65,65,68,68,68
Fitness 0.5124498, Gen ;0.5333;0.5;0.7778;0.6667;0.6667;0.5556;0.5918;0.6;0.625;0.6667;0.75;0.5;0.24;0.3;0.6667;0.4;0.4286;0.4;0.475;0.5;0.55
,127,127,128,128,128
Fitness 20.2689, Gen ;0.5333;0.5;0.7778;0.6667;0.6667;0.5556;0.5918;0.6;0.625;0.6667;0.75;0.5;0.24;0.3;0.6667;0.4;0.4286;0.4;0.475;0.5;0.55
,50,50,51,51,51
Fitness 22.86067, Gen ;0.5333;0.5;0.7778;0.6667;0.6667;0.5556;0.5918;0.6;0.625;0.6667;0.75;0.5;0.24;0.3;0.6667;0.4;0.4286;0.4;0.475;0.5;0.55
,46,47,47,47,47
Fitness 20.91108, Gen ;0.5333;0.5;0.7778;0.6667;0.6667;0.5556;0.5918;0.6;0.625;0.6667;0.75;0.5;0.24;0.3;0.6667;0.4;0.4286;0.4;0.475;0.5;0.55
,49,49,50,50,50
Fitness 26.76778, Gen ;0.5333;0.5;0.7778;0.6667;0.6667;0.5556;0.5918;0.6;0.625;0.6667;0.75;0.5;0.24;0.3;0.6667;0.4;0.4286;0.4;0.475;0.5;0.55
,41,41,41,41,42
Fitness 21.50273, Gen ;0.5333;0.5;0.7778;0.6667;0.6667;0.5556;0.5918;0.6;0.625;0.6667;0.75;0.5;0.24;0.3;0.6667;0.4;0.4286;0.4;0.475;0.5;0.55
,48,49,49,49,49
Fitness 17.16592, Gen ;0.5333;0.5;0.7778;0.6667;0.6667;0.5556;0.5918;0.6;0.625;0.6667;0.75;0.5;0.24;0.3;0.6667;0.4;0.4286;0.4;0.475;0.5;0.55
,56,56,56,56,56
Fitness 10.60586, Gen ;0.5333;0.5;0.7778;0.6667;0.6667;0.5556;0.5918;0.6;0.625;0.6667;0.75;0.5;0.24;0.3;0.6667;0.4;0.4286;0.4;0.475;0.5;0.55
,69,70,70,70,70
Fitness 19.58043, Gen ;0.5333;0.5;0.7778;0.6667;0.6667;0.5556;0.5918;0.6;0.625;0.6667;0.75;0.5;0.24;0.3;0.6667;0.4;0.4286;0.4;0.475;0.5;0.55
,51,52,52,52,52
Fitness 17.33262, Gen ;0.5333;0.5;0.7778;0.6667;0.6667;0.5556;0.5918;0.6;0.625;0.6667;0.75;0.5;0.24;0.3;0.6667;0.4;0.4286;0.4;0.475;0.5;0.55
,55,55,55,56,56
Fitness 8.885511, Gen ;0.5333;0.5;0.7778;0.6667;0.6667;0.5556;0.5918;0.6;0.625;0.6667;0.75;0.5;0.24;0.3;0.6667;0.4;0.4286;0.4;0.475;0.5;0.55
,73,74,74,75,75
Fitness 8.450819, Gen ;0.5333;0.5;0.7778;0.6667;0.6667;0.5556;0.5918;0.6;0.625;0.6667;0.75;0.5;0.24;0.3;0.6667;0.4;0.4286;0.4;0.475;0.5;0.55
,75,76,76,76,76
Fitness 4.611715, Gen ;0.5333;0.5;0.7778;0.6667;0.6667;0.5556;0.5918;0.6;0.625;0.6667;0.75;0.5;0.24;0.3;0.6667;0.4;0.4286;0.4;0.475;0.5;0.55
,55,55,56,103,104
Fitness 6.779094, Gen ;0.5333;0.5;0.7778;0.6667;0.6667;0.5556;0.5918;0.6;0.625;0.6667;0.75;0.5;0.24;0.3;0.6667;0.4;0.4286;0.4;0.475;0.5;0.55
,79,80,81,82,82
Fitness 17.38818, Gen ;0.5333;0.5;0.7778;0.6667;0.6667;0.5556;0.5918;0.6;0.625;0.6667;0.75;0.5;0.24;0.3;0.6667;0.4;0.4286;0.4;0.475;0.5;0.55
,55,55,55,55,56
Fitness 20.84692, Gen ;0.5333;0.5;0.7778;0.6667;0.6667;0.5556;0.5918;0.6;0.625;0.6667;0.75;0.5;0.24;0.3;0.6667;0.4;0.4286;0.4;0.475;0.5;0.55
,49,50,50,50,50
Fitness 22.79189, Gen ;0.5333;0.5;0.7778;0.6667;0.6667;0.5556;0.5918;0.6;0.625;0.6667;0.75;0.5;0.24;0.3;0.6667;0.4;0.4286;0.4;0.475;0.5;0.55
,47,47,47,47,47
Fitness 17.79004, Gen ;0.5333;0.5;0.7778;0.6667;0.6667;0.5556;0.5918;0.6;0.625;0.6667;0.75;0.5;0.24;0.3;0.6667;0.4;0.4286;0.4;0.475;0.5;0.55
,54,55,55,55,55
Fitness 17.27705, Gen ;0.5333;0.5;0.7778;0.6667;0.6667;0.5556;0.5918;0.6;0.625;0.6667;0.75;0.5;0.24;0.3;0.6667;0.4;0.4286;0.4;0.475;0.5;0.55
,55,55,56,56,56
