	150PopravljenStroembom ovc
	4 Voronoi ovcarjev
Fitness 0,006622517, Gen ;0,6667;0,4;0,3333;0,3333;0,3333;0,1667;0,6;0,3;0,6667;0,6667;0,6;0,4;0,1273;0,375;0,6;0,1;0,5;0,6;0,95;0,2618;0,55
,155,160,162,162,162,162,163,163,163,163,164,164,164,164,164,164,164,165,165,166,166,166,167,167,168,168,168,168,169,169,169,169,169,169,169,169,169,169,169,169,169,169,169,169,169,170,170,170,170,170,170,170,170,170,170,170,170,170,170,170,170,170,170,170,170,170,170,170,170,170,170,170,170,170,170,171,171,171,171,171,171,171,171,171,171,171,171,171,171,171,171,171,171,171,171,171,171,171,171,171,171,172,172,172,172,172,172,172,172,172,172,172,172,172,172,172,172,172,172,172,173,173,173,173,173,173,173,173,173,173,173,173,173,174,174,174,174,174,175,175,175,176,176,178
Fitness 0,006622517, Gen ;0,6667;0,4;0,3333;0,3333;0,3333;0,1667;0,6;0,3;0,6667;0,6667;0,6;0,4;0,1273;0,375;0,6;0,1;0,5;0,6;0,95;0,2618;0,55
,143,143,143,144,144,144,144,144,144,144,145,146,146,148,150,150,151,152,152,153,153,153,153,153,153,153,153,153,153,153,153,153,153,153,153,153,153,153,153,153,154,154,154,154,154,154,154,154,154,154,154,154,154,154,154,154,154,154,154,154,154,155,155,155,155,155,155,155,155,155,155,156,156,156,156,156,156,157,157,157,157,157,157,157,157,158,158,158,158,159,159,160,160,160,160,161,161,161,163,164,164,165,165,165,165,165,166,166,167,167,167,167,167,167,167,167,167,167,168,168,168,168,168,168,168,168,168,168,168,169,169,169,169,169,169,169,169,169,169,169,169,170,170,170,170,170,171
Fitness 0,006622517, Gen ;0,6667;0,4;0,3333;0,3333;0,3333;0,1667;0,6;0,3;0,6667;0,6667;0,6;0,4;0,1273;0,375;0,6;0,1;0,5;0,6;0,95;0,2618;0,55
,136,136,137,138,141,144,145,145,145,146,146,146,146,146,147,147,147,147,147,148,148,148,148,148,149,149,149,149,149,149,149,149,149,150,150,150,150,150,150,150,150,150,150,150,150,150,150,150,150,150,151,151,151,151,151,151,152,152,152,152,152,152,152,153,153,154,154,154,154,154,154,154,154,154,154,154,154,154,154,154,154,154,154,154,154,154,154,154,154,154,154,154,155,155,155,155,155,155,155,155,155,155,155,155,155,155,155,155,155,155,155,155,155,155,156,156,156,156,156,156,156,156,156,156,157,157,157,157,157,157,157,157,158,158,158,158,159,159,159,159,160,161,172,174,174
Fitness 0,006622517, Gen ;0,6667;0,4;0,3333;0,3333;0,3333;0,1667;0,6;0,3;0,6667;0,6667;0,6;0,4;0,1273;0,375;0,6;0,1;0,5;0,6;0,95;0,2618;0,55

Fitness 0,006622517, Gen ;0,6667;0,4;0,3333;0,3333;0,3333;0,1667;0,6;0,3;0,6667;0,6667;0,6;0,4;0,1273;0,375;0,6;0,1;0,5;0,6;0,95;0,2618;0,55

Fitness 0,006622517, Gen ;0,6667;0,4;0,3333;0,3333;0,3333;0,1667;0,6;0,3;0,6667;0,6667;0,6;0,4;0,1273;0,375;0,6;0,1;0,5;0,6;0,95;0,2618;0,55
,170,170,170,171,171,171,174
Fitness 0,006622517, Gen ;0,6667;0,4;0,3333;0,3333;0,3333;0,1667;0,6;0,3;0,6667;0,6667;0,6;0,4;0,1273;0,375;0,6;0,1;0,5;0,6;0,95;0,2618;0,55
,159,159,159,160,160,160,161,161,169,169,169,169,169,169,169,169,169,169,169,169,170,170,170,170,170,170,170,170,171,171,171,171,171,171,171,171,171,171,171,171,171,171,171,171,171,171,171,171,171,171,171,171,171,171,171,171,171,171,171,172,172,172,172,172,172,172,172,172,172,172,172,172,172,172,172,172,172,172,172,172,172,173,173,173,173,173,173,173,173,173,173,173,173,173,173,173,173,173,173,173,174,174,174,174,174,174,174,174,174,174,174,174,174,175,175,175,175,175,175,175,175,175,175,175,176,176,176,176,176,176,177,177,177,177,177,179
Fitness 0,006622517, Gen ;0,6667;0,4;0,3333;0,3333;0,3333;0,1667;0,6;0,3;0,6667;0,6667;0,6;0,4;0,1273;0,375;0,6;0,1;0,5;0,6;0,95;0,2618;0,55
,151,151,151,151,151,151,151,151,152,152,152,152,152,152,152,152,152,152,152,152,153,153,153,153,153,153,154,154,154,154,154,154,154,154,154,154,154,154,154,155,155,155,155,155,155,155,155,155,155,155,155,155,155,155,155,155,155,155,155,155,155,155,155,155,155,155,155,155,155,155,155,155,155,155,155,155,156,156,156,156,156,156,156,156,156,156,156,156,156,156,156,156,156,156,156,156,156,157,157,157,157,157,157,157,157,157,157,157,157,157,157,157,157,157,157,158,158,158,158,158,158,158,158,158,159,159,159,159,159,159,159,159,160,160,160,160,160,161,163,165,165
Fitness 0,006622517, Gen ;0,6667;0,4;0,3333;0,3333;0,3333;0,1667;0,6;0,3;0,6667;0,6667;0,6;0,4;0,1273;0,375;0,6;0,1;0,5;0,6;0,95;0,2618;0,55
,172,172,172,172,172,172,173,173,173,173,173,173,173,173,173,173,174,174,174,174,174,174,174,175,175,175,175,175,175,175,175,175,175,175,175,175,175,175,176,176,176,176,176,176,176,176,176,176,176,176,176,176,176,176,176,176,176,176,176,176,176,176,176,176,176,176,176,176,176,176,176,176,176,176,177,177,177,177,177,177,177,177,177,177,177,177,177,177,177,177,177,177,177,177,177,177,177,177,177,178,178,178,178,178,178,178,178,178,178,178,178,178,178,179,179,179,179,179,179,179,179,179,179,179,179,179,179,179
Fitness 0,006622517, Gen ;0,6667;0,4;0,3333;0,3333;0,3333;0,1667;0,6;0,3;0,6667;0,6667;0,6;0,4;0,1273;0,375;0,6;0,1;0,5;0,6;0,95;0,2618;0,55
,127,127,127,127,127,127,127,127,127,127,128,128,128,128,129,129,129,129,129,129,129,129,129,130,130,130,130,130,130,130,130,130,130,130,130,130,130,130,130,130,130,130,130,130,130,130,130,130,130,130,130,130,131,131,131,131,131,131,131,131,131,131,131,131,131,132,132,132,132,132,132,132,132,132,132,132,132,132,132,132,132,133,133,133,133,133,133,133,133,133,133,133,133,133,133,133,134,134,134,134,134,134,134,134,134,134,134,134,134,134,134,134,134,135,135,135,135,135,135,135,135,136,136,136,136,136,136,137,137,137,137,138,138,138,138,139,139,139,142,145,155
Fitness 0,006622517, Gen ;0,6667;0,4;0,3333;0,3333;0,3333;0,1667;0,6;0,3;0,6667;0,6667;0,6;0,4;0,1273;0,375;0,6;0,1;0,5;0,6;0,95;0,2618;0,55
,171,171,171,171,172,172,172,179,179,179,179,179,179,179,179,179
Fitness 0,006622517, Gen ;0,6667;0,4;0,3333;0,3333;0,3333;0,1667;0,6;0,3;0,6667;0,6667;0,6;0,4;0,1273;0,375;0,6;0,1;0,5;0,6;0,95;0,2618;0,55
,167,174,174,174,174,174,174,174,174,174,174,174,174,175,175,175,175,175,175,175,175,175,175,175,175,175,175,175,175,175,175,175,175,175,175,175,175,175,175,175,175,175,175,175,175,175,175,175,175,175,175,175,175,175,175,175,175,175,176,176,176,176,176,176,176,176,176,176,176,176,176,176,176,176,176,176,176,176,176,176,176,176,176,176,176,176,176,176,176,176,176,176,177,177,177,177,177,177,177,177,177,177,177,177,177,177,177,177,177,177,177,177,177,177,178,178,178,178,178,178,178,178,178,178,178,178,179,179,179,179,179,179,179,179,179
Fitness 0,006622517, Gen ;0,6667;0,4;0,3333;0,3333;0,3333;0,1667;0,6;0,3;0,6667;0,6667;0,6;0,4;0,1273;0,375;0,6;0,1;0,5;0,6;0,95;0,2618;0,55
,131,148,151,152,152,153,153,154,154,154,154,155,155,155,155,155,155,155,155,155,155,155,155,155,155,155,155,155,155,155,155,155,155,155,155,156,156,156,156,156,156,156,156,156,156,156,156,156,156,156,156,156,156,156,156,156,156,156,156,156,156,156,156,156,156,156,156,156,156,156,156,156,156,156,157,157,157,157,157,157,157,157,157,157,157,157,157,157,157,157,157,157,157,157,157,157,157,157,158,158,158,158,158,158,158,158,158,158,158,158,158,158,158,158,159,159,159,159,159,159,159,159,159,159,160,160,160,160,160,160,160,160,160,161,163,165,173
Fitness 0,006622517, Gen ;0,6667;0,4;0,3333;0,3333;0,3333;0,1667;0,6;0,3;0,6667;0,6667;0,6;0,4;0,1273;0,375;0,6;0,1;0,5;0,6;0,95;0,2618;0,55
,168,168,168,168,168,169,169,169,169,169,169,170,170,170,171,171,171,172,172,173,175,178,178,178,179,179,179,179,179,179,179,179,179,179,179,179,179,179,179,179,179,179,179,179,179,179,179
Fitness 0,006622517, Gen ;0,6667;0,4;0,3333;0,3333;0,3333;0,1667;0,6;0,3;0,6667;0,6667;0,6;0,4;0,1273;0,375;0,6;0,1;0,5;0,6;0,95;0,2618;0,55
,156,165,166,166,166,166,166,167,167,167,168,168,168,168,168,168,169,169,169,169,169,169,169,169,169,169,169,169,169,169,169,170,170,170,170,170,170,170,170,170,170,170,170,170,171,171,171,171,171,171,171,171,171,171,171,171,171,171,171,171,171,171,171,171,171,171,171,171,171,171,171,171,171,171,171,171,171,171,172,172,172,172,172,172,172,172,172,172,172,172,172,172,172,172,172,172,173,173,173,173,173,173,173,173,173,173,173,173,173,173,173,173,173,173,174,174,174,174,174,174,174,174,174,174,174,175,175,175,175,175,175,175,176,176,176,176,176,177,177,178,178,178
Fitness 0,006622517, Gen ;0,6667;0,4;0,3333;0,3333;0,3333;0,1667;0,6;0,3;0,6667;0,6667;0,6;0,4;0,1273;0,375;0,6;0,1;0,5;0,6;0,95;0,2618;0,55

Fitness 0,006622517, Gen ;0,6667;0,4;0,3333;0,3333;0,3333;0,1667;0,6;0,3;0,6667;0,6667;0,6;0,4;0,1273;0,375;0,6;0,1;0,5;0,6;0,95;0,2618;0,55

Fitness 0,006622517, Gen ;0,6667;0,4;0,3333;0,3333;0,3333;0,1667;0,6;0,3;0,6667;0,6667;0,6;0,4;0,1273;0,375;0,6;0,1;0,5;0,6;0,95;0,2618;0,55
,159,159,160,160,164,167,168,168,168,168,168,168,168,168,168,168,168,168,168,168,168,168,168,168,168,169,169,169,169,169,169,169,169,169,169,169,169,169,169,169,169,169,169,169,169,169,169,169,170,170,170,170,170,170,170,170,170,170,170,170,170,170,170,170,170,170,170,170,170,170,170,170,170,170,170,170,170,170,171,171,171,171,171,171,171,171,171,171,171,171,171,171,171,171,171,171,171,171,171,172,172,172,172,172,172,172,172,172,172,172,173,173,173,173,173,173,173,173,173,173,173,173,173,174,174,174,174,174,174,174,175,175,175,175,175,176,176,176,176,177,177,178,178,178,178,178,179
Fitness 0,006622517, Gen ;0,6667;0,4;0,3333;0,3333;0,3333;0,1667;0,6;0,3;0,6667;0,6667;0,6;0,4;0,1273;0,375;0,6;0,1;0,5;0,6;0,95;0,2618;0,55
,135,135,135,136,136,136,136,136,137,137,137,137,137,137,138,138,138,138,138,138,139,139,139,139,139,139,139,139,139,139,139,139,139,139,139,139,139,139,139,139,139,139,140,140,140,140,140,140,140,140,140,140,140,140,140,140,140,140,140,140,140,140,140,140,140,140,141,141,141,141,141,141,141,141,141,141,141,141,141,141,141,141,141,141,141,141,141,141,142,142,142,142,142,142,142,142,142,142,142,143,143,143,143,144,146,146,146,146,146,146,146,146,146,146,146,146,146,147,147,147,147,147,147,147,147,148,148,151,158,163,163,164,165,168,168,168,168,169,178
Fitness 0,006622517, Gen ;0,6667;0,4;0,3333;0,3333;0,3333;0,1667;0,6;0,3;0,6667;0,6667;0,6;0,4;0,1273;0,375;0,6;0,1;0,5;0,6;0,95;0,2618;0,55
,133,133,133,133,133,133,134,134,134,135,135,136,136,136,136,136,136,136,136,136,136,137,137,137,137,137,137,137,137,137,137,137,137,137,137,137,137,137,137,137,137,137,137,137,137,137,137,137,137,137,137,137,137,137,138,138,138,138,138,138,138,138,138,138,138,138,138,138,138,138,138,138,138,138,138,138,138,138,138,139,139,139,139,139,139,139,139,139,139,139,139,139,139,139,139,139,139,139,140,140,140,140,140,140,140,140,140,140,140,140,140,140,140,140,141,141,141,141,141,141,141,141,141,142,142,142,142,142,143,143,143,143,145,146,146,146,147,148,151,152,153,153,153,154,154,156
Fitness 0,006622517, Gen ;0,6667;0,4;0,3333;0,3333;0,3333;0,1667;0,6;0,3;0,6667;0,6667;0,6;0,4;0,1273;0,375;0,6;0,1;0,5;0,6;0,95;0,2618;0,55
,153,153,154,154,154,155,155,155,155,155,155,155,155,155,155,155,155,155,156,156,156,156,156,156,156,156,156,156,156,156,156,156,156,157,157,157,157,157,157,157,157,157,157,157,157,157,157,157,157,157,157,158,158,158,158,158,158,158,159,159,159,159,159,159,159,159,160,160,160,164,164,164,164,164,164,164,164,164,164,164,164,164,164,164,164,164,164,164,164,164,164,164,164,164,164,165,165,165,165,165,165,165,165,165,165,165,165,165,165,165,165,165,165,165,165,165,165,165,165,166,166,166,166,166,166,166,166,166,166,166,167,167,167,167,167,167,167,167,167,167,167,168,168,168
Fitness 0,006622517, Gen ;0,6667;0,4;0,3333;0,3333;0,3333;0,1667;0,6;0,3;0,6667;0,6667;0,6;0,4;0,1273;0,375;0,6;0,1;0,5;0,6;0,95;0,2618;0,55
,163,164,164,165,165,166
Fitness 0,006622517, Gen ;0,6667;0,4;0,3333;0,3333;0,3333;0,1667;0,6;0,3;0,6667;0,6667;0,6;0,4;0,1273;0,375;0,6;0,1;0,5;0,6;0,95;0,2618;0,55
,168,168,168,168,170,172,172,173,173,173,173,174,174,174,175,175,175,175,175,175,176,176,176,176,177,177,177,177,177,177,177,177,178,178,178,178,178,178,178,178,178,178,178,178,178,178,178,178,178,178,178,178,179,179,179,179,179,179,179,179,179,179,179,179,179,179,179,179,179,179,179,179,179,179,179,179,179,179,179,179,179
Fitness 0,006622517, Gen ;0,6667;0,4;0,3333;0,3333;0,3333;0,1667;0,6;0,3;0,6667;0,6667;0,6;0,4;0,1273;0,375;0,6;0,1;0,5;0,6;0,95;0,2618;0,55
,152,152,152,153,153,153,153,153,153,153,154,154,154,154,154,155,155,155,155,156,156,156,157,157,157,157,157,157,157,157,158,158,158,158,158,158,158,158,158,158,158,158,158,158,158,158,158,158,158,158,158,158,158,158,158,158,158,158,158,158,158,158,158,158,158,158,158,158,158,158,158,159,159,159,159,159,159,159,159,159,159,159,159,159,159,159,159,159,159,159,159,159,159,159,159,159,159,160,160,160,160,160,160,160,160,160,160,160,160,160,160,160,160,160,160,160,160,160,161,161,161,161,161,161,161,161,161,161,161,161,161,161,162,162,162,162,162,162,163,163,163,165,165,166,166,175,179
Fitness 0,006622517, Gen ;0,6667;0,4;0,3333;0,3333;0,3333;0,1667;0,6;0,3;0,6667;0,6667;0,6;0,4;0,1273;0,375;0,6;0,1;0,5;0,6;0,95;0,2618;0,55
,163,163,169,169,170,170,170,170,170,170,171,171,171,171,171,171,171,171,172,172,172,172,172,172,172,172,172,173,173,173,173,173,173,173,174,174,174,174,174,174,174,174,174,174,174,174,174,174,174,174,174,174,174,174,174,175,175,175,175,175,175,175,175,175,175,175,175,175,175,175,175,175,175,175,175,175,175,175,175,175,175,175,175,176,176,176,176,176,176,176,176,176,176,176,176,176,176,176,176,176,176,176,177,177,177,177,177,177,177,177,177,177,177,177,177,177,177,177,177,177,178,178,178,178,178,178,178,178,178,178,178,178,179,179,179,179,179
Fitness 0,006622517, Gen ;0,6667;0,4;0,3333;0,3333;0,3333;0,1667;0,6;0,3;0,6667;0,6667;0,6;0,4;0,1273;0,375;0,6;0,1;0,5;0,6;0,95;0,2618;0,55
,118,119,121,121,121,121,121,122,122,122,122,122,122,122,122,122,122,122,122,122,122,122,122,122,122,122,122,123,123,123,123,123,123,123,123,123,123,123,123,123,123,123,123,123,123,123,123,123,123,123,123,124,124,124,124,124,124,124,124,124,124,124,124,124,124,124,124,124,124,124,125,125,125,125,125,125,125,125,125,125,125,125,125,125,125,125,125,125,126,126,126,126,126,126,126,126,126,126,127,127,127,127,127,127,127,127,127,127,127,127,127,127,127,128,128,128,128,128,128,128,128,128,128,128,129,129,129,129,129,130,130,130,131,132,132,132,132,132,134,135,139,145,145,145,147,150,150
Fitness 0,006622517, Gen ;0,6667;0,4;0,3333;0,3333;0,3333;0,1667;0,6;0,3;0,6667;0,6667;0,6;0,4;0,1273;0,375;0,6;0,1;0,5;0,6;0,95;0,2618;0,55
,103,103,103,104,104,104,104,104,104,105,105,105,105,105,106,106,106,106,111,111,111,111,111,111,111,111,111,111,111,111,112,112,112,112,112,112,112,112,112,112,112,112,112,112,112,113,113,113,113,113,113,113,113,113,113,113,113,113,113,113,113,113,113,113,113,113,113,113,113,113,113,113,113,113,114,114,114,114,114,114,114,114,114,114,114,114,115,115,115,115,116,116,116,116,116,116,116,116,116,116,116,116,116,116,116,116,116,116,117,117,117,117,117,117,117,118,118,118,119,119,119,120,120,121,121,121,121,121,121,122,123,125,126,127,129,129,130,130,132,132,132,133,133
Fitness 0,006622517, Gen ;0,6667;0,4;0,3333;0,3333;0,3333;0,1667;0,6;0,3;0,6667;0,6667;0,6;0,4;0,1273;0,375;0,6;0,1;0,5;0,6;0,95;0,2618;0,55

Fitness 0,006622517, Gen ;0,6667;0,4;0,3333;0,3333;0,3333;0,1667;0,6;0,3;0,6667;0,6667;0,6;0,4;0,1273;0,375;0,6;0,1;0,5;0,6;0,95;0,2618;0,55
,163,163,163,163,163,163,163,163,163,163,163,164,164,164,164,164,164,164,164,164,164,164,164,164,164,164,164,164,164,164,164,164,164,164,164,164,164,164,164,164,164,164,164,164,164,164,165,165,165,165,165,165,165,165,165,165,165,165,165,165,165,165,165,165,165,165,165,165,165,165,165,165,165,165,166,166,166,166,166,166,166,166,166,166,166,166,166,166,166,166,166,166,166,167,167,167,167,167,167,167,167,167,167,167,167,167,167,168,168,168,168,168,168,168,168,168,169,169,169,169,169,169,169,169,169,170,170,170,170,170,170,170,170,170,170,170,170,171,171,171,171,171,171,173
Fitness 0,006622517, Gen ;0,6667;0,4;0,3333;0,3333;0,3333;0,1667;0,6;0,3;0,6667;0,6667;0,6;0,4;0,1273;0,375;0,6;0,1;0,5;0,6;0,95;0,2618;0,55

Fitness 0,006622517, Gen ;0,6667;0,4;0,3333;0,3333;0,3333;0,1667;0,6;0,3;0,6667;0,6667;0,6;0,4;0,1273;0,375;0,6;0,1;0,5;0,6;0,95;0,2618;0,55
,164,164,165,165,166,166,170,170,170,170,170,170,171,171,171,172,172,173,173,174,174,174,174,174,174,174,174,174,174,174,174,174,174,174,174,174,174,174,174,174,174,174,174,174,174,174,174,174,174,174,175,175,175,175,175,175,175,175,175,175,175,175,175,175,175,175,175,175,175,175,175,175,175,175,175,175,175,175,175,175,175,175,175,175,175,175,175,175,175,176,176,176,176,176,176,176,176,176,176,176,176,176,176,176,176,176,176,176,176,176,176,176,176,176,176,176,177,177,177,177,177,177,177,177,177,177,177,177,177,177,177,177,177,178,178,178,178,178,178,178,179,179,179,179
Fitness 0,006622517, Gen ;0,6667;0,4;0,3333;0,3333;0,3333;0,1667;0,6;0,3;0,6667;0,6667;0,6;0,4;0,1273;0,375;0,6;0,1;0,5;0,6;0,95;0,2618;0,55

Fitness 0,006622517, Gen ;0,6667;0,4;0,3333;0,3333;0,3333;0,1667;0,6;0,3;0,6667;0,6667;0,6;0,4;0,1273;0,375;0,6;0,1;0,5;0,6;0,95;0,2618;0,55
,175,175,175,175,175,175,175,175,175,175,175,175,175,175,176,176,176,176,176,176,176,176,176,176,177,177,177,177,177,177,177,177,177,178,178,178,178,178,179,179,179,179,179,179,179,179,179,179,179,179,179,179,179,179,179,179,179,179,179
