	100Stroembom ovc
	2 Voronoi ovcarjev
Fitness 0,0002878235, Gen ;0,6667;0,4;0,3333;0,3333;0,3333;0,1667;0,6;0,3;0,6667;0,6667;0,6;0,4;0,1273;0,375;0,6;0,1;0,5;0,6;0,95;0,2618;0,55
,172,173,173,173,173,173,174,174,174,174,174,174,174,175,175,175,175,175,175,176,176,176,176,176,176,176,176,177,177,177,177,177,177,177,177,177,177,177,177,177,178,178,178,178,178,178,178,178,178,178,179,179,179,179,179,179,179,179,179,179,179
Fitness 2,760235, Gen ;0,6667;0,4;0,3333;0,3333;0,3333;0,1667;0,6;0,3;0,6667;0,6667;0,6;0,4;0,1273;0,375;0,6;0,1;0,5;0,6;0,95;0,2618;0,55
,120,120,120,121,121,121,121,121,121,121,121,121,121,121,121,121,121,122,122,122,122,122,122,122,122,122,123,123,123,123,123,123,124,124,124,130,131,131,131,131,131,131,131,131,131,131,131,131,131,132,132,132,132,132,132,132,132,132,132,132,132,133,133,133,133,133,133,133,133,133,134,134,134,134,134,134,134,135,135,135,135,136,136,136,136,136,137,137,137,138,138,138,138,139,139,139,140,140,140,140
Fitness 7,321203, Gen ;0,6667;0,4;0,3333;0,3333;0,3333;0,1667;0,6;0,3;0,6667;0,6667;0,6;0,4;0,1273;0,375;0,6;0,1;0,5;0,6;0,95;0,2618;0,55
,110,111,111,111,112,112,112,112,112,112,112,112,112,112,113,113,113,113,113,113,113,113,113,113,114,114,114,114,114,114,114,114,114,114,114,114,114,114,114,114,115,115,115,115,115,115,115,115,115,115,115,115,115,115,115,115,116,116,116,116,116,116,116,116,117,117,117,117,117,117,118,118,118,118,118,119,119,119,119,119,119,119,120,120,120,120,120,120,121,121,121,121,122,122,122,122,122,123,123,123
Fitness 6,330051E-05, Gen ;0,6667;0,4;0,3333;0,3333;0,3333;0,1667;0,6;0,3;0,6667;0,6667;0,6;0,4;0,1273;0,375;0,6;0,1;0,5;0,6;0,95;0,2618;0,55
,117,117,118,118,118,118,118,119,119,119,119,119,119,119,119,119,120,120,120,120,120,120,120,120,120,120,120,120,121,121,121,121,121,121,121,121,121,121,121,121,121,121,121,121,122,122,122,122,122,122,122,122,122,122,122,122,122,122,122,122,122,122,122,123,123,123,123,123,123,123,123,124,124,124,124,124,124,124,125,125,125,128,128,129,129,129,130,130,131,131
Fitness 5,931998, Gen ;0,6667;0,4;0,3333;0,3333;0,3333;0,1667;0,6;0,3;0,6667;0,6667;0,6;0,4;0,1273;0,375;0,6;0,1;0,5;0,6;0,95;0,2618;0,55
,114,114,114,114,114,114,114,115,115,115,115,115,115,116,116,116,116,116,116,116,116,116,116,117,117,117,117,117,117,117,117,117,117,117,117,117,118,118,118,118,118,118,118,118,118,118,118,118,118,118,118,118,118,119,119,119,119,119,119,119,119,119,119,120,120,120,120,121,121,121,121,121,121,122,122,122,123,123,123,123,123,124,124,124,124,124,124,124,125,125,125,126,126,126,126,126,126,127,127,127
Fitness 7,072097, Gen ;0,6667;0,4;0,3333;0,3333;0,3333;0,1667;0,6;0,3;0,6667;0,6667;0,6;0,4;0,1273;0,375;0,6;0,1;0,5;0,6;0,95;0,2618;0,55
,107,107,107,107,107,107,108,108,108,108,108,108,108,108,109,109,109,109,109,109,109,109,109,110,110,110,110,110,110,110,110,110,110,110,110,110,110,110,110,111,111,111,111,111,111,111,111,111,111,111,111,111,111,112,112,112,112,112,112,112,112,113,113,113,113,114,114,115,115,115,116,116,116,116,116,117,117,118,118,118,118,119,119,119,119,119,120,120,120,121,122,122,122,122,124,124,124,124,125,125
Fitness 6,286408, Gen ;0,6667;0,4;0,3333;0,3333;0,3333;0,1667;0,6;0,3;0,6667;0,6667;0,6;0,4;0,1273;0,375;0,6;0,1;0,5;0,6;0,95;0,2618;0,55
,99,99,99,100,100,100,100,100,100,117,117,117,117,118,118,118,118,118,118,118,118,118,118,118,119,119,119,119,119,119,119,119,119,119,119,119,119,119,119,119,119,119,119,119,119,120,120,120,120,120,120,120,120,120,120,120,120,120,120,120,120,121,121,121,121,121,121,121,121,121,121,121,121,121,122,122,122,122,122,122,122,123,123,123,123,123,123,123,123,124,124,124,124,125,125,125,125,125,126,126
Fitness 11,1553, Gen ;0,6667;0,4;0,3333;0,3333;0,3333;0,1667;0,6;0,3;0,6667;0,6667;0,6;0,4;0,1273;0,375;0,6;0,1;0,5;0,6;0,95;0,2618;0,55
,103,103,104,104,104,104,104,104,104,104,104,105,105,105,105,105,105,105,105,105,105,105,105,106,106,106,106,106,106,106,106,106,106,106,106,106,106,106,106,106,106,106,107,107,107,107,107,107,107,107,107,107,107,107,107,107,107,107,108,108,108,108,108,108,108,108,108,109,109,109,109,109,109,109,109,109,110,110,110,110,110,110,110,111,111,111,111,111,111,111,112,112,112,112,112,113,113,113,113,114
Fitness 0,05302189, Gen ;0,6667;0,4;0,3333;0,3333;0,3333;0,1667;0,6;0,3;0,6667;0,6667;0,6;0,4;0,1273;0,375;0,6;0,1;0,5;0,6;0,95;0,2618;0,55
,127,127,127,127,128,128,128,128,128,128,128,128,129,129,129,129,129,129,129,129,129,129,130,130,130,130,130,130,131,131,131,131,131,131,131,131,131,131,138,138,138,138,138,138,139,139,139,139,139,139,139,139,139,139,139,140,140,140,140,140,140,140,140,141,141,141,141,141,141,141,142,142,142,142,142,142,143,143,143,143,144,144,144,144,144,144,145,145,145,145,146,146,146,147,147,148,148,171,173,174
Fitness 9,888872E-05, Gen ;0,6667;0,4;0,3333;0,3333;0,3333;0,1667;0,6;0,3;0,6667;0,6667;0,6;0,4;0,1273;0,375;0,6;0,1;0,5;0,6;0,95;0,2618;0,55
,108,108,108,109,109,109,109,109,109,109,110,110,110,110,110,110,110,110,110,110,111,111,111,111,111,111,111,111,111,111,111,111,112,112,112,112,112,112,112,112,112,112,113,113,113,113,113,113,113,113,113,113,113,113,113,113,113,113,113,114,114,114,114,114,114,114,114,114,114,114,114,114,121,121,122,122,122,123,123,123,124,125,125,125,125,126,127,127,127,128,128
Fitness 4,779995, Gen ;0,6667;0,4;0,3333;0,3333;0,3333;0,1667;0,6;0,3;0,6667;0,6667;0,6;0,4;0,1273;0,375;0,6;0,1;0,5;0,6;0,95;0,2618;0,55
,118,118,118,118,119,119,119,119,119,119,119,119,120,120,120,120,120,120,120,120,120,121,121,121,121,121,121,121,121,121,121,121,122,122,122,122,122,122,122,122,122,122,122,122,122,122,122,122,122,123,123,123,123,123,123,123,123,123,123,123,123,123,123,124,124,124,125,125,125,125,125,126,126,126,126,126,126,126,127,127,127,127,128,128,128,128,128,128,128,128,128,129,129,129,129,130,130,131,131,131
Fitness 6,547985, Gen ;0,6667;0,4;0,3333;0,3333;0,3333;0,1667;0,6;0,3;0,6667;0,6667;0,6;0,4;0,1273;0,375;0,6;0,1;0,5;0,6;0,95;0,2618;0,55
,110,110,110,111,111,111,111,111,112,112,112,112,112,112,112,112,112,113,113,113,113,113,113,113,113,113,114,114,114,114,114,114,114,114,114,114,114,114,114,114,115,115,115,115,115,115,115,115,115,115,115,115,115,115,115,116,116,116,116,116,116,116,116,116,117,117,117,118,118,118,118,118,119,119,119,119,119,120,120,120,120,120,120,120,121,121,121,121,121,121,122,122,122,123,123,124,124,125,125,126
Fitness 0,2178231, Gen ;0,6667;0,4;0,3333;0,3333;0,3333;0,1667;0,6;0,3;0,6667;0,6667;0,6;0,4;0,1273;0,375;0,6;0,1;0,5;0,6;0,95;0,2618;0,55
,109,109,109,109,110,110,110,110,110,110,110,110,110,110,111,111,111,111,111,111,111,111,111,111,112,112,112,112,112,112,112,112,112,112,112,112,112,112,113,113,113,113,113,113,113,113,113,113,113,113,113,113,113,113,113,113,113,114,114,114,114,114,114,114,114,114,114,114,115,115,117,117,119,120,120,120,120,121,121,121,122,122,122,123,123,123,123,123,124,125,125,125,128,129,164,167,168,169,170,170
Fitness 9,095886E-05, Gen ;0,6667;0,4;0,3333;0,3333;0,3333;0,1667;0,6;0,3;0,6667;0,6667;0,6;0,4;0,1273;0,375;0,6;0,1;0,5;0,6;0,95;0,2618;0,55

Fitness 9,312971E-05, Gen ;0,6667;0,4;0,3333;0,3333;0,3333;0,1667;0,6;0,3;0,6667;0,6667;0,6;0,4;0,1273;0,375;0,6;0,1;0,5;0,6;0,95;0,2618;0,55
,107,107,107,108,108,108,125,126,126,126,126,127,127,127,127,127,127,127,128,128,128,128,128,128,129,129,129,129,129,129,129,129,130,130,130,130,130,130,130,130,130,131,131,131,131,131,131,131,131,131,131,131,131,132,132,132,132,132,132,132,132,132,132,132,133,133,158,159,159,159,159,160,160,160,160,160,161,161,161,161,161,161,162,162,162,162,162,163
Fitness 4,229417, Gen ;0,6667;0,4;0,3333;0,3333;0,3333;0,1667;0,6;0,3;0,6667;0,6667;0,6;0,4;0,1273;0,375;0,6;0,1;0,5;0,6;0,95;0,2618;0,55
,110,110,111,111,111,111,112,112,112,113,113,113,113,121,122,123,123,123,124,124,124,125,125,125,125,125,125,126,126,126,126,126,126,126,126,126,127,127,127,127,127,127,127,127,127,127,127,127,127,128,128,128,128,128,128,128,128,128,128,128,128,128,128,128,128,128,129,129,129,129,129,129,129,129,129,129,129,130,130,130,130,130,130,130,130,131,131,131,131,131,131,131,132,132,132,132,132,133,133,133
Fitness 7,501527, Gen ;0,6667;0,4;0,3333;0,3333;0,3333;0,1667;0,6;0,3;0,6667;0,6667;0,6;0,4;0,1273;0,375;0,6;0,1;0,5;0,6;0,95;0,2618;0,55
,110,110,111,111,111,111,111,111,112,112,112,112,112,112,112,112,112,113,113,113,113,113,113,113,113,113,113,113,113,113,114,114,114,114,114,114,114,114,114,114,114,114,114,114,114,114,114,114,114,115,115,115,115,115,115,115,115,115,115,115,116,116,116,116,116,116,116,116,116,117,117,117,117,117,117,117,117,118,118,118,118,119,119,119,119,119,119,119,119,119,120,120,120,121,121,121,121,122,122,123
Fitness 0,0001066595, Gen ;0,6667;0,4;0,3333;0,3333;0,3333;0,1667;0,6;0,3;0,6667;0,6667;0,6;0,4;0,1273;0,375;0,6;0,1;0,5;0,6;0,95;0,2618;0,55

Fitness 1,139006, Gen ;0,6667;0,4;0,3333;0,3333;0,3333;0,1667;0,6;0,3;0,6667;0,6667;0,6;0,4;0,1273;0,375;0,6;0,1;0,5;0,6;0,95;0,2618;0,55
,116,116,116,117,117,117,117,118,118,118,118,118,118,119,119,119,119,119,119,119,119,119,119,119,119,119,119,120,120,120,120,120,120,120,120,120,120,120,120,120,120,120,121,121,121,121,121,121,121,121,121,121,121,121,121,121,122,122,122,122,122,122,122,122,122,122,122,122,122,123,123,123,123,123,124,124,124,124,125,125,126,126,126,127,127,127,128,128,128,128,129,130,130,130,132,132,154,155,155,156
Fitness 8,743305, Gen ;0,6667;0,4;0,3333;0,3333;0,3333;0,1667;0,6;0,3;0,6667;0,6667;0,6;0,4;0,1273;0,375;0,6;0,1;0,5;0,6;0,95;0,2618;0,55
,99,99,100,100,100,100,100,100,100,101,101,101,101,101,102,102,102,102,102,103,103,104,104,105,105,105,106,106,106,106,106,106,106,106,106,106,106,106,107,107,107,107,107,107,107,107,107,107,107,107,107,107,107,107,107,108,108,108,108,108,108,108,108,108,108,108,108,108,108,109,109,109,109,109,110,110,110,110,111,111,111,111,111,111,112,112,113,113,113,114,114,114,115,116,116,116,117,117,118,122
Fitness 3,52266E-05, Gen ;0,6667;0,4;0,3333;0,3333;0,3333;0,1667;0,6;0,3;0,6667;0,6667;0,6;0,4;0,1273;0,375;0,6;0,1;0,5;0,6;0,95;0,2618;0,55
,98,98,98,99,99,99,99,99,99,99,99,100,100,100,100,100,101,101,101,101,101,101,101,101,101,101,101,102,102,102,102,102,102,102,102,102,102,102,102,102,102,102,102,103,103,103,103,103,103,103,103,103,103,103,103,103,104,104,104,104,104,104,104,104,104,104,104,104,104,105,105,105,105,105,105,105,105,105,105,105,106,106,106,106,106,106,107,107,107,107,107,107,108,108,108
Fitness 0,0002175924, Gen ;0,6667;0,4;0,3333;0,3333;0,3333;0,1667;0,6;0,3;0,6667;0,6667;0,6;0,4;0,1273;0,375;0,6;0,1;0,5;0,6;0,95;0,2618;0,55
,125,125,126,126,126,127,128,140,141,148,148,148,149,149,149,149,149,149,149,150,150,150,150,150,150,150,150,150,150,150,150,151,151,151,151,151,151,151,151,151,151,151,151,151,152,152,152,152,152,152,152,152,152,152,153,153,153,153,153,153,153,153,153,153,153,154,154,154,154,154,154,154,154,154,155,155,155,155,155,155,155,155,155,156,156,156,156,156,156,156,157,157,157,157,158,158,158,159,159
Fitness 0,0002424636, Gen ;0,6667;0,4;0,3333;0,3333;0,3333;0,1667;0,6;0,3;0,6667;0,6667;0,6;0,4;0,1273;0,375;0,6;0,1;0,5;0,6;0,95;0,2618;0,55
,110,111,111,112,112,112,112,112,112,112,113,113,113,113,113,113,113,113,114,114,114,114,114,114,114,114,114,115,115,115,115,115,115,115,115,115,115,115,115,115,115,115,116,116,116,116,116,116,116,116,116,116,116,116,116,116,116,116,116,117,117,117,117,117,117,117,117,118,118,118,118,118,118,119,119,119,119,119,120,120,120,121,121,121,121,121,122,122,122,122,123,123,125,125,125,126,127,128,128
Fitness 10,54787, Gen ;0,6667;0,4;0,3333;0,3333;0,3333;0,1667;0,6;0,3;0,6667;0,6667;0,6;0,4;0,1273;0,375;0,6;0,1;0,5;0,6;0,95;0,2618;0,55
,99,100,100,100,100,100,101,101,101,101,101,101,101,102,102,102,102,102,102,102,102,103,103,103,103,103,103,103,103,103,103,103,103,104,104,104,104,104,104,104,104,104,104,104,104,104,104,104,104,104,105,105,105,105,105,105,105,105,105,105,106,106,106,106,106,106,107,107,107,108,108,108,108,109,109,109,109,110,110,110,110,111,111,111,111,111,112,112,113,113,113,114,114,114,115,115,115,116,116,117
Fitness 10,09479, Gen ;0,6667;0,4;0,3333;0,3333;0,3333;0,1667;0,6;0,3;0,6667;0,6667;0,6;0,4;0,1273;0,375;0,6;0,1;0,5;0,6;0,95;0,2618;0,55
,102,103,103,103,103,104,104,104,104,104,104,104,104,105,105,105,105,105,105,105,105,105,106,106,106,106,106,106,106,106,106,106,106,106,106,107,107,107,107,107,107,107,107,107,107,107,107,107,107,107,108,108,108,108,108,108,108,108,108,108,108,109,109,109,109,109,109,109,109,109,109,109,110,110,110,110,110,111,111,111,111,111,111,111,112,112,113,113,114,114,114,115,115,115,116,116,116,116,117,117
Fitness 10,83528, Gen ;0,6667;0,4;0,3333;0,3333;0,3333;0,1667;0,6;0,3;0,6667;0,6667;0,6;0,4;0,1273;0,375;0,6;0,1;0,5;0,6;0,95;0,2618;0,55
,94,95,95,95,95,95,95,104,104,105,105,105,105,105,105,105,105,105,105,106,106,106,106,106,106,106,106,106,106,106,106,106,106,107,107,107,107,107,107,107,107,107,107,107,107,107,108,108,108,108,108,108,108,108,108,108,108,108,108,109,109,109,109,109,109,109,109,110,110,110,110,110,110,111,111,111,111,111,111,111,111,112,112,112,112,113,113,113,113,113,113,113,114,114,114,114,114,115,115,115
Fitness 0,0003080962, Gen ;0,6667;0,4;0,3333;0,3333;0,3333;0,1667;0,6;0,3;0,6667;0,6667;0,6;0,4;0,1273;0,375;0,6;0,1;0,5;0,6;0,95;0,2618;0,55
,172,173,173,173,173,174,174,174,174,174,174,174,174,175,175,175,175,175,175,175,175,175,176,176,176,176,176,176,176,176,176,176,176,177,177,177,177,177,177,177,177,177,177,177,177,177,177,177,177,177,177,178,178,178,178,178,178,178,178,178,178,178,178,178,178,179,179,179,179,179,179
Fitness 9,710361, Gen ;0,6667;0,4;0,3333;0,3333;0,3333;0,1667;0,6;0,3;0,6667;0,6667;0,6;0,4;0,1273;0,375;0,6;0,1;0,5;0,6;0,95;0,2618;0,55
,104,104,104,105,105,105,105,105,105,106,106,106,106,106,106,106,106,106,107,107,107,107,107,107,107,107,107,107,107,108,108,108,108,108,108,108,108,108,108,108,108,108,108,108,108,108,108,109,109,109,109,109,109,109,109,109,109,109,110,110,110,110,110,110,110,111,111,111,111,111,111,111,112,112,112,112,112,112,113,113,113,113,113,114,114,114,114,114,114,114,114,115,115,115,116,116,116,117,117,118
Fitness 4,521552, Gen ;0,6667;0,4;0,3333;0,3333;0,3333;0,1667;0,6;0,3;0,6667;0,6667;0,6;0,4;0,1273;0,375;0,6;0,1;0,5;0,6;0,95;0,2618;0,55
,110,110,111,111,111,111,111,111,111,111,111,112,112,112,112,112,112,112,112,112,112,112,112,112,112,113,113,113,113,113,113,113,113,113,113,113,113,113,113,113,114,114,114,114,114,114,114,114,114,114,114,114,114,114,114,115,115,115,115,115,115,115,115,115,115,116,116,116,116,117,117,117,117,118,118,119,119,119,119,119,120,120,121,124,125,126,127,128,128,129,129,130,130,131,131,132,133,135,135,135
Fitness 9,078836, Gen ;0,6667;0,4;0,3333;0,3333;0,3333;0,1667;0,6;0,3;0,6667;0,6667;0,6;0,4;0,1273;0,375;0,6;0,1;0,5;0,6;0,95;0,2618;0,55
,103,103,103,103,104,104,104,104,105,105,105,105,105,105,106,106,106,106,106,106,106,106,106,106,107,107,107,107,107,107,107,107,107,107,107,108,108,108,108,108,108,108,108,108,108,108,108,109,109,109,109,109,109,109,109,109,109,110,110,110,110,110,110,111,111,111,111,111,112,112,112,112,112,113,113,113,113,114,114,114,114,114,115,115,115,115,115,115,117,117,117,117,117,117,118,118,118,119,119,119
Fitness 8,811748, Gen ;0,6667;0,4;0,3333;0,3333;0,3333;0,1667;0,6;0,3;0,6667;0,6667;0,6;0,4;0,1273;0,375;0,6;0,1;0,5;0,6;0,95;0,2618;0,55
,108,108,108,108,108,108,108,108,108,108,108,109,109,109,109,109,109,109,109,109,109,109,109,109,109,109,110,110,110,110,110,110,110,110,110,110,110,110,110,110,110,110,110,110,110,110,110,110,110,111,111,111,111,111,111,111,111,111,111,111,111,111,111,111,111,111,112,112,112,112,112,112,112,113,113,113,113,113,113,114,115,115,115,115,115,115,116,116,116,117,117,117,118,118,118,118,119,119,120,120
Fitness 12,29108, Gen ;0,6667;0,4;0,3333;0,3333;0,3333;0,1667;0,6;0,3;0,6667;0,6667;0,6;0,4;0,1273;0,375;0,6;0,1;0,5;0,6;0,95;0,2618;0,55
,86,86,86,87,87,87,102,102,102,102,103,103,103,103,103,103,103,103,103,103,103,103,103,103,104,104,104,104,104,104,104,104,104,104,104,104,104,104,104,105,105,105,105,105,105,105,105,105,105,105,105,105,105,105,106,106,106,106,106,106,106,106,106,106,106,106,106,107,107,107,107,107,107,107,107,107,107,108,108,108,108,108,109,109,109,109,109,109,109,109,109,110,110,110,110,111,111,111,112,112
Fitness 5,12493, Gen ;0,6667;0,4;0,3333;0,3333;0,3333;0,1667;0,6;0,3;0,6667;0,6667;0,6;0,4;0,1273;0,375;0,6;0,1;0,5;0,6;0,95;0,2618;0,55
,115,116,116,116,116,116,116,116,117,117,117,117,117,117,117,117,118,118,118,118,118,118,118,118,118,118,118,118,119,119,119,119,119,119,119,119,119,119,119,120,120,120,120,120,120,120,120,120,120,120,120,120,120,120,121,121,121,121,121,121,121,121,122,122,122,122,122,122,123,123,123,123,123,123,124,124,124,124,124,125,125,125,125,125,125,125,126,126,127,127,127,127,128,128,128,129,129,129,130,130
Fitness 0,0001702531, Gen ;0,6667;0,4;0,3333;0,3333;0,3333;0,1667;0,6;0,3;0,6667;0,6667;0,6;0,4;0,1273;0,375;0,6;0,1;0,5;0,6;0,95;0,2618;0,55
,125,126,128,128,128,129,129,130,130,130,130,130,130,130,131,131,131,131,131,131,131,131,132,132,132,132,132,132,132,132,132,133,133,133,133,133,133,133,133,133,133,133,133,133,133,134,134,134,134,134,134,134,134,134,134,134,134,134,135,135,135,135,135,135,135,135,135,135,136,136,136,136,136,136,136,137,137,137,137,137
Fitness 4,656857, Gen ;0,6667;0,4;0,3333;0,3333;0,3333;0,1667;0,6;0,3;0,6667;0,6667;0,6;0,4;0,1273;0,375;0,6;0,1;0,5;0,6;0,95;0,2618;0,55
,116,117,117,117,117,117,117,117,118,118,118,118,118,118,118,119,119,119,119,119,119,119,120,120,120,120,120,120,120,120,120,121,121,121,121,121,121,121,121,121,121,121,121,121,121,121,121,121,122,122,122,122,122,122,122,122,122,123,123,123,123,123,123,123,123,124,124,124,124,124,124,125,125,125,125,126,126,126,126,126,126,127,127,127,127,127,128,128,128,128,129,129,129,130,130,130,131,131,131,132
Fitness 6,421812, Gen ;0,6667;0,4;0,3333;0,3333;0,3333;0,1667;0,6;0,3;0,6667;0,6667;0,6;0,4;0,1273;0,375;0,6;0,1;0,5;0,6;0,95;0,2618;0,55
,110,110,111,111,111,111,111,111,111,111,112,112,112,112,112,112,112,113,113,113,113,113,113,113,113,113,113,113,114,114,114,114,114,114,114,114,114,115,115,115,115,115,115,115,115,115,115,115,116,116,116,116,116,116,116,116,117,117,117,117,117,117,117,117,118,118,118,118,118,118,118,118,119,119,119,119,119,119,120,120,120,120,120,120,120,121,121,121,121,122,122,122,122,123,123,124,125,126,126,127
Fitness 22,69371, Gen ;0,6667;0,4;0,3333;0,3333;0,3333;0,1667;0,6;0,3;0,6667;0,6667;0,6;0,4;0,1273;0,375;0,6;0,1;0,5;0,6;0,95;0,2618;0,55
,75,76,76,76,76,76,76,76,76,77,77,85,85,85,85,86,86,86,86,86,86,86,86,86,86,86,87,87,87,87,87,87,87,87,87,87,87,87,87,88,88,88,88,88,88,88,88,88,88,88,88,88,89,89,89,89,89,89,89,89,89,89,89,90,90,90,90,90,90,90,91,91,91,91,91,91,91,92,92,92,92,92,93,93,93,93,93,93,93,94,94,94,94,95,95,95,96,96,96,97
Fitness 0,0001530232, Gen ;0,6667;0,4;0,3333;0,3333;0,3333;0,1667;0,6;0,3;0,6667;0,6667;0,6;0,4;0,1273;0,375;0,6;0,1;0,5;0,6;0,95;0,2618;0,55

Fitness 0,0001332627, Gen ;0,6667;0,4;0,3333;0,3333;0,3333;0,1667;0,6;0,3;0,6667;0,6667;0,6;0,4;0,1273;0,375;0,6;0,1;0,5;0,6;0,95;0,2618;0,55
,141,141,142,142,143,143
Fitness 0,0001345394, Gen ;0,6667;0,4;0,3333;0,3333;0,3333;0,1667;0,6;0,3;0,6667;0,6667;0,6;0,4;0,1273;0,375;0,6;0,1;0,5;0,6;0,95;0,2618;0,55
,106,107,107,107,107,108,108,108,108,108,108,108,109,109,109,109,109,109,109,109,109,109,110,110,110,110,110,110,110,110,110,110,110,110,110,110,111,111,111,111,111,111,111,111,111,111,111,111,111,111,111,111,111,112,112,112,112,112,112,112,112,112,112,112,112,112,112,112,112,113,113,113,113,113,113,114,114,114,114,143,144,146,147,149,150,152,152,153,153,154,155
Fitness 8,344571, Gen ;0,6667;0,4;0,3333;0,3333;0,3333;0,1667;0,6;0,3;0,6667;0,6667;0,6;0,4;0,1273;0,375;0,6;0,1;0,5;0,6;0,95;0,2618;0,55
,92,92,92,92,93,93,93,105,105,105,105,106,106,106,106,106,106,106,106,107,107,107,107,107,107,107,107,107,107,107,107,107,108,108,108,108,108,108,108,108,108,108,108,108,108,108,108,108,108,109,109,109,109,109,109,109,109,109,109,109,109,110,110,110,110,110,110,111,111,111,111,112,112,112,113,113,113,113,114,114,115,115,115,115,116,116,116,117,117,117,118,118,119,119,119,119,120,121,121,122
Fitness 7,256231, Gen ;0,6667;0,4;0,3333;0,3333;0,3333;0,1667;0,6;0,3;0,6667;0,6667;0,6;0,4;0,1273;0,375;0,6;0,1;0,5;0,6;0,95;0,2618;0,55
,109,109,109,109,109,109,109,110,110,110,110,110,110,110,111,111,111,111,111,111,111,111,111,112,112,112,112,112,112,112,112,112,112,112,112,112,112,112,112,112,113,113,113,113,113,113,113,113,113,113,113,113,113,113,113,113,114,114,114,114,114,114,114,114,114,115,115,115,115,115,115,116,116,116,117,117,117,117,117,117,118,118,118,119,119,119,119,119,120,120,120,121,122,122,122,122,122,123,124,124
Fitness 1,399145, Gen ;0,6667;0,4;0,3333;0,3333;0,3333;0,1667;0,6;0,3;0,6667;0,6667;0,6;0,4;0,1273;0,375;0,6;0,1;0,5;0,6;0,95;0,2618;0,55
,114,114,114,114,115,115,115,115,116,116,116,116,116,116,116,116,116,117,117,117,117,117,117,117,117,117,117,118,118,118,118,118,118,118,118,118,118,118,118,118,119,119,119,119,119,119,119,119,119,119,119,119,119,119,119,119,119,120,120,120,120,120,120,120,120,120,121,121,121,121,121,121,121,121,122,122,122,122,123,123,123,123,123,123,123,124,124,124,125,125,125,125,126,127,127,128,128,149,151,154
Fitness 0,0001365296, Gen ;0,6667;0,4;0,3333;0,3333;0,3333;0,1667;0,6;0,3;0,6667;0,6667;0,6;0,4;0,1273;0,375;0,6;0,1;0,5;0,6;0,95;0,2618;0,55

Fitness 0,0001160467, Gen ;0,6667;0,4;0,3333;0,3333;0,3333;0,1667;0,6;0,3;0,6667;0,6667;0,6;0,4;0,1273;0,375;0,6;0,1;0,5;0,6;0,95;0,2618;0,55

Fitness 0,000141384, Gen ;0,6667;0,4;0,3333;0,3333;0,3333;0,1667;0,6;0,3;0,6667;0,6667;0,6;0,4;0,1273;0,375;0,6;0,1;0,5;0,6;0,95;0,2618;0,55
,129,129,129,129,129,152,153,153,153,153,154,154,154,154,154,154,155,155,155,155,155,155,156,156,156,156,156,156,156,156,156,156,156,157,157,157,157,157,157,157,157,158,158,158,158,158,158,158,158,158,158,158,158,158,158,159,159,159,159,159,159,159,159,159,159,159,160,160,160,160,160,161
Fitness 9,503098, Gen ;0,6667;0,4;0,3333;0,3333;0,3333;0,1667;0,6;0,3;0,6667;0,6667;0,6;0,4;0,1273;0,375;0,6;0,1;0,5;0,6;0,95;0,2618;0,55
,102,102,102,102,103,103,103,103,103,103,103,104,104,104,104,104,104,104,104,104,104,104,104,105,105,105,105,105,105,105,105,105,105,105,105,105,106,106,106,106,106,106,106,106,106,106,106,106,106,106,107,107,107,107,107,107,107,107,107,107,107,107,107,108,108,108,108,108,108,109,109,109,109,110,110,110,110,111,111,111,111,112,112,112,112,112,113,113,114,114,114,114,115,115,117,117,118,119,119,119
Fitness 0,0002111035, Gen ;0,6667;0,4;0,3333;0,3333;0,3333;0,1667;0,6;0,3;0,6667;0,6667;0,6;0,4;0,1273;0,375;0,6;0,1;0,5;0,6;0,95;0,2618;0,55
,102,102,103,103,103,103,103,104,104,104,104,104,104,104,105,105,105,105,105,105,105,105,105,105,106,106,106,106,106,106,106,106,106,106,106,106,106,106,106,106,107,107,107,107,107,107,107,107,107,107,107,107,107,107,108,108,108,108,108,108,108,108,108,108,108,108,109,109,109,109,109,109,109,109,109,109,110,110,110,110,110,110,110,111,111,111,111,111,111,112,112,113,113,113,114,114,115
Fitness 12,97423, Gen ;0,6667;0,4;0,3333;0,3333;0,3333;0,1667;0,6;0,3;0,6667;0,6667;0,6;0,4;0,1273;0,375;0,6;0,1;0,5;0,6;0,95;0,2618;0,55
,98,98,98,99,99,99,99,99,99,100,100,100,100,100,100,100,100,100,100,100,101,101,101,101,101,101,101,101,101,101,102,102,102,102,102,102,102,102,102,102,102,102,102,102,103,103,103,103,103,103,103,103,103,103,103,103,103,103,104,104,104,104,104,104,104,105,105,105,105,105,105,105,105,106,106,106,106,106,106,107,107,107,107,107,107,108,108,108,108,108,108,108,109,109,109,109,110,110,111,111
Fitness 0,4186377, Gen ;0,6667;0,4;0,3333;0,3333;0,3333;0,1667;0,6;0,3;0,6667;0,6667;0,6;0,4;0,1273;0,375;0,6;0,1;0,5;0,6;0,95;0,2618;0,55
,105,105,105,105,106,106,106,106,106,107,107,107,107,107,107,108,108,108,108,108,108,108,109,109,109,109,109,109,109,109,109,109,110,110,110,110,110,110,110,110,110,110,110,110,110,110,110,110,110,111,111,111,111,111,111,111,111,111,111,111,112,112,112,112,112,112,112,113,113,113,113,113,113,114,114,114,114,115,115,115,115,116,116,116,116,117,117,117,117,117,117,118,118,118,119,119,120,121,165,167
Fitness 3,152279, Gen ;0,6667;0,4;0,3333;0,3333;0,3333;0,1667;0,6;0,3;0,6667;0,6667;0,6;0,4;0,1273;0,375;0,6;0,1;0,5;0,6;0,95;0,2618;0,55
,124,124,124,124,125,125,125,125,125,126,127,127,127,127,128,128,128,129,129,129,129,129,129,129,129,129,129,129,129,129,129,129,129,129,129,129,129,129,130,130,130,130,130,130,130,130,130,130,130,130,130,130,130,130,130,130,130,130,130,131,131,131,131,131,131,131,131,131,131,131,131,131,131,132,132,132,132,132,132,132,133,133,133,133,133,133,133,133,133,134,134,134,135,135,136,136,137,137,137,138
Fitness 8,605849, Gen ;0,6667;0,4;0,3333;0,3333;0,3333;0,1667;0,6;0,3;0,6667;0,6667;0,6;0,4;0,1273;0,375;0,6;0,1;0,5;0,6;0,95;0,2618;0,55
,107,107,108,108,108,108,108,108,108,109,109,109,109,109,109,109,109,109,109,110,110,110,110,110,110,110,110,110,110,110,110,110,111,111,111,111,111,111,111,111,111,111,111,111,111,111,111,111,112,112,112,112,112,112,112,112,112,112,112,112,112,112,113,113,113,113,113,113,113,113,113,114,114,114,114,114,114,115,115,115,115,115,115,116,116,116,116,116,116,117,118,118,118,118,119,119,119,119,120,120
Fitness 0,0001143583, Gen ;0,6667;0,4;0,3333;0,3333;0,3333;0,1667;0,6;0,3;0,6667;0,6667;0,6;0,4;0,1273;0,375;0,6;0,1;0,5;0,6;0,95;0,2618;0,55
,106,107,107,108,108,108,108,109,109,109,109,109,109,110,110,110,110,110,110,110,110,110,111,111,111,111,112,112,112,112,112,112,112,112,112,112,113,113,113,113,113,113,113,113,113,113,113,113,113,113,113,113,114,114,114,114,114,114,114,114,114,114,114,115,115,115,115,115,115,115,115,116,116,116,116,116,116,117,117,117,118,118,118,118,119,119,119,120,120,120,121,121,121,121,122
Fitness 0,000301874, Gen ;0,6667;0,4;0,3333;0,3333;0,3333;0,1667;0,6;0,3;0,6667;0,6667;0,6;0,4;0,1273;0,375;0,6;0,1;0,5;0,6;0,95;0,2618;0,55
,132,132,132,133,133,133,133,133,134,135,141,179,179
Fitness 14,76453, Gen ;0,6667;0,4;0,3333;0,3333;0,3333;0,1667;0,6;0,3;0,6667;0,6667;0,6;0,4;0,1273;0,375;0,6;0,1;0,5;0,6;0,95;0,2618;0,55
,83,83,84,84,84,84,98,98,98,99,99,99,99,99,99,100,100,100,100,100,100,100,100,100,100,100,100,100,101,101,101,101,101,101,101,101,101,101,101,101,101,101,101,101,101,102,102,102,102,102,102,102,102,102,102,102,102,102,102,103,103,103,103,103,103,103,103,103,103,104,104,104,104,104,104,104,104,104,104,104,105,105,105,105,105,105,105,105,105,105,106,106,106,106,106,106,107,107,107,107
Fitness 13,09225, Gen ;0,6667;0,4;0,3333;0,3333;0,3333;0,1667;0,6;0,3;0,6667;0,6667;0,6;0,4;0,1273;0,375;0,6;0,1;0,5;0,6;0,95;0,2618;0,55
,99,99,99,99,100,100,100,100,100,100,100,101,101,101,101,101,101,101,101,101,101,101,102,102,102,102,102,102,102,102,102,102,102,102,102,103,103,103,103,103,103,103,103,103,103,103,103,103,103,103,103,103,103,104,104,104,104,104,104,104,104,104,104,104,104,104,104,105,105,105,105,105,105,105,106,106,106,106,106,106,106,107,107,107,107,108,108,108,108,108,108,109,109,109,109,109,110,110,110,110
Fitness 7,371954E-05, Gen ;0,6667;0,4;0,3333;0,3333;0,3333;0,1667;0,6;0,3;0,6667;0,6667;0,6;0,4;0,1273;0,375;0,6;0,1;0,5;0,6;0,95;0,2618;0,55
,122,122,122,123,123,123,124,124,125,125,125,125,125,126,126,126,126,127,127,127,127,127,127,128,128,128,128,128,128,128,128,128,129,129,129,129,129,129,129,130,130,130,130,130,130,130,130,130,130,130,131,131,131,131,131,131,131,131,131,131,131,131,131,131,131,131,132,132,132,132,133,133,133,133,134,134,135,141,142,144
Fitness 0,0002242627, Gen ;0,6667;0,4;0,3333;0,3333;0,3333;0,1667;0,6;0,3;0,6667;0,6667;0,6;0,4;0,1273;0,375;0,6;0,1;0,5;0,6;0,95;0,2618;0,55
,170,171
Fitness 10,28445, Gen ;0,6667;0,4;0,3333;0,3333;0,3333;0,1667;0,6;0,3;0,6667;0,6667;0,6;0,4;0,1273;0,375;0,6;0,1;0,5;0,6;0,95;0,2618;0,55
,100,101,101,101,101,102,102,102,102,102,102,102,103,103,103,103,103,103,104,104,104,104,104,104,104,104,104,104,105,105,105,105,105,105,105,105,105,105,105,105,105,105,105,106,106,106,106,106,106,106,106,106,106,106,106,106,107,107,107,107,107,107,107,107,107,108,108,108,108,108,108,108,109,109,109,110,110,110,110,110,111,111,111,111,112,112,112,112,113,113,114,114,114,114,115,115,116,116,117,117
Fitness 6,629611, Gen ;0,6667;0,4;0,3333;0,3333;0,3333;0,1667;0,6;0,3;0,6667;0,6667;0,6;0,4;0,1273;0,375;0,6;0,1;0,5;0,6;0,95;0,2618;0,55
,109,109,109,109,110,110,110,110,110,111,111,111,111,111,111,111,111,111,111,111,112,112,112,112,112,112,112,112,112,113,113,113,113,113,113,113,113,113,113,113,113,113,113,113,113,113,113,114,114,114,114,114,114,114,114,114,114,115,115,115,115,115,115,115,116,116,116,116,116,116,116,117,117,117,117,117,117,118,118,118,118,118,118,119,119,119,119,119,120,121,121,121,122,122,122,122,123,124,125,126
Fitness 5,849618, Gen ;0,6667;0,4;0,3333;0,3333;0,3333;0,1667;0,6;0,3;0,6667;0,6667;0,6;0,4;0,1273;0,375;0,6;0,1;0,5;0,6;0,95;0,2618;0,55
,111,111,111,112,112,112,112,112,112,112,112,113,113,113,113,113,113,113,113,113,113,114,114,114,114,114,114,114,114,114,114,114,115,115,115,115,115,115,115,115,115,115,116,116,116,116,116,116,116,116,116,116,117,117,117,117,117,117,118,118,118,118,118,118,118,119,119,119,119,120,120,120,120,121,121,121,121,122,122,122,123,123,123,123,124,124,124,124,125,125,125,126,126,126,126,127,127,127,128,128
Fitness 5,149524, Gen ;0,6667;0,4;0,3333;0,3333;0,3333;0,1667;0,6;0,3;0,6667;0,6667;0,6;0,4;0,1273;0,375;0,6;0,1;0,5;0,6;0,95;0,2618;0,55
,115,116,116,116,116,116,116,117,117,117,117,117,117,117,117,117,117,117,118,118,118,118,118,118,118,118,118,118,118,118,118,118,119,119,119,119,119,119,119,119,119,119,119,119,119,119,119,119,119,119,119,120,120,120,120,120,120,120,120,120,120,120,120,121,121,121,121,121,121,121,121,122,122,122,123,123,123,123,123,124,124,124,124,125,125,125,125,126,126,127,127,128,128,128,129,129,129,130,130,130
Fitness 9,591744, Gen ;0,6667;0,4;0,3333;0,3333;0,3333;0,1667;0,6;0,3;0,6667;0,6667;0,6;0,4;0,1273;0,375;0,6;0,1;0,5;0,6;0,95;0,2618;0,55
,104,105,105,105,105,105,105,106,106,106,106,106,106,106,106,107,107,107,107,107,107,107,107,107,107,108,108,108,108,108,108,108,108,108,108,108,108,108,108,108,108,109,109,109,109,109,109,109,109,109,109,109,109,109,109,110,110,110,110,110,110,110,110,110,110,111,111,111,111,111,111,112,112,112,112,112,112,112,113,113,113,113,114,114,114,114,114,114,114,115,115,115,115,115,116,116,116,117,117,118
Fitness 5,07489, Gen ;0,6667;0,4;0,3333;0,3333;0,3333;0,1667;0,6;0,3;0,6667;0,6667;0,6;0,4;0,1273;0,375;0,6;0,1;0,5;0,6;0,95;0,2618;0,55
,118,118,118,118,118,118,118,119,119,119,119,119,119,119,119,120,120,120,120,120,120,120,120,120,120,120,121,121,121,121,121,121,121,121,121,121,121,121,121,121,121,121,121,121,122,122,122,122,122,122,122,122,122,122,122,122,122,122,122,122,123,123,123,123,123,123,123,123,124,124,124,124,124,124,125,125,125,125,125,125,126,126,126,126,126,127,127,127,127,128,128,128,128,129,129,129,129,130,130,130
Fitness 0,0001812142, Gen ;0,6667;0,4;0,3333;0,3333;0,3333;0,1667;0,6;0,3;0,6667;0,6667;0,6;0,4;0,1273;0,375;0,6;0,1;0,5;0,6;0,95;0,2618;0,55

Fitness 13,08829, Gen ;0,6667;0,4;0,3333;0,3333;0,3333;0,1667;0,6;0,3;0,6667;0,6667;0,6;0,4;0,1273;0,375;0,6;0,1;0,5;0,6;0,95;0,2618;0,55
,78,78,79,79,99,99,99,99,99,99,100,100,100,100,100,100,100,101,101,101,101,101,101,101,101,101,102,102,102,102,102,102,102,102,102,102,102,102,102,102,103,103,103,103,103,103,103,103,103,103,103,103,103,103,104,104,104,104,104,104,104,104,104,105,105,105,105,105,105,105,105,105,106,106,106,106,106,106,106,107,107,107,107,107,107,107,108,108,108,108,108,108,109,109,109,110,110,110,111,111
Fitness 0,4141998, Gen ;0,6667;0,4;0,3333;0,3333;0,3333;0,1667;0,6;0,3;0,6667;0,6667;0,6;0,4;0,1273;0,375;0,6;0,1;0,5;0,6;0,95;0,2618;0,55
,112,113,113,113,113,113,114,114,114,114,114,114,114,114,114,114,114,115,115,115,115,115,115,115,115,115,115,115,116,116,116,116,116,116,116,116,116,116,116,116,116,116,116,116,117,117,117,117,117,117,117,117,117,117,117,117,117,117,118,118,118,118,118,118,118,118,119,119,119,119,119,119,120,120,120,120,120,121,121,121,121,122,122,122,124,157,158,160,160,161,162,162,163,163,163,164,164,164,165,165
Fitness 11,30955, Gen ;0,6667;0,4;0,3333;0,3333;0,3333;0,1667;0,6;0,3;0,6667;0,6667;0,6;0,4;0,1273;0,375;0,6;0,1;0,5;0,6;0,95;0,2618;0,55
,91,91,91,91,91,91,92,92,101,101,101,101,101,102,102,102,102,102,102,102,103,103,103,103,103,103,103,103,103,103,103,103,103,104,104,104,104,104,104,104,104,104,104,104,104,104,105,105,105,105,105,105,105,105,105,106,106,106,106,106,106,106,106,107,107,107,107,107,108,108,108,108,108,109,109,109,109,109,110,110,110,110,110,110,111,111,111,111,111,112,112,112,112,112,113,113,113,114,114,115
Fitness 0,0003390564, Gen ;0,6667;0,4;0,3333;0,3333;0,3333;0,1667;0,6;0,3;0,6667;0,6667;0,6;0,4;0,1273;0,375;0,6;0,1;0,5;0,6;0,95;0,2618;0,55
,139,139,139,139,139,169,170,171,171,172,172,172,173,173,173,173,173,173,173,174,174,174,174,174,175,175,175,175,175,175,175,175,175,175,175,175,175,175,176,176,176,176,176,176,176,176,176,176,176,176,177,177,177,177,177,177,177,177,177,178,178,178,178,178,178,178,178,178,178,179,179,179,179,179
Fitness 2,890225, Gen ;0,6667;0,4;0,3333;0,3333;0,3333;0,1667;0,6;0,3;0,6667;0,6667;0,6;0,4;0,1273;0,375;0,6;0,1;0,5;0,6;0,95;0,2618;0,55
,112,113,113,113,113,113,113,113,113,113,113,114,114,114,114,114,114,114,114,114,114,114,115,115,115,115,115,115,115,115,115,115,115,116,116,116,116,116,116,117,117,118,118,118,118,118,118,118,119,119,119,119,119,119,119,119,119,119,119,120,120,120,120,120,120,120,120,121,121,121,129,130,131,131,131,131,131,132,132,132,133,133,133,133,134,134,134,134,135,135,135,135,135,136,137,138,139,139,140,142
Fitness 0,0003418234, Gen ;0,6667;0,4;0,3333;0,3333;0,3333;0,1667;0,6;0,3;0,6667;0,6667;0,6;0,4;0,1273;0,375;0,6;0,1;0,5;0,6;0,95;0,2618;0,55
,121,122,122,122,122,122,122,123,123,123,123,123,123,123,123,123,123,123,123,123,123,123,123,123,124,124,124,124,124,124,124,124,124,124,124,124,124,124,124,124,124,125,125,125,125,125,125,125,125,125,125,125,125,125,125,125,125,126,126,126,126,126,126,126,126,126,126,126,127,127,127,127,127,127,127,127,127,128,128,128,128,128,128,129,129,129,132,132,132,133,133,134,134,134,135,135,136,136,136
Fitness 0,0002650524, Gen ;0,6667;0,4;0,3333;0,3333;0,3333;0,1667;0,6;0,3;0,6667;0,6667;0,6;0,4;0,1273;0,375;0,6;0,1;0,5;0,6;0,95;0,2618;0,55
,161,161,162,162,162,162,162,163,163,163,163,163,163,164,164,164,166,166,167,171,171,171,171,172,172,172,172,172,172,173,173,173,173,173,173,174,174,174,174,174,174,174,174,175,175,175,175,175,175,175,175,175,175,175,175,175,176,176,176,176,176,176,176,176,176,176,176,176,176,177,177,177,177,177,177,178,178,178,178,178,178,178,179,179,179,179
Fitness 7,222784, Gen ;0,6667;0,4;0,3333;0,3333;0,3333;0,1667;0,6;0,3;0,6667;0,6667;0,6;0,4;0,1273;0,375;0,6;0,1;0,5;0,6;0,95;0,2618;0,55
,91,91,91,92,92,92,92,92,92,92,92,92,92,93,93,93,100,100,100,100,100,100,100,100,100,101,101,101,101,101,101,101,101,101,101,101,101,101,102,102,102,102,102,102,102,102,102,102,102,103,103,103,103,103,103,103,103,103,104,104,104,104,104,104,104,105,105,105,105,105,105,106,106,106,106,106,107,107,107,107,108,108,108,108,109,123,123,124,124,124,125,126,126,126,126,127,127,127,127,128
Fitness 1,838596, Gen ;0,6667;0,4;0,3333;0,3333;0,3333;0,1667;0,6;0,3;0,6667;0,6667;0,6;0,4;0,1273;0,375;0,6;0,1;0,5;0,6;0,95;0,2618;0,55
,123,124,124,124,124,125,125,125,125,126,126,126,126,126,126,126,126,126,127,127,127,127,127,127,127,127,128,128,128,128,128,128,128,129,129,129,129,129,129,129,129,129,130,130,130,130,130,130,130,131,131,131,131,131,131,131,131,132,132,132,132,132,132,132,133,133,133,134,134,135,135,135,135,136,136,136,136,137,137,138,138,138,138,138,139,139,139,140,140,140,141,141,141,142,142,143,145,147,147,147
Fitness 7,426425, Gen ;0,6667;0,4;0,3333;0,3333;0,3333;0,1667;0,6;0,3;0,6667;0,6667;0,6;0,4;0,1273;0,375;0,6;0,1;0,5;0,6;0,95;0,2618;0,55
,82,82,82,82,102,102,102,103,103,103,103,104,104,104,104,104,104,104,105,105,105,105,105,105,105,105,105,106,106,106,106,106,106,106,106,106,106,106,106,106,107,107,107,107,107,107,107,107,107,107,107,107,107,108,108,108,108,108,108,108,108,108,108,108,109,109,109,109,109,109,109,110,110,110,110,110,111,111,111,111,111,111,112,112,112,112,112,113,113,114,114,114,114,114,115,116,117,117,117,126
Fitness 0,0001364652, Gen ;0,6667;0,4;0,3333;0,3333;0,3333;0,1667;0,6;0,3;0,6667;0,6667;0,6;0,4;0,1273;0,375;0,6;0,1;0,5;0,6;0,95;0,2618;0,55

Fitness 5,186083E-05, Gen ;0,6667;0,4;0,3333;0,3333;0,3333;0,1667;0,6;0,3;0,6667;0,6667;0,6;0,4;0,1273;0,375;0,6;0,1;0,5;0,6;0,95;0,2618;0,55
,128,128,128,128,128,129,129,129,129,129,129,130,130,130,130,130,130,130,130,131,131,131,131,131,131,131,131,132,132,132,132,132,132,132,132,132,132,133,133,138,139,139,139,139,140,140,140,140,140,140,140,140,140,140,140,141,141,141,141,141,141,141,141,141,141,141,141,141,142,142,142,142,143,143,143,143,143,143,144,144,144,144,145
Fitness 11,26628, Gen ;0,6667;0,4;0,3333;0,3333;0,3333;0,1667;0,6;0,3;0,6667;0,6667;0,6;0,4;0,1273;0,375;0,6;0,1;0,5;0,6;0,95;0,2618;0,55
,103,103,103,103,103,104,104,104,104,104,104,104,104,105,105,105,105,105,105,105,105,105,105,105,106,106,106,106,106,106,106,106,106,106,106,106,106,106,106,106,106,107,107,107,107,107,107,107,107,107,107,107,107,107,107,108,108,108,108,108,108,108,108,108,108,108,109,109,109,109,109,109,109,109,109,110,110,110,110,110,110,110,110,110,111,111,111,111,111,111,112,112,112,112,112,113,113,113,113,114
Fitness 12,76157, Gen ;0,6667;0,4;0,3333;0,3333;0,3333;0,1667;0,6;0,3;0,6667;0,6667;0,6;0,4;0,1273;0,375;0,6;0,1;0,5;0,6;0,95;0,2618;0,55
,99,99,100,100,100,100,100,101,101,101,101,101,101,102,102,102,102,102,102,102,103,103,103,103,103,103,103,103,103,103,103,103,103,103,103,103,103,103,103,103,103,103,104,104,104,104,104,104,104,104,104,104,104,104,104,104,104,104,104,104,104,104,104,105,105,105,105,105,105,105,105,105,105,105,105,105,105,106,106,106,106,106,106,106,106,106,106,106,106,106,107,107,107,109,109,109,109,110,111,111
Fitness 0,0002789029, Gen ;0,6667;0,4;0,3333;0,3333;0,3333;0,1667;0,6;0,3;0,6667;0,6667;0,6;0,4;0,1273;0,375;0,6;0,1;0,5;0,6;0,95;0,2618;0,55
,170,170,170,170,171,171,171,171,171,171,172,172,172,172,173,173,173,175
Fitness 0,9122725, Gen ;0,6667;0,4;0,3333;0,3333;0,3333;0,1667;0,6;0,3;0,6667;0,6667;0,6;0,4;0,1273;0,375;0,6;0,1;0,5;0,6;0,95;0,2618;0,55
,137,138,138,138,138,138,139,139,139,139,139,139,139,139,139,139,140,140,140,140,140,140,140,140,140,140,140,140,140,140,141,141,141,141,141,141,141,141,141,141,141,141,141,141,141,141,141,141,141,142,142,142,142,142,142,142,142,142,142,142,142,142,143,143,143,143,143,143,143,143,143,143,144,144,144,144,144,144,145,145,145,145,145,145,145,145,146,146,146,146,146,147,147,148,148,150,150,152,152,154
Fitness 0,2353792, Gen ;0,6667;0,4;0,3333;0,3333;0,3333;0,1667;0,6;0,3;0,6667;0,6667;0,6;0,4;0,1273;0,375;0,6;0,1;0,5;0,6;0,95;0,2618;0,55
,101,101,102,102,102,102,102,103,103,103,103,103,103,104,104,104,104,104,104,104,104,104,105,105,105,105,105,105,105,105,105,106,106,106,106,106,106,106,106,106,106,106,106,106,106,106,106,106,107,107,107,107,107,107,107,107,107,107,107,107,107,107,107,108,108,108,108,108,108,108,108,109,109,109,109,109,110,110,110,110,110,110,110,110,110,111,111,161,164,164,165,165,166,166,167,167,168,168,169,170
Fitness 0,0001246477, Gen ;0,6667;0,4;0,3333;0,3333;0,3333;0,1667;0,6;0,3;0,6667;0,6667;0,6;0,4;0,1273;0,375;0,6;0,1;0,5;0,6;0,95;0,2618;0,55

Fitness 10,65873, Gen ;0,6667;0,4;0,3333;0,3333;0,3333;0,1667;0,6;0,3;0,6667;0,6667;0,6;0,4;0,1273;0,375;0,6;0,1;0,5;0,6;0,95;0,2618;0,55
,101,101,102,102,102,103,103,103,103,103,103,103,104,104,104,104,104,104,104,104,104,104,104,104,104,104,105,105,105,105,105,105,105,105,105,105,105,105,105,106,106,106,106,106,106,106,106,106,106,106,106,106,106,106,106,106,106,107,107,107,107,107,107,107,107,107,108,108,108,108,108,108,109,109,109,109,109,110,110,110,110,110,111,111,111,111,111,111,112,112,113,113,113,113,114,114,114,115,115,116
Fitness 0,0002384082, Gen ;0,6667;0,4;0,3333;0,3333;0,3333;0,1667;0,6;0,3;0,6667;0,6667;0,6;0,4;0,1273;0,375;0,6;0,1;0,5;0,6;0,95;0,2618;0,55
,146,148,148,148,149,149,149,149,150,150,151,152,155,156,156,157,157,157,157,157,157,158,158,158,159,159,168,168,169,169,169,170,170,170,170,170,170,171,171,172,172,172,172,172,173,173,173,173,173,173,173,173,174,174,174,174,174,174,175,175,175,175,175,176,176,176,176,176,176,176,176,177,177,178,178,179,179
Fitness 4,675516, Gen ;0,6667;0,4;0,3333;0,3333;0,3333;0,1667;0,6;0,3;0,6667;0,6667;0,6;0,4;0,1273;0,375;0,6;0,1;0,5;0,6;0,95;0,2618;0,55
,108,109,109,110,110,111,111,111,111,111,111,112,112,112,112,112,112,112,112,112,113,113,113,113,113,113,113,113,113,113,113,113,113,113,113,113,113,114,114,114,114,114,114,114,114,114,114,114,114,114,114,115,115,115,115,115,115,115,115,115,116,116,116,116,116,116,117,117,117,120,120,120,120,120,120,121,121,121,121,121,121,121,122,122,122,123,124,124,125,125,126,127,127,128,128,130,131,131,133,134
Fitness 0,0001112007, Gen ;0,6667;0,4;0,3333;0,3333;0,3333;0,1667;0,6;0,3;0,6667;0,6667;0,6;0,4;0,1273;0,375;0,6;0,1;0,5;0,6;0,95;0,2618;0,55

Fitness 0,0002044439, Gen ;0,6667;0,4;0,3333;0,3333;0,3333;0,1667;0,6;0,3;0,6667;0,6667;0,6;0,4;0,1273;0,375;0,6;0,1;0,5;0,6;0,95;0,2618;0,55
,92
Fitness 11,06249, Gen ;0,6667;0,4;0,3333;0,3333;0,3333;0,1667;0,6;0,3;0,6667;0,6667;0,6;0,4;0,1273;0,375;0,6;0,1;0,5;0,6;0,95;0,2618;0,55
,96,96,96,97,97,97,97,97,97,106,107,107,107,107,107,107,107,107,107,107,107,107,107,107,108,108,108,108,108,108,108,108,108,108,108,108,108,108,108,108,108,108,108,109,109,109,109,109,109,109,109,109,109,109,109,109,109,109,109,110,110,110,110,110,110,110,110,110,110,110,110,110,110,110,111,111,111,111,111,111,111,111,111,111,111,112,112,112,112,112,112,112,112,112,113,113,113,113,114,114
Fitness 13,99932, Gen ;0,6667;0,4;0,3333;0,3333;0,3333;0,1667;0,6;0,3;0,6667;0,6667;0,6;0,4;0,1273;0,375;0,6;0,1;0,5;0,6;0,95;0,2618;0,55
,96,97,97,97,97,97,98,98,98,98,98,98,98,98,98,99,99,99,99,99,99,99,99,99,99,99,99,99,99,99,99,100,100,100,100,100,100,100,100,100,100,100,100,100,101,101,101,101,101,101,101,101,101,101,101,101,102,102,102,102,102,102,102,102,102,102,102,103,103,103,103,103,103,103,103,104,104,104,104,104,105,105,105,105,105,105,105,105,106,106,106,107,107,107,107,108,108,108,108,109
Fitness 0,0001511365, Gen ;0,6667;0,4;0,3333;0,3333;0,3333;0,1667;0,6;0,3;0,6667;0,6667;0,6;0,4;0,1273;0,375;0,6;0,1;0,5;0,6;0,95;0,2618;0,55

Fitness 8,396076E-05, Gen ;0,6667;0,4;0,3333;0,3333;0,3333;0,1667;0,6;0,3;0,6667;0,6667;0,6;0,4;0,1273;0,375;0,6;0,1;0,5;0,6;0,95;0,2618;0,55

Fitness 13,01551, Gen ;0,6667;0,4;0,3333;0,3333;0,3333;0,1667;0,6;0,3;0,6667;0,6667;0,6;0,4;0,1273;0,375;0,6;0,1;0,5;0,6;0,95;0,2618;0,55
,97,97,97,98,98,98,98,98,98,98,98,98,98,99,99,99,99,99,99,99,99,99,99,99,99,99,99,100,100,100,100,100,100,100,100,100,100,100,100,100,100,101,101,101,101,101,101,101,101,101,101,101,101,101,101,102,102,102,102,102,102,102,102,102,102,102,103,103,103,104,104,104,104,104,105,105,105,105,105,106,106,106,106,107,107,107,107,107,107,107,108,108,108,109,109,109,110,110,111,111
Fitness 0,0001462451, Gen ;0,6667;0,4;0,3333;0,3333;0,3333;0,1667;0,6;0,3;0,6667;0,6667;0,6;0,4;0,1273;0,375;0,6;0,1;0,5;0,6;0,95;0,2618;0,55

Fitness 8,488583E-05, Gen ;0,6667;0,4;0,3333;0,3333;0,3333;0,1667;0,6;0,3;0,6667;0,6667;0,6;0,4;0,1273;0,375;0,6;0,1;0,5;0,6;0,95;0,2618;0,55
,126,126,126,126,126,126,127,127,127,127,127,127,127,128,128,128,128,128,129,129,129,130,132,132,132,132,132,132,132,132,132,133,133,133,133,133,133,133,133,133,133,133,133,133,133,133,133,133,133,134,134,134,134,134,134,134,134,134,134,134,134,135,135,135,135,135,144,145,145,146,147,147,148,149,150,150,150,150,151,151,151,152,153,154
Fitness 0,000214036, Gen ;0,6667;0,4;0,3333;0,3333;0,3333;0,1667;0,6;0,3;0,6667;0,6667;0,6;0,4;0,1273;0,375;0,6;0,1;0,5;0,6;0,95;0,2618;0,55
,120,121,121,121,121,122,122,122,122,122,123,123,123,123,123,123,123,123,124,124,124,124,124,124,124,125,125,125,125,125,125,125,125,125,126,126,126,126,126,126,126,126,126,126,126,126,127,127,127,127,127,127,127,127,127,127,127,127,127,127,127,127,127,128,128,128,128,128,129,132,132,133,133,133,134,135,135,135,136,136,137,137,137,137,137,138,138,138,138
Fitness 7,567063, Gen ;0,6667;0,4;0,3333;0,3333;0,3333;0,1667;0,6;0,3;0,6667;0,6667;0,6;0,4;0,1273;0,375;0,6;0,1;0,5;0,6;0,95;0,2618;0,55
,109,109,109,109,109,109,110,110,110,110,110,110,110,110,111,111,111,111,111,111,111,111,111,111,111,111,112,112,112,112,112,112,112,112,112,112,112,112,112,112,112,112,112,112,113,113,113,113,113,113,113,113,113,113,113,113,113,113,113,114,114,114,114,114,114,114,114,114,114,114,114,115,115,115,115,116,116,116,116,117,117,117,117,118,118,118,119,119,119,120,120,120,120,121,121,121,122,122,123,123
Fitness 1,819194, Gen ;0,6667;0,4;0,3333;0,3333;0,3333;0,1667;0,6;0,3;0,6667;0,6667;0,6;0,4;0,1273;0,375;0,6;0,1;0,5;0,6;0,95;0,2618;0,55
,111,111,111,111,111,112,112,112,112,112,112,112,112,113,113,113,113,113,113,113,113,113,114,114,114,114,114,114,114,114,114,114,114,115,115,115,115,115,115,115,115,115,115,115,115,115,115,115,115,116,116,116,116,116,116,116,116,116,116,116,116,117,117,117,117,118,118,118,118,118,118,118,118,119,119,119,119,119,120,120,121,121,121,121,121,121,121,121,122,122,122,123,123,123,124,125,145,149,150,151
Fitness 4,837201, Gen ;0,6667;0,4;0,3333;0,3333;0,3333;0,1667;0,6;0,3;0,6667;0,6667;0,6;0,4;0,1273;0,375;0,6;0,1;0,5;0,6;0,95;0,2618;0,55
,116,116,117,117,117,117,117,117,117,117,117,118,118,118,118,118,118,118,118,118,119,119,119,119,119,119,119,119,119,119,119,119,120,120,120,120,120,120,120,120,120,120,120,120,120,120,120,120,120,121,121,121,121,121,121,121,121,121,121,121,122,122,122,122,122,122,123,123,123,123,124,124,124,124,125,125,125,125,126,126,126,127,127,127,127,127,127,127,128,128,128,129,129,129,129,130,130,131,131,131
Fitness 0,591238, Gen ;0,6667;0,4;0,3333;0,3333;0,3333;0,1667;0,6;0,3;0,6667;0,6667;0,6;0,4;0,1273;0,375;0,6;0,1;0,5;0,6;0,95;0,2618;0,55
,129,129,129,129,130,130,130,130,130,130,145,146,146,146,146,146,146,147,147,147,147,147,147,147,147,147,147,147,147,147,148,148,148,148,148,148,148,148,148,148,149,149,149,149,149,149,149,149,149,149,149,150,150,150,150,150,150,150,151,151,151,151,151,151,151,151,151,152,152,152,152,152,153,153,153,153,153,153,153,153,154,154,154,154,154,154,154,154,155,155,155,155,155,156,156,156,156,156,157,157
