	50Stroembom ovc
	4 Voronoi ovcarjev
Fitness 0,0003507306, Gen ;0,6667;0,2222;0,3333;0,3333;0,3333;0,1667;0,6;0,3;0,6667;0,6667;0,6;0,4;0,1556;0,375;0,6;0,1;0,25;0,6;0,95;0,2618;0,55

Fitness 0,0003761224, Gen ;0,6667;0,2222;0,3333;0,3333;0,3333;0,1667;0,6;0,3;0,6667;0,6667;0,6;0,4;0,1556;0,375;0,6;0,1;0,25;0,6;0,95;0,2618;0,55

Fitness 0,000385343, Gen ;0,6667;0,2222;0,3333;0,3333;0,3333;0,1667;0,6;0,3;0,6667;0,6667;0,6;0,4;0,1556;0,375;0,6;0,1;0,25;0,6;0,95;0,2618;0,55
,54
Fitness 0,0004375824, Gen ;0,6667;0,2222;0,3333;0,3333;0,3333;0,1667;0,6;0,3;0,6667;0,6667;0,6;0,4;0,1556;0,375;0,6;0,1;0,25;0,6;0,95;0,2618;0,55
,237
Fitness 0,000395603, Gen ;0,6667;0,2222;0,3333;0,3333;0,3333;0,1667;0,6;0,3;0,6667;0,6667;0,6;0,4;0,1556;0,375;0,6;0,1;0,25;0,6;0,95;0,2618;0,55

Fitness 0,0005363735, Gen ;0,6667;0,2222;0,3333;0,3333;0,3333;0,1667;0,6;0,3;0,6667;0,6667;0,6;0,4;0,1556;0,375;0,6;0,1;0,25;0,6;0,95;0,2618;0,55

Fitness 0,0005000207, Gen ;0,6667;0,2222;0,3333;0,3333;0,3333;0,1667;0,6;0,3;0,6667;0,6667;0,6;0,4;0,1556;0,375;0,6;0,1;0,25;0,6;0,95;0,2618;0,55

Fitness 0,0004106052, Gen ;0,6667;0,2222;0,3333;0,3333;0,3333;0,1667;0,6;0,3;0,6667;0,6667;0,6;0,4;0,1556;0,375;0,6;0,1;0,25;0,6;0,95;0,2618;0,55

Fitness 0,0004126976, Gen ;0,6667;0,2222;0,3333;0,3333;0,3333;0,1667;0,6;0,3;0,6667;0,6667;0,6;0,4;0,1556;0,375;0,6;0,1;0,25;0,6;0,95;0,2618;0,55

Fitness 0,0004723368, Gen ;0,6667;0,2222;0,3333;0,3333;0,3333;0,1667;0,6;0,3;0,6667;0,6667;0,6;0,4;0,1556;0,375;0,6;0,1;0,25;0,6;0,95;0,2618;0,55

Fitness 0,0004633125, Gen ;0,6667;0,2222;0,3333;0,3333;0,3333;0,1667;0,6;0,3;0,6667;0,6667;0,6;0,4;0,1556;0,375;0,6;0,1;0,25;0,6;0,95;0,2618;0,55

Fitness 0,0003847307, Gen ;0,6667;0,2222;0,3333;0,3333;0,3333;0,1667;0,6;0,3;0,6667;0,6667;0,6;0,4;0,1556;0,375;0,6;0,1;0,25;0,6;0,95;0,2618;0,55

Fitness 0,0006038623, Gen ;0,6667;0,2222;0,3333;0,3333;0,3333;0,1667;0,6;0,3;0,6667;0,6667;0,6;0,4;0,1556;0,375;0,6;0,1;0,25;0,6;0,95;0,2618;0,55

Fitness 0,0004376609, Gen ;0,6667;0,2222;0,3333;0,3333;0,3333;0,1667;0,6;0,3;0,6667;0,6667;0,6;0,4;0,1556;0,375;0,6;0,1;0,25;0,6;0,95;0,2618;0,55

Fitness 0,0003625897, Gen ;0,6667;0,2222;0,3333;0,3333;0,3333;0,1667;0,6;0,3;0,6667;0,6667;0,6;0,4;0,1556;0,375;0,6;0,1;0,25;0,6;0,95;0,2618;0,55

Fitness 0,0007603557, Gen ;0,6667;0,2222;0,3333;0,3333;0,3333;0,1667;0,6;0,3;0,6667;0,6667;0,6;0,4;0,1556;0,375;0,6;0,1;0,25;0,6;0,95;0,2618;0,55
,235,235,235,236,236,236,236,236,236,236,236,236,237,237
Fitness 0,0003748576, Gen ;0,6667;0,2222;0,3333;0,3333;0,3333;0,1667;0,6;0,3;0,6667;0,6667;0,6;0,4;0,1556;0,375;0,6;0,1;0,25;0,6;0,95;0,2618;0,55

Fitness 0,0003685519, Gen ;0,6667;0,2222;0,3333;0,3333;0,3333;0,1667;0,6;0,3;0,6667;0,6667;0,6;0,4;0,1556;0,375;0,6;0,1;0,25;0,6;0,95;0,2618;0,55

Fitness 0,0004019919, Gen ;0,6667;0,2222;0,3333;0,3333;0,3333;0,1667;0,6;0,3;0,6667;0,6667;0,6;0,4;0,1556;0,375;0,6;0,1;0,25;0,6;0,95;0,2618;0,55

Fitness 0,0004409545, Gen ;0,6667;0,2222;0,3333;0,3333;0,3333;0,1667;0,6;0,3;0,6667;0,6667;0,6;0,4;0,1556;0,375;0,6;0,1;0,25;0,6;0,95;0,2618;0,55
,26
Fitness 0,0003909079, Gen ;0,6667;0,2222;0,3333;0,3333;0,3333;0,1667;0,6;0,3;0,6667;0,6667;0,6;0,4;0,1556;0,375;0,6;0,1;0,25;0,6;0,95;0,2618;0,55
,124
Fitness 0,0004566059, Gen ;0,6667;0,2222;0,3333;0,3333;0,3333;0,1667;0,6;0,3;0,6667;0,6667;0,6;0,4;0,1556;0,375;0,6;0,1;0,25;0,6;0,95;0,2618;0,55

Fitness 0,0003925908, Gen ;0,6667;0,2222;0,3333;0,3333;0,3333;0,1667;0,6;0,3;0,6667;0,6667;0,6;0,4;0,1556;0,375;0,6;0,1;0,25;0,6;0,95;0,2618;0,55

Fitness 0,0004180125, Gen ;0,6667;0,2222;0,3333;0,3333;0,3333;0,1667;0,6;0,3;0,6667;0,6667;0,6;0,4;0,1556;0,375;0,6;0,1;0,25;0,6;0,95;0,2618;0,55

Fitness 0,0004018029, Gen ;0,6667;0,2222;0,3333;0,3333;0,3333;0,1667;0,6;0,3;0,6667;0,6667;0,6;0,4;0,1556;0,375;0,6;0,1;0,25;0,6;0,95;0,2618;0,55

Fitness 0,0003722678, Gen ;0,6667;0,2222;0,3333;0,3333;0,3333;0,1667;0,6;0,3;0,6667;0,6667;0,6;0,4;0,1556;0,375;0,6;0,1;0,25;0,6;0,95;0,2618;0,55

Fitness 0,0003596077, Gen ;0,6667;0,2222;0,3333;0,3333;0,3333;0,1667;0,6;0,3;0,6667;0,6667;0,6;0,4;0,1556;0,375;0,6;0,1;0,25;0,6;0,95;0,2618;0,55

Fitness 0,0004442759, Gen ;0,6667;0,2222;0,3333;0,3333;0,3333;0,1667;0,6;0,3;0,6667;0,6667;0,6;0,4;0,1556;0,375;0,6;0,1;0,25;0,6;0,95;0,2618;0,55

Fitness 0,0005316083, Gen ;0,6667;0,2222;0,3333;0,3333;0,3333;0,1667;0,6;0,3;0,6667;0,6667;0,6;0,4;0,1556;0,375;0,6;0,1;0,25;0,6;0,95;0,2618;0,55
,57
Fitness 0,0004006708, Gen ;0,6667;0,2222;0,3333;0,3333;0,3333;0,1667;0,6;0,3;0,6667;0,6667;0,6;0,4;0,1556;0,375;0,6;0,1;0,25;0,6;0,95;0,2618;0,55

Fitness 0,0004413306, Gen ;0,6667;0,2222;0,3333;0,3333;0,3333;0,1667;0,6;0,3;0,6667;0,6667;0,6;0,4;0,1556;0,375;0,6;0,1;0,25;0,6;0,95;0,2618;0,55

Fitness 0,0003908298, Gen ;0,6667;0,2222;0,3333;0,3333;0,3333;0,1667;0,6;0,3;0,6667;0,6667;0,6;0,4;0,1556;0,375;0,6;0,1;0,25;0,6;0,95;0,2618;0,55

Fitness 0,0003910754, Gen ;0,6667;0,2222;0,3333;0,3333;0,3333;0,1667;0,6;0,3;0,6667;0,6667;0,6;0,4;0,1556;0,375;0,6;0,1;0,25;0,6;0,95;0,2618;0,55

Fitness 0,0005112572, Gen ;0,6667;0,2222;0,3333;0,3333;0,3333;0,1667;0,6;0,3;0,6667;0,6667;0,6;0,4;0,1556;0,375;0,6;0,1;0,25;0,6;0,95;0,2618;0,55

Fitness 0,0003990655, Gen ;0,6667;0,2222;0,3333;0,3333;0,3333;0,1667;0,6;0,3;0,6667;0,6667;0,6;0,4;0,1556;0,375;0,6;0,1;0,25;0,6;0,95;0,2618;0,55

Fitness 0,0003851133, Gen ;0,6667;0,2222;0,3333;0,3333;0,3333;0,1667;0,6;0,3;0,6667;0,6667;0,6;0,4;0,1556;0,375;0,6;0,1;0,25;0,6;0,95;0,2618;0,55

Fitness 0,0005990245, Gen ;0,6667;0,2222;0,3333;0,3333;0,3333;0,1667;0,6;0,3;0,6667;0,6667;0,6;0,4;0,1556;0,375;0,6;0,1;0,25;0,6;0,95;0,2618;0,55

Fitness 0,0005286431, Gen ;0,6667;0,2222;0,3333;0,3333;0,3333;0,1667;0,6;0,3;0,6667;0,6667;0,6;0,4;0,1556;0,375;0,6;0,1;0,25;0,6;0,95;0,2618;0,55

Fitness 0,000559668, Gen ;0,6667;0,2222;0,3333;0,3333;0,3333;0,1667;0,6;0,3;0,6667;0,6667;0,6;0,4;0,1556;0,375;0,6;0,1;0,25;0,6;0,95;0,2618;0,55

Fitness 0,0004263202, Gen ;0,6667;0,2222;0,3333;0,3333;0,3333;0,1667;0,6;0,3;0,6667;0,6667;0,6;0,4;0,1556;0,375;0,6;0,1;0,25;0,6;0,95;0,2618;0,55

Fitness 0,0003975392, Gen ;0,6667;0,2222;0,3333;0,3333;0,3333;0,1667;0,6;0,3;0,6667;0,6667;0,6;0,4;0,1556;0,375;0,6;0,1;0,25;0,6;0,95;0,2618;0,55

Fitness 0,0005173954, Gen ;0,6667;0,2222;0,3333;0,3333;0,3333;0,1667;0,6;0,3;0,6667;0,6667;0,6;0,4;0,1556;0,375;0,6;0,1;0,25;0,6;0,95;0,2618;0,55

Fitness 0,000493672, Gen ;0,6667;0,2222;0,3333;0,3333;0,3333;0,1667;0,6;0,3;0,6667;0,6667;0,6;0,4;0,1556;0,375;0,6;0,1;0,25;0,6;0,95;0,2618;0,55

Fitness 0,000353575, Gen ;0,6667;0,2222;0,3333;0,3333;0,3333;0,1667;0,6;0,3;0,6667;0,6667;0,6;0,4;0,1556;0,375;0,6;0,1;0,25;0,6;0,95;0,2618;0,55

Fitness 0,0003751733, Gen ;0,6667;0,2222;0,3333;0,3333;0,3333;0,1667;0,6;0,3;0,6667;0,6667;0,6;0,4;0,1556;0,375;0,6;0,1;0,25;0,6;0,95;0,2618;0,55
,68
Fitness 0,0003980752, Gen ;0,6667;0,2222;0,3333;0,3333;0,3333;0,1667;0,6;0,3;0,6667;0,6667;0,6;0,4;0,1556;0,375;0,6;0,1;0,25;0,6;0,95;0,2618;0,55

Fitness 0,00042811, Gen ;0,6667;0,2222;0,3333;0,3333;0,3333;0,1667;0,6;0,3;0,6667;0,6667;0,6;0,4;0,1556;0,375;0,6;0,1;0,25;0,6;0,95;0,2618;0,55

Fitness 0,0006864811, Gen ;0,6667;0,2222;0,3333;0,3333;0,3333;0,1667;0,6;0,3;0,6667;0,6667;0,6;0,4;0,1556;0,375;0,6;0,1;0,25;0,6;0,95;0,2618;0,55
,119
Fitness 0,0007436473, Gen ;0,6667;0,2222;0,3333;0,3333;0,3333;0,1667;0,6;0,3;0,6667;0,6667;0,6;0,4;0,1556;0,375;0,6;0,1;0,25;0,6;0,95;0,2618;0,55
,227,227
Fitness 0,0004600001, Gen ;0,6667;0,2222;0,3333;0,3333;0,3333;0,1667;0,6;0,3;0,6667;0,6667;0,6;0,4;0,1556;0,375;0,6;0,1;0,25;0,6;0,95;0,2618;0,55
,31
Fitness 0,0003671743, Gen ;0,6667;0,2222;0,3333;0,3333;0,3333;0,1667;0,6;0,3;0,6667;0,6667;0,6;0,4;0,1556;0,375;0,6;0,1;0,25;0,6;0,95;0,2618;0,55

Fitness 0,0004258445, Gen ;0,6667;0,2222;0,3333;0,3333;0,3333;0,1667;0,6;0,3;0,6667;0,6667;0,6;0,4;0,1556;0,375;0,6;0,1;0,25;0,6;0,95;0,2618;0,55

Fitness 0,0004794137, Gen ;0,6667;0,2222;0,3333;0,3333;0,3333;0,1667;0,6;0,3;0,6667;0,6667;0,6;0,4;0,1556;0,375;0,6;0,1;0,25;0,6;0,95;0,2618;0,55

Fitness 0,0003703562, Gen ;0,6667;0,2222;0,3333;0,3333;0,3333;0,1667;0,6;0,3;0,6667;0,6667;0,6;0,4;0,1556;0,375;0,6;0,1;0,25;0,6;0,95;0,2618;0,55

Fitness 0,0005710277, Gen ;0,6667;0,2222;0,3333;0,3333;0,3333;0,1667;0,6;0,3;0,6667;0,6667;0,6;0,4;0,1556;0,375;0,6;0,1;0,25;0,6;0,95;0,2618;0,55

Fitness 0,0003424789, Gen ;0,6667;0,2222;0,3333;0,3333;0,3333;0,1667;0,6;0,3;0,6667;0,6667;0,6;0,4;0,1556;0,375;0,6;0,1;0,25;0,6;0,95;0,2618;0,55

Fitness 0,0003829569, Gen ;0,6667;0,2222;0,3333;0,3333;0,3333;0,1667;0,6;0,3;0,6667;0,6667;0,6;0,4;0,1556;0,375;0,6;0,1;0,25;0,6;0,95;0,2618;0,55
,213
Fitness 0,0005660772, Gen ;0,6667;0,2222;0,3333;0,3333;0,3333;0,1667;0,6;0,3;0,6667;0,6667;0,6;0,4;0,1556;0,375;0,6;0,1;0,25;0,6;0,95;0,2618;0,55

Fitness 0,0003779126, Gen ;0,6667;0,2222;0,3333;0,3333;0,3333;0,1667;0,6;0,3;0,6667;0,6667;0,6;0,4;0,1556;0,375;0,6;0,1;0,25;0,6;0,95;0,2618;0,55

Fitness 0,0004465895, Gen ;0,6667;0,2222;0,3333;0,3333;0,3333;0,1667;0,6;0,3;0,6667;0,6667;0,6;0,4;0,1556;0,375;0,6;0,1;0,25;0,6;0,95;0,2618;0,55

Fitness 0,000418462, Gen ;0,6667;0,2222;0,3333;0,3333;0,3333;0,1667;0,6;0,3;0,6667;0,6667;0,6;0,4;0,1556;0,375;0,6;0,1;0,25;0,6;0,95;0,2618;0,55

Fitness 0,0004608638, Gen ;0,6667;0,2222;0,3333;0,3333;0,3333;0,1667;0,6;0,3;0,6667;0,6667;0,6;0,4;0,1556;0,375;0,6;0,1;0,25;0,6;0,95;0,2618;0,55

Fitness 0,0004265879, Gen ;0,6667;0,2222;0,3333;0,3333;0,3333;0,1667;0,6;0,3;0,6667;0,6667;0,6;0,4;0,1556;0,375;0,6;0,1;0,25;0,6;0,95;0,2618;0,55

Fitness 0,0004238237, Gen ;0,6667;0,2222;0,3333;0,3333;0,3333;0,1667;0,6;0,3;0,6667;0,6667;0,6;0,4;0,1556;0,375;0,6;0,1;0,25;0,6;0,95;0,2618;0,55

Fitness 0,0005787358, Gen ;0,6667;0,2222;0,3333;0,3333;0,3333;0,1667;0,6;0,3;0,6667;0,6667;0,6;0,4;0,1556;0,375;0,6;0,1;0,25;0,6;0,95;0,2618;0,55
,153
Fitness 0,0004028772, Gen ;0,6667;0,2222;0,3333;0,3333;0,3333;0,1667;0,6;0,3;0,6667;0,6667;0,6;0,4;0,1556;0,375;0,6;0,1;0,25;0,6;0,95;0,2618;0,55

Fitness 0,0005012172, Gen ;0,6667;0,2222;0,3333;0,3333;0,3333;0,1667;0,6;0,3;0,6667;0,6667;0,6;0,4;0,1556;0,375;0,6;0,1;0,25;0,6;0,95;0,2618;0,55

Fitness 0,0003202234, Gen ;0,6667;0,2222;0,3333;0,3333;0,3333;0,1667;0,6;0,3;0,6667;0,6667;0,6;0,4;0,1556;0,375;0,6;0,1;0,25;0,6;0,95;0,2618;0,55

Fitness 0,0003781794, Gen ;0,6667;0,2222;0,3333;0,3333;0,3333;0,1667;0,6;0,3;0,6667;0,6667;0,6;0,4;0,1556;0,375;0,6;0,1;0,25;0,6;0,95;0,2618;0,55

Fitness 0,0003921204, Gen ;0,6667;0,2222;0,3333;0,3333;0,3333;0,1667;0,6;0,3;0,6667;0,6667;0,6;0,4;0,1556;0,375;0,6;0,1;0,25;0,6;0,95;0,2618;0,55

Fitness 0,0004390966, Gen ;0,6667;0,2222;0,3333;0,3333;0,3333;0,1667;0,6;0,3;0,6667;0,6667;0,6;0,4;0,1556;0,375;0,6;0,1;0,25;0,6;0,95;0,2618;0,55
,62
Fitness 0,0003530296, Gen ;0,6667;0,2222;0,3333;0,3333;0,3333;0,1667;0,6;0,3;0,6667;0,6667;0,6;0,4;0,1556;0,375;0,6;0,1;0,25;0,6;0,95;0,2618;0,55

Fitness 0,0005504497, Gen ;0,6667;0,2222;0,3333;0,3333;0,3333;0,1667;0,6;0,3;0,6667;0,6667;0,6;0,4;0,1556;0,375;0,6;0,1;0,25;0,6;0,95;0,2618;0,55

Fitness 0,0007940306, Gen ;0,6667;0,2222;0,3333;0,3333;0,3333;0,1667;0,6;0,3;0,6667;0,6667;0,6;0,4;0,1556;0,375;0,6;0,1;0,25;0,6;0,95;0,2618;0,55
,236,237,237,237,237,237,237,238
Fitness 0,0004265876, Gen ;0,6667;0,2222;0,3333;0,3333;0,3333;0,1667;0,6;0,3;0,6667;0,6667;0,6;0,4;0,1556;0,375;0,6;0,1;0,25;0,6;0,95;0,2618;0,55

Fitness 0,0004570036, Gen ;0,6667;0,2222;0,3333;0,3333;0,3333;0,1667;0,6;0,3;0,6667;0,6667;0,6;0,4;0,1556;0,375;0,6;0,1;0,25;0,6;0,95;0,2618;0,55

Fitness 0,0003574682, Gen ;0,6667;0,2222;0,3333;0,3333;0,3333;0,1667;0,6;0,3;0,6667;0,6667;0,6;0,4;0,1556;0,375;0,6;0,1;0,25;0,6;0,95;0,2618;0,55

Fitness 0,0004528961, Gen ;0,6667;0,2222;0,3333;0,3333;0,3333;0,1667;0,6;0,3;0,6667;0,6667;0,6;0,4;0,1556;0,375;0,6;0,1;0,25;0,6;0,95;0,2618;0,55

Fitness 0,0004224408, Gen ;0,6667;0,2222;0,3333;0,3333;0,3333;0,1667;0,6;0,3;0,6667;0,6667;0,6;0,4;0,1556;0,375;0,6;0,1;0,25;0,6;0,95;0,2618;0,55

Fitness 0,0003808705, Gen ;0,6667;0,2222;0,3333;0,3333;0,3333;0,1667;0,6;0,3;0,6667;0,6667;0,6;0,4;0,1556;0,375;0,6;0,1;0,25;0,6;0,95;0,2618;0,55

Fitness 0,0007867237, Gen ;0,6667;0,2222;0,3333;0,3333;0,3333;0,1667;0,6;0,3;0,6667;0,6667;0,6;0,4;0,1556;0,375;0,6;0,1;0,25;0,6;0,95;0,2618;0,55
,238,238,238,238,239,239,239
Fitness 0,0003939521, Gen ;0,6667;0,2222;0,3333;0,3333;0,3333;0,1667;0,6;0,3;0,6667;0,6667;0,6;0,4;0,1556;0,375;0,6;0,1;0,25;0,6;0,95;0,2618;0,55

Fitness 0,0003689484, Gen ;0,6667;0,2222;0,3333;0,3333;0,3333;0,1667;0,6;0,3;0,6667;0,6667;0,6;0,4;0,1556;0,375;0,6;0,1;0,25;0,6;0,95;0,2618;0,55

Fitness 0,0005758604, Gen ;0,6667;0,2222;0,3333;0,3333;0,3333;0,1667;0,6;0,3;0,6667;0,6667;0,6;0,4;0,1556;0,375;0,6;0,1;0,25;0,6;0,95;0,2618;0,55

Fitness 0,0004718042, Gen ;0,6667;0,2222;0,3333;0,3333;0,3333;0,1667;0,6;0,3;0,6667;0,6667;0,6;0,4;0,1556;0,375;0,6;0,1;0,25;0,6;0,95;0,2618;0,55

Fitness 0,0004321858, Gen ;0,6667;0,2222;0,3333;0,3333;0,3333;0,1667;0,6;0,3;0,6667;0,6667;0,6;0,4;0,1556;0,375;0,6;0,1;0,25;0,6;0,95;0,2618;0,55

Fitness 0,0004830651, Gen ;0,6667;0,2222;0,3333;0,3333;0,3333;0,1667;0,6;0,3;0,6667;0,6667;0,6;0,4;0,1556;0,375;0,6;0,1;0,25;0,6;0,95;0,2618;0,55
,183,186,186,186,186,186,187,187,187,187,187,187,187,188,188,209,209,209,210,210,210,210
Fitness 0,0003529189, Gen ;0,6667;0,2222;0,3333;0,3333;0,3333;0,1667;0,6;0,3;0,6667;0,6667;0,6;0,4;0,1556;0,375;0,6;0,1;0,25;0,6;0,95;0,2618;0,55

Fitness 0,0004355978, Gen ;0,6667;0,2222;0,3333;0,3333;0,3333;0,1667;0,6;0,3;0,6667;0,6667;0,6;0,4;0,1556;0,375;0,6;0,1;0,25;0,6;0,95;0,2618;0,55

Fitness 0,0005033106, Gen ;0,6667;0,2222;0,3333;0,3333;0,3333;0,1667;0,6;0,3;0,6667;0,6667;0,6;0,4;0,1556;0,375;0,6;0,1;0,25;0,6;0,95;0,2618;0,55

Fitness 0,000531144, Gen ;0,6667;0,2222;0,3333;0,3333;0,3333;0,1667;0,6;0,3;0,6667;0,6667;0,6;0,4;0,1556;0,375;0,6;0,1;0,25;0,6;0,95;0,2618;0,55

Fitness 0,0003587598, Gen ;0,6667;0,2222;0,3333;0,3333;0,3333;0,1667;0,6;0,3;0,6667;0,6667;0,6;0,4;0,1556;0,375;0,6;0,1;0,25;0,6;0,95;0,2618;0,55

Fitness 0,0003892045, Gen ;0,6667;0,2222;0,3333;0,3333;0,3333;0,1667;0,6;0,3;0,6667;0,6667;0,6;0,4;0,1556;0,375;0,6;0,1;0,25;0,6;0,95;0,2618;0,55

Fitness 0,0004672852, Gen ;0,6667;0,2222;0,3333;0,3333;0,3333;0,1667;0,6;0,3;0,6667;0,6667;0,6;0,4;0,1556;0,375;0,6;0,1;0,25;0,6;0,95;0,2618;0,55
,40
Fitness 0,0004114722, Gen ;0,6667;0,2222;0,3333;0,3333;0,3333;0,1667;0,6;0,3;0,6667;0,6667;0,6;0,4;0,1556;0,375;0,6;0,1;0,25;0,6;0,95;0,2618;0,55

Fitness 0,0004015528, Gen ;0,6667;0,2222;0,3333;0,3333;0,3333;0,1667;0,6;0,3;0,6667;0,6667;0,6;0,4;0,1556;0,375;0,6;0,1;0,25;0,6;0,95;0,2618;0,55

Fitness 0,0004291222, Gen ;0,6667;0,2222;0,3333;0,3333;0,3333;0,1667;0,6;0,3;0,6667;0,6667;0,6;0,4;0,1556;0,375;0,6;0,1;0,25;0,6;0,95;0,2618;0,55

Fitness 0,0004576787, Gen ;0,6667;0,2222;0,3333;0,3333;0,3333;0,1667;0,6;0,3;0,6667;0,6667;0,6;0,4;0,1556;0,375;0,6;0,1;0,25;0,6;0,95;0,2618;0,55

Fitness 0,0003848363, Gen ;0,6667;0,2222;0,3333;0,3333;0,3333;0,1667;0,6;0,3;0,6667;0,6667;0,6;0,4;0,1556;0,375;0,6;0,1;0,25;0,6;0,95;0,2618;0,55

Fitness 0,0004409838, Gen ;0,6667;0,2222;0,3333;0,3333;0,3333;0,1667;0,6;0,3;0,6667;0,6667;0,6;0,4;0,1556;0,375;0,6;0,1;0,25;0,6;0,95;0,2618;0,55
,127
