	200Stroembom ovc
	5 Voronoi ovcarjev
Fitness 0,004975124, Gen ;0,6667;0,4;0,3333;0,3333;0,3333;0,1667;0,6;0,3;0,6667;0,6667;0,6;0,4;0,1273;0,375;0,6;0,1;0,5;0,6;0,95;0,2618;0,55
,103,103,104,104,104,104,104,105,105,105,105,105,106,106,106,106,106,106,106,106,107,107,107,107,107,108,108,108,108,108,108,109,109,109,109,109,109,109,109,110,110,110,110,110,110,110,110,111,111,111,111,111,111,111,111,112,112,112,112,112,112,112,112,112,112,113,113,113,113,113,113,113,113,113,113,113,113,114,114,114,114,114,114,115,115,115,115,115,115,115,115,116,116,116,116,117,117,117,117,117,117,117,117,117,118,118,118,118,118,118,118,118,118,118,118,118,119,119,119,119,119,119,119,119,119,119,120,120,120,120,121,121,121,121,121,121,122,122,122,122,122,122,122,123,123,123,123,124,124,124,124,125,125,126,126,126,127,127,127,127,128,128,129,129,130,130,130,131,131,132,132,133,134,134,134,135,136,137,137,139,139,139,141,142,143,144,145,146,146,148,149,151,152,153,153,156,157,158,159
Fitness 0,6326168, Gen ;0,6667;0,4;0,3333;0,3333;0,3333;0,1667;0,6;0,3;0,6667;0,6667;0,6;0,4;0,1273;0,375;0,6;0,1;0,5;0,6;0,95;0,2618;0,55
,101,102,102,102,102,102,102,102,102,103,103,103,103,103,110,110,110,110,111,111,111,111,111,111,111,111,111,111,111,111,111,111,112,112,112,112,112,112,112,112,112,112,112,112,113,113,113,113,113,113,113,113,113,113,113,114,114,114,114,114,114,115,115,115,116,116,116,116,117,117,117,117,117,118,118,118,119,119,119,119,119,119,120,120,120,120,120,120,121,121,121,121,121,121,122,122,122,122,122,122,122,122,122,123,123,123,123,123,123,123,123,123,123,123,124,124,124,124,124,124,125,125,125,125,125,125,125,125,126,126,126,126,126,126,126,126,127,127,127,127,128,128,128,129,129,129,130,130,130,131,131,131,132,132,132,133,133,134,134,134,135,135,135,135,136,136,137,137,138,138,139,139,140,140,141,141,142,142,143,143,144,144,145,145,145,146,147,147,149,150,150,151,152,154,154,156,156,159,160,162
Fitness 0,004975124, Gen ;0,6667;0,4;0,3333;0,3333;0,3333;0,1667;0,6;0,3;0,6667;0,6667;0,6;0,4;0,1273;0,375;0,6;0,1;0,5;0,6;0,95;0,2618;0,55
,94,94,95,95,95,102,103,103,103,103,103,103,104,104,104,104,104,104,104,104,104,105,105,105,105,105,105,105,105,105,105,105,105,106,106,106,106,106,106,106,106,106,106,107,107,107,107,107,107,107,107,107,107,107,107,107,107,107,107,107,107,108,108,108,108,108,108,108,108,108,108,108,108,108,108,108,108,109,109,109,109,109,109,109,109,109,109,109,109,109,109,109,109,109,110,110,110,110,110,110,110,110,110,110,110,110,110,110,110,111,111,111,111,111,111,111,111,111,111,111,112,112,112,112,112,112,113,113,113,113,113,113,114,114,114,114,115,115,115,115,115,116,116,116,116,116,117,117,117,117,117,118,119,119,119,119,119,119,120,120,120,120,121,121,121,122,122,122,122,123,123,123,124,125,126,127,127,129,129,132,132,132,133,134,135,135,136,137,138,138,139,139,139,141,141,142,143,143,144
Fitness 0,4325199, Gen ;0,6667;0,4;0,3333;0,3333;0,3333;0,1667;0,6;0,3;0,6667;0,6667;0,6;0,4;0,1273;0,375;0,6;0,1;0,5;0,6;0,95;0,2618;0,55
,112,112,113,113,113,113,114,114,114,114,114,114,114,115,115,115,115,115,115,115,115,116,116,116,116,116,116,116,117,117,117,117,117,117,117,118,118,118,118,118,118,118,119,119,119,119,119,119,119,119,119,120,120,120,120,120,120,120,120,120,121,121,121,121,121,121,121,121,122,122,122,122,122,122,122,122,122,122,122,122,122,123,123,123,123,123,123,123,123,123,123,123,123,123,123,123,124,124,124,124,124,124,124,124,124,124,124,124,124,125,125,125,125,125,126,126,126,126,126,126,127,127,127,127,127,128,128,129,129,129,129,129,130,130,130,131,131,131,132,132,132,133,134,134,134,134,134,136,136,136,136,136,137,138,138,138,138,139,139,139,139,141,141,141,142,142,142,142,142,143,144,144,145,145,146,147,147,147,147,148,149,149,149,150,151,151,152,153,153,154,155,157,157,157,158,161,161,162,164,164
Fitness 0,004975124, Gen ;0,6667;0,4;0,3333;0,3333;0,3333;0,1667;0,6;0,3;0,6667;0,6667;0,6;0,4;0,1273;0,375;0,6;0,1;0,5;0,6;0,95;0,2618;0,55
,125,126,126,126,127,127,127,127,128,128,128,128,128,129,129,129,129,129,129,130,131,132,132,132,132,132,132,134,135,136,136,136,136,136,139,141,142,143,145,147,150,157,158,159,159
Fitness 0,004975124, Gen ;0,6667;0,4;0,3333;0,3333;0,3333;0,1667;0,6;0,3;0,6667;0,6667;0,6;0,4;0,1273;0,375;0,6;0,1;0,5;0,6;0,95;0,2618;0,55
,108,108,109,109,109,109,109,110,110,110,110,110,111,111,111,111,111,112,112,112,112,112,112,112,112,113,113,113,113,113,114,114,114,114,114,114,114,114,114,114,114,114,114,115,115,115,115,115,115,115,115,115,115,115,115,115,116,116,116,116,116,116,116,117,117,117,117,117,117,117,117,117,117,117,117,117,117,118,118,118,118,118,118,118,118,118,118,118,119,119,119,119,119,119,119,119,119,119,119,119,119,120,120,120,120,120,120,120,120,121,121,121,121,121,121,121,121,121,122,122,122,122,122,122,122,122,122,122,122,122,122,123,123,123,123,123,123,123,124,124,124,124,124,124,124,124,125,125,125,125,125,125,125,125,126,126,126,126,126,126,126,127,127,127,127,127,127,128,128,128,128,129,129,129,129,129,130,130,130,130,131,131,131,132,132,132,134,135,135,136,137,137,138,170,175
Fitness 0,004975124, Gen ;0,6667;0,4;0,3333;0,3333;0,3333;0,1667;0,6;0,3;0,6667;0,6667;0,6;0,4;0,1273;0,375;0,6;0,1;0,5;0,6;0,95;0,2618;0,55
,110,111,111,111,112,112,112,112,112,112,113,113,113,113,113,113,114,114,114,114,114,114,114,115,115,115,115,116,116,116,117,117,117,117,118,118,118,118,118,118,119,119,119,119,119,120,120,120,121,121,121,121,122,122,122,122,122,123,123,123,124,125,125,125,125,125,126,126,126,126,126,126,127,127,127,127,127,127,127,127,127,127,127,127,127,127,127,128,128,128,128,128,128,128,128,128,128,128,128,128,128,129,129,129,129,129,129,129,129,130,130,130,130,130,131,131,131,132,132,132,132,132,133,133,133,134,134,134,134,135,135,136,136,137,139
Fitness 0,004975124, Gen ;0,6667;0,4;0,3333;0,3333;0,3333;0,1667;0,6;0,3;0,6667;0,6667;0,6;0,4;0,1273;0,375;0,6;0,1;0,5;0,6;0,95;0,2618;0,55
,115,115,115,116,116,117,117,117,117,117,118,118,119,119,119,119,119,119,120,120,121,121,121,121,121,121,122,122,122,123,123,123,123,123,124,124,124,124,125,125,125,125,126,127,127,127,128,128,128,129,129,130,130,131,131,131,132,134,134,135,135,136,136,137,138,138,138,139,139,140,140,141
Fitness 0,004975124, Gen ;0,6667;0,4;0,3333;0,3333;0,3333;0,1667;0,6;0,3;0,6667;0,6667;0,6;0,4;0,1273;0,375;0,6;0,1;0,5;0,6;0,95;0,2618;0,55
,108,108,109,109,109,109,110,110,110,110,111,111,111,111,111,112,112,112,112,112,112,112,113,113,113,113,113,113,114,114,114,114,114,114,115,115,115,115,115,115,115,115,116,116,116,116,116,116,116,117,117,117,117,117,117,117,117,118,118,118,118,118,118,118,118,118,119,119,119,119,119,119,119,120,120,120,120,120,120,120,120,121,121,121,121,121,121,121,121,121,121,121,121,122,122,122,122,122,122,122,122,122,122,122,123,123,123,123,123,123,123,123,124,124,124,124,124,124,124,124,124,125,125,125,125,125,125,125,125,126,126,126,126,126,126,127,127,127,127,127,128,128,129,129,129,130,130,130,130,130,130,131,131,131,132,132,132,132,133,133,133,134,134,134,135,135,135,135,135,136,137,138,140,140,141,141,142,143,144,145,146,148,148,149,151,166,171
Fitness 0,01579315, Gen ;0,6667;0,4;0,3333;0,3333;0,3333;0,1667;0,6;0,3;0,6667;0,6667;0,6;0,4;0,1273;0,375;0,6;0,1;0,5;0,6;0,95;0,2618;0,55
,117,117,118,118,118,118,119,119,119,119,119,120,120,120,120,120,120,120,120,121,121,121,121,121,121,121,121,121,121,122,122,122,122,122,122,122,123,123,123,123,123,123,123,123,123,123,124,124,124,124,124,124,124,124,124,124,124,124,124,125,125,125,125,125,125,125,126,126,126,126,126,126,126,126,126,126,126,126,126,127,127,127,127,127,127,127,127,127,127,127,127,127,127,127,127,127,127,128,128,128,128,128,128,128,128,128,128,128,128,129,129,129,129,129,129,129,129,130,130,130,131,131,131,132,132,132,132,133,133,134,134,134,135,135,135,135,136,136,137,138,138,138,139,139,141,141,142,142,142,143,144,144,145,146,146,147,147,149,149,150,150,150,151,152,152,153,153,154,155,155,157,157,158,158,159,160,160,161,162,162,163,163,164,164,164,165,165,166,167,169,171,171,172,173,173,174,175,177,177,178
Fitness 0,004975124, Gen ;0,6667;0,4;0,3333;0,3333;0,3333;0,1667;0,6;0,3;0,6667;0,6667;0,6;0,4;0,1273;0,375;0,6;0,1;0,5;0,6;0,95;0,2618;0,55
,120,121,121,121,121,122,122,122,122,122,123,123,123,123,123,124,124,124,124,125,125,125,125,125,126,126,127,127,127,127,127,127,127,128,128,128,128,128,129,129,129,129,129,129,129,130,130,130,130,130,131,131,131,131,132,132,132,132,132,133,133,133,134,134,134,134,135,135,135,136,137,137,137,137,137,138,139,139,139,139,140,140,142,142,142,142,143,144,144,145,145,147,147,147,147,147,147,147,147,147,148,148,148,148,148,148,148,149,149,157,159,159,159,159,159,160,160,160,161,161,162,162,162,162,163,163,164,164,165,165,165,166,166,166,166,166,167,167,167,167,167,167,168,168,169,169,169,170,170,170,171,172,172,173,175,178
Fitness 0,004975124, Gen ;0,6667;0,4;0,3333;0,3333;0,3333;0,1667;0,6;0,3;0,6667;0,6667;0,6;0,4;0,1273;0,375;0,6;0,1;0,5;0,6;0,95;0,2618;0,55
,133,133,134,134,134,135,135,135,135,136,136,137,137,137,138,138,138,139,139,139,139,140,140,140,141,142,142,142,143,143,143,144,145,145,145,145,146,147,147,147,149,149,150,150,152,152,152,152,152,153,153,153,153,153,153,153,153,153,153,153,153,153,153,153,154,154,154,154,154,154,154,154,154,154,155,155,155,155,155,156,156,156,156,156,157,158,158,159,160,163,163,163,164,164,165,165,166,167,169,171,172
Fitness 0,004975124, Gen ;0,6667;0,4;0,3333;0,3333;0,3333;0,1667;0,6;0,3;0,6667;0,6667;0,6;0,4;0,1273;0,375;0,6;0,1;0,5;0,6;0,95;0,2618;0,55
,112,112,113,113,113,113,113,113,113,114,114,114,114,114,114,114,114,114,114,115,115,115,115,115,115,115,115,115,116,116,116,116,116,116,116,116,116,117,117,117,117,117,117,118,118,118,118,118,118,118,118,118,118,119,119,120,120,120,120,120,120,121,121,121,121,121,122,122,122,122,123,123,123,123,123,123,123,123,123,124,124,124,124,124,125,125,125,125,125,125,125,125,125,125,125,126,126,126,126,126,126,126,126,127,127,127,127,127,127,127,127,127,127,127,128,128,128,128,128,128,128,128,128,128,128,129,129,129,130,130,130,130,130,131,131,132,132,132,132,133,134,134,135,136,136,136,137,137,137,139,139,140,140,141,143,144,146,147,147,149,149,150,151,152,153,157,158,160,162,167,167,171,179
Fitness 0,004975124, Gen ;0,6667;0,4;0,3333;0,3333;0,3333;0,1667;0,6;0,3;0,6667;0,6667;0,6;0,4;0,1273;0,375;0,6;0,1;0,5;0,6;0,95;0,2618;0,55
,113,113,114,114,114,114,114,114,114,114,114,114,114,114,114,115,115,115,115,115,115,115,115,116,116,116,116,116,117,117,117,119,137,138,138,138,139,139,139,139,139,139,139,139,139,140,140,140,140,140,140,140,140,140,140,140,140,140,140,141,141,141,141,141,141,141,141,141,141,141,142,142,142,142,142,142,142,142,142,142,142,142,142,142,142,142,143,143,143,143,143,143,143,143,143,143,143,143,143,143,143,143,143,143,144,144,144,144,144,144,144,144,144,145,145,145,145,145,147,152,153,156,156,156,157,157,157,157,157,157,158,158,158,158,158,158,158,158,158,159,159,160,160,160,160,160,161,161,161,162,163,164,164,164,165,165,166,167,168,169,170,170,171,173,174,175,176
Fitness 0,004975124, Gen ;0,6667;0,4;0,3333;0,3333;0,3333;0,1667;0,6;0,3;0,6667;0,6667;0,6;0,4;0,1273;0,375;0,6;0,1;0,5;0,6;0,95;0,2618;0,55
,121,121,122,122,122,122,122,122,122,123,123,123,123,123,123,123,123,123,123,124,124,124,124,124,124,124,124,124,124,124,124,125,125,125,125,125,125,125,125,125,125,125,125,125,126,126,126,126,126,126,126,126,126,126,126,126,127,127,127,127,127,127,127,127,127,127,127,127,128,128,128,128,128,128,128,128,128,128,128,128,128,128,129,129,129,129,129,129,129,129,129,129,129,129,130,130,130,130,130,130,130,130,130,130,130,130,130,130,130,131,131,131,131,131,131,131,131,131,131,131,132,132,132,132,132,132,132,132,132,132,132,133,133,133,133,133,133,133,133,133,134,134,134,134,134,134,134,135,135,135,135,136,136,136,136,136,136,137,137,137,138,138,138,138,139,139,140,140,141,141,141,143,143,144,144,145,146,146,146,147,149,150,155,161,161
Fitness 0,004975124, Gen ;0,6667;0,4;0,3333;0,3333;0,3333;0,1667;0,6;0,3;0,6667;0,6667;0,6;0,4;0,1273;0,375;0,6;0,1;0,5;0,6;0,95;0,2618;0,55
,99,99,99,100,100,100,100,100,100,101,101,101,101,101,101,102,102,102,102,102,102,102,102,103,103,103,103,103,103,103,103,104,104,104,104,104,104,104,105,105,105,105,105,106,106,106,106,107,107,107,107,107,107,107,107,107,108,108,108,108,108,108,109,109,109,109,109,109,109,109,109,110,110,110,110,110,110,110,110,111,111,111,111,111,111,111,111,111,111,111,111,111,112,112,112,112,112,112,112,112,112,112,112,113,113,113,113,113,113,113,113,113,114,114,114,114,114,114,115,115,115,115,115,116,116,116,116,116,117,117,118,118,118,118,118,120,120,120,120,121,121,122,122,122,123,123,124,124,124,125,125,125,126,126,126,126,127,127,128,128,129,129,129,130,130,131,131,132,132,133,133,133,134,135,135,136,137,137,137,138,138,139,140,141,143,143,145,145,146,147,148,150,152,153,158,165,168,174
Fitness 0,004975124, Gen ;0,6667;0,4;0,3333;0,3333;0,3333;0,1667;0,6;0,3;0,6667;0,6667;0,6;0,4;0,1273;0,375;0,6;0,1;0,5;0,6;0,95;0,2618;0,55
,116,116,117,117,117,118,118,119,119,119,120,120,120,120,121,121,122,122,122,122,122,124,124,125,125,127,127,127,127,127,127,128,130,131,156,159,160,161,161,162,164,164,165,166,166,166,166,166,166,166,167,167,167,167,167,167,167,167,167,167,167,167,167,167,167,167,168,168,168,168,168,168,168,168,168,168,168,169,169,169,169,169,169,169,169,170,170,170,170,170,171,172
Fitness 0,004975124, Gen ;0,6667;0,4;0,3333;0,3333;0,3333;0,1667;0,6;0,3;0,6667;0,6667;0,6;0,4;0,1273;0,375;0,6;0,1;0,5;0,6;0,95;0,2618;0,55
,101,101,102,102,105,105,105,105,105,106,106,110,110,110,110,111,111,111,111,111,111,112,112,112,112,112,112,112,112,112,112,113,113,113,113,113,113,113,113,113,114,114,114,114,114,114,114,114,115,115,115,115,115,115,115,115,116,116,116,116,116,116,116,116,117,117,117,117,117,117,117,117,117,117,117,117,117,118,118,118,118,118,118,118,118,118,118,118,118,118,118,118,118,118,118,118,119,119,119,119,119,119,119,119,119,119,119,119,119,119,120,120,120,120,120,120,120,120,120,120,121,121,121,121,121,121,121,121,122,122,122,122,122,122,122,122,122,123,123,123,123,123,123,123,123,123,123,124,124,124,124,124,124,124,125,125,125,125,125,125,125,125,126,126,126,126,126,127,127,127,127,127,128,128,128,129,129,129,129,129,130,130,130,131,131,131,132,132,132,132,133,134,134,134
Fitness 0,004975124, Gen ;0,6667;0,4;0,3333;0,3333;0,3333;0,1667;0,6;0,3;0,6667;0,6667;0,6;0,4;0,1273;0,375;0,6;0,1;0,5;0,6;0,95;0,2618;0,55
,120,120,120,120,120,120,121,121,121,121,121,122,122,122,122,122,123,123,123,123,123,123,123,123,124,124,124,124,124,125,125,125,125,125,125,125,125,126,126,126,126,127,127,127,128,128,128,128,129,129,129,129,129,129,129,130,130,131,131,131,131,132,132,132,132,132,132,132,132,132,132,132,132,132,132,132,133,133,133,133,133,134,134,134,134,134,134,134,135,135,136,136,136,136,136,136,136,136,137,137,137,137,137,137,137,137,137,138,138,138,138,138,139,139,139,139,140,140,140,140,140,141,141,141,141,142,142,142,142,143,143,143,143,143,143,144,144,144,144,144,145,145,145,146,146,146,146,147,147,148,148,148,148,149,150,150,152,152,155,156,158,159,160,160,162,162,163,164,164,166,167,169,171,171,174,176,179
