	150Stroembom ovc
	5 Voronoi ovcarjev
Fitness 21,21281, Gen ;0,6667;0,4;0,3333;0,3333;0,3333;0,1667;0,6;0,3;0,6667;0,6667;0,6;0,4;0,1273;0,375;0,6;0,1;0,5;0,6;0,95;0,2618;0,55
,82,82,82,83,83,83,83,83,83,83,83,83,84,84,84,84,84,84,84,84,84,84,85,85,85,85,85,85,85,85,85,85,85,85,85,85,85,85,86,86,86,86,86,86,86,86,86,86,86,86,86,86,86,86,86,86,86,86,86,86,86,86,86,86,87,87,87,87,87,87,87,87,87,87,87,87,87,87,87,87,87,87,88,88,88,88,88,88,88,88,88,88,88,88,89,89,89,89,89,89,89,89,89,90,90,90,90,90,90,90,90,91,91,91,91,91,91,91,91,91,91,92,92,92,92,92,92,92,92,93,93,93,93,93,94,94,94,94,95,95,95,95,95,96,96,96,97,97,97,99
Fitness 0,006622517, Gen ;0,6667;0,4;0,3333;0,3333;0,3333;0,1667;0,6;0,3;0,6667;0,6667;0,6;0,4;0,1273;0,375;0,6;0,1;0,5;0,6;0,95;0,2618;0,55
,88,89,89,89,90,90,90,90,90,90,90,91,91,91,91,91,91,91,91,92,92,92,92,92,92,92,93,93,93,93,93,93,93,93,93,94,94,94,94,94,94,94,94,94,95,95,95,95,95,95,95,95,95,95,95,95,95,95,95,95,96,96,96,96,96,96,96,96,96,96,96,96,96,96,96,97,97,97,97,97,97,97,97,97,97,98,98,98,98,98,98,98,98,98,99,99,99,99,100,100,100,100,101,101,101,101,101,101,102,102,102,102,102,103,103,103,104,104,104,104,104,105,105,105,105,105,106,106,106,106,107,107,107,108,108,108,108,109,110,110,111,111,112,112,112,113,114,114
Fitness 0,006622517, Gen ;0,6667;0,4;0,3333;0,3333;0,3333;0,1667;0,6;0,3;0,6667;0,6667;0,6;0,4;0,1273;0,375;0,6;0,1;0,5;0,6;0,95;0,2618;0,55
,87,88,88,88,88,89,89,89,89,89,89,89,89,89,90,90,90,90,90,90,90,90,90,90,90,90,91,91,91,91,91,91,91,91,91,91,91,91,91,91,91,92,92,92,92,92,92,92,92,92,92,92,92,92,92,92,92,92,92,92,92,92,92,92,92,92,92,93,93,93,93,93,93,93,93,93,93,93,93,93,93,93,93,94,94,94,94,94,94,94,94,94,94,94,94,95,95,95,95,95,95,95,96,96,96,96,96,96,96,96,96,97,97,97,97,97,98,98,98,98,98,98,99,99,99,99,99,99,100,100,100,100,100,101,101,101,101,101,102,102,102,103,104,104,105,105,107,107,107
Fitness 23,51679, Gen ;0,6667;0,4;0,3333;0,3333;0,3333;0,1667;0,6;0,3;0,6667;0,6667;0,6;0,4;0,1273;0,375;0,6;0,1;0,5;0,6;0,95;0,2618;0,55
,79,79,80,80,80,80,80,80,80,80,80,80,80,80,80,81,81,81,81,81,81,81,81,81,81,82,82,82,82,82,82,82,82,82,82,82,82,82,83,83,83,83,83,83,83,83,83,83,83,83,83,83,83,83,83,84,84,84,84,84,84,84,84,84,84,84,84,84,84,84,84,84,84,84,84,84,85,85,85,85,85,85,85,85,85,85,85,85,85,85,85,85,86,86,86,86,86,86,86,86,86,86,86,86,87,87,87,87,87,87,87,87,87,87,87,88,88,88,88,88,88,88,88,88,89,89,89,89,89,89,89,89,90,90,90,90,90,91,91,91,92,92,93,93,93,94,94,95,96,96
Fitness 16,25636, Gen ;0,6667;0,4;0,3333;0,3333;0,3333;0,1667;0,6;0,3;0,6667;0,6667;0,6;0,4;0,1273;0,375;0,6;0,1;0,5;0,6;0,95;0,2618;0,55
,86,87,87,87,87,87,88,88,88,88,88,88,88,88,88,88,89,89,89,89,89,89,89,89,89,89,89,89,89,89,89,89,89,90,90,90,90,90,90,90,90,90,90,90,90,90,90,90,90,90,91,91,91,91,91,91,91,91,91,91,91,91,91,91,91,91,91,91,91,92,92,92,92,92,92,92,92,92,92,92,92,92,92,92,92,93,93,93,93,93,93,93,93,93,93,93,93,93,94,94,94,94,94,95,95,95,95,95,95,96,96,96,96,96,96,96,96,97,97,97,97,98,98,98,98,99,99,99,99,99,99,99,99,100,100,100,101,101,101,101,102,102,102,103,103,104,104,105,106,107
Fitness 0,006622517, Gen ;0,6667;0,4;0,3333;0,3333;0,3333;0,1667;0,6;0,3;0,6667;0,6667;0,6;0,4;0,1273;0,375;0,6;0,1;0,5;0,6;0,95;0,2618;0,55
,127,128,128,128,128,128,128,128,128,129,129,129,129,129,129,129,129,129,130,130,130,130,130,130,130,130,130,131,131,131,131,131,131,131,131,131,131,131,131,131,131,132,132,132,132,132,132,132,132,132,132,132,132,133,133,133,133,133,133,133,133,133,133,133,133,133,133,133,133,133,134,134,134,134,134,134,134,134,134,134,134,134,134,134,134,134,134,134,135,135,135,135,135,135,135,135,135,135,135,135,135,136,136,136,136,136,136,136,136,136,137,137,137,137,137,137,145,147,147,147,148,149,149,149,149,150,150,151,151,152,153
Fitness 0,006622517, Gen ;0,6667;0,4;0,3333;0,3333;0,3333;0,1667;0,6;0,3;0,6667;0,6667;0,6;0,4;0,1273;0,375;0,6;0,1;0,5;0,6;0,95;0,2618;0,55
,103,103,103,103,103,104,104,104,104,104,105,105,105,105,105,106,106,106,106,106,106,107,107,107,107,107,107,108,108,108,108,109,109,109,109,109,109,110,110,110,111,111,111,111,111,111,111,111,112,112,112,112,112,112,112,112,112,112,112,112,112,112,112,113,113,113,113,113,113,113,113,113,113,113,113,113,113,113,114,114,114,114,114,114,114,114,114,114,114,114,115,115,115,115,115,115,115,116,116,116,116,116,116,116,117,117,117,117,117,117,118,118,118,118,119,119,119,120,120,121,121,121,121,122,123,123,124,124,125,128,128,130,130
Fitness 0,006622517, Gen ;0,6667;0,4;0,3333;0,3333;0,3333;0,1667;0,6;0,3;0,6667;0,6667;0,6;0,4;0,1273;0,375;0,6;0,1;0,5;0,6;0,95;0,2618;0,55
,94,94,94,94,95,95,95,95,95,95,95,95,95,96,96,96,96,96,96,96,96,96,96,96,97,97,97,97,97,97,97,97,97,97,97,97,97,97,97,97,97,98,98,98,98,98,98,98,98,98,98,98,98,98,98,98,98,98,99,99,99,99,99,99,99,99,99,99,99,99,99,99,99,99,99,100,100,100,100,100,100,100,100,100,100,100,101,101,101,101,101,101,101,101,101,101,102,102,102,102,102,102,102,102,102,103,103,103,103,103,103,104,104,104,104,105,105,105,105,105,106,106,106,106,106,106,107,107,108,108,108,108,108,109,109,109,110,110,110,111,111,112,113,114
Fitness 14,5532, Gen ;0,6667;0,4;0,3333;0,3333;0,3333;0,1667;0,6;0,3;0,6667;0,6667;0,6;0,4;0,1273;0,375;0,6;0,1;0,5;0,6;0,95;0,2618;0,55
,92,92,92,92,92,92,93,93,93,93,93,93,93,93,93,94,94,94,94,94,94,94,94,94,94,94,94,94,94,95,95,95,95,95,95,95,95,95,95,95,95,95,95,95,95,95,95,95,95,96,96,96,96,96,96,96,96,96,96,96,96,96,96,96,96,97,97,97,97,97,97,97,97,97,97,97,97,97,97,98,98,98,98,98,98,98,98,98,98,99,99,99,99,99,99,99,99,99,99,99,100,100,100,100,100,100,100,100,100,100,101,101,101,101,101,101,101,101,101,102,102,102,102,102,102,102,103,103,103,103,103,103,104,104,104,104,105,105,105,105,105,106,106,106,106,107,108,108,109,109
Fitness 20,29089, Gen ;0,6667;0,4;0,3333;0,3333;0,3333;0,1667;0,6;0,3;0,6667;0,6667;0,6;0,4;0,1273;0,375;0,6;0,1;0,5;0,6;0,95;0,2618;0,55
,82,83,83,84,84,84,84,84,84,84,85,85,85,85,85,85,85,85,85,85,86,86,86,86,86,86,86,86,86,86,86,86,86,86,86,86,87,87,87,87,87,87,87,87,87,87,87,87,87,87,87,87,87,87,87,87,87,88,88,88,88,88,88,88,88,88,88,88,88,88,88,88,88,88,88,88,88,89,89,89,89,89,89,89,89,89,89,89,89,89,89,90,90,90,90,90,90,90,91,91,91,91,91,91,91,91,91,92,92,92,92,92,92,92,93,93,93,93,93,93,93,94,94,94,94,94,94,95,95,95,95,95,96,96,96,96,96,96,97,97,97,98,98,98,99,99,99,99,100,100
Fitness 16,3283, Gen ;0,6667;0,4;0,3333;0,3333;0,3333;0,1667;0,6;0,3;0,6667;0,6667;0,6;0,4;0,1273;0,375;0,6;0,1;0,5;0,6;0,95;0,2618;0,55
,87,87,87,87,87,87,87,87,88,88,88,88,88,88,88,88,88,88,88,89,89,89,89,89,89,89,89,89,90,90,90,90,90,90,90,90,90,90,90,90,91,91,91,91,91,91,91,91,91,91,91,91,91,92,92,92,92,92,92,92,92,92,92,92,92,92,92,92,92,92,92,92,92,93,93,93,93,93,93,93,93,93,93,93,93,93,93,93,93,94,94,94,94,94,94,94,94,94,94,95,95,95,95,95,95,96,96,96,96,96,96,96,96,97,97,97,97,97,97,97,98,98,98,98,98,98,99,99,100,100,100,100,101,101,101,101,102,102,102,102,102,103,103,103,104,105,105,105,106,107
Fitness 0,006622517, Gen ;0,6667;0,4;0,3333;0,3333;0,3333;0,1667;0,6;0,3;0,6667;0,6667;0,6;0,4;0,1273;0,375;0,6;0,1;0,5;0,6;0,95;0,2618;0,55
,93,93,94,94,94,94,94,94,95,95,95,95,95,96,96,96,96,96,96,96,96,97,97,97,97,97,97,97,98,98,98,98,98,98,98,99,99,99,99,99,99,99,99,99,99,100,100,100,100,101,101,101,101,101,101,101,101,101,101,101,101,101,101,101,101,102,102,102,102,102,102,102,102,102,102,102,102,102,102,102,103,103,103,103,103,104,104,104,104,104,104,105,105,105,105,105,106,106,106,106,106,107,107,107,107,108,108,108,108,108,108,108,109,109,110,110,110,110,110,111,111,111,111,111,112,112,112,112,113,113,114,114,115,115,116,116,117,117,118,118,119,119,121
Fitness 10,06611, Gen ;0,6667;0,4;0,3333;0,3333;0,3333;0,1667;0,6;0,3;0,6667;0,6667;0,6;0,4;0,1273;0,375;0,6;0,1;0,5;0,6;0,95;0,2618;0,55
,100,100,101,101,101,101,101,101,101,101,101,102,102,102,102,102,102,102,102,102,102,102,103,103,103,103,103,103,103,103,103,103,103,103,103,103,103,103,104,104,104,104,104,104,104,104,104,104,104,104,104,104,104,104,104,104,104,104,104,104,104,105,105,105,105,105,105,105,105,105,105,105,105,105,105,105,105,106,106,106,106,106,106,106,106,106,107,107,107,107,107,107,107,107,108,108,108,108,108,108,108,108,109,109,109,109,109,109,109,110,110,110,110,110,110,110,111,111,111,111,111,111,111,111,111,112,112,112,112,112,112,112,113,113,113,113,114,114,114,114,114,115,115,115,115,116,116,117,117,118
Fitness 11,79214, Gen ;0,6667;0,4;0,3333;0,3333;0,3333;0,1667;0,6;0,3;0,6667;0,6667;0,6;0,4;0,1273;0,375;0,6;0,1;0,5;0,6;0,95;0,2618;0,55
,100,100,100,100,100,101,101,101,101,101,101,101,101,101,101,101,101,101,101,101,101,102,102,102,102,102,102,102,102,102,102,102,102,102,102,102,102,102,102,102,102,102,102,102,103,103,103,103,103,103,103,103,103,103,103,103,103,103,103,103,103,103,103,103,103,103,103,103,104,104,104,104,104,104,104,104,104,104,104,104,104,104,104,104,105,105,105,105,105,105,105,105,105,105,105,106,106,106,106,106,106,106,106,106,106,107,107,107,107,107,107,107,107,107,108,108,108,108,108,108,108,109,109,109,109,109,109,109,109,110,110,110,110,110,110,110,110,111,111,111,111,111,111,112,112,112,112,113,113,113
Fitness 17,67164, Gen ;0,6667;0,4;0,3333;0,3333;0,3333;0,1667;0,6;0,3;0,6667;0,6667;0,6;0,4;0,1273;0,375;0,6;0,1;0,5;0,6;0,95;0,2618;0,55
,88,89,89,89,89,89,89,90,90,90,90,90,90,90,90,90,90,90,91,91,91,91,91,91,91,91,91,91,91,91,91,91,91,91,91,91,91,92,92,92,92,92,92,92,92,92,92,92,92,92,92,92,92,92,92,92,93,93,93,93,93,93,93,93,93,93,93,93,93,93,93,94,94,94,94,94,94,94,94,94,94,94,94,94,94,94,94,94,94,94,94,94,95,95,95,95,95,95,95,95,95,95,95,95,96,96,96,96,96,96,96,96,96,97,97,97,97,97,97,97,97,97,97,98,98,98,98,98,98,98,98,98,99,99,99,99,99,99,99,99,100,100,100,101,101,102,102,102,103,104
Fitness 0,006622517, Gen ;0,6667;0,4;0,3333;0,3333;0,3333;0,1667;0,6;0,3;0,6667;0,6667;0,6;0,4;0,1273;0,375;0,6;0,1;0,5;0,6;0,95;0,2618;0,55
,114,114,114,115,115,115,115,115,115,115,115,115,115,116,116,116,116,116,116,116,116,116,116,116,116,116,116,116,117,117,117,117,117,117,117,117,117,117,117,117,117,117,117,117,117,117,117,117,118,118,118,118,118,118,118,118,118,118,118,118,118,118,118,118,118,118,118,118,118,119,119,119,119,119,119,119,119,119,119,119,119,120,120,120,120,120,120,120,120,120,120,120,121,121,121,121,121,122,122,122,122,122,122,122,122,123,123,123,123,123,123,123,124,124,124,124,124,125,125,125,125,125,126,126,126,126,127,127,127,127,128,129,129,129,129,131,131,132,133,135,136,140,140,141,142,148
Fitness 0,006622517, Gen ;0,6667;0,4;0,3333;0,3333;0,3333;0,1667;0,6;0,3;0,6667;0,6667;0,6;0,4;0,1273;0,375;0,6;0,1;0,5;0,6;0,95;0,2618;0,55
,91,91,92,92,92,92,93,93,93,93,93,94,94,94,94,94,94,94,95,95,95,95,95,95,95,95,95,95,96,96,96,96,96,96,96,97,97,97,97,97,97,97,97,98,98,98,98,98,98,98,98,98,98,99,99,99,99,99,99,99,99,100,100,100,100,100,100,100,100,100,100,101,101,101,101,101,101,101,101,101,101,102,102,102,102,102,102,103,103,103,103,103,104,104,104,104,105,105,105,105,105,105,105,106,106,106,106,106,106,107,107,107,108,108,108,108,109,109,109,109,109,110,110,110,110,110,111,111,111,112,112,112,112,113,113,114,114,114,114,115,115,115
Fitness 12,10069, Gen ;0,6667;0,4;0,3333;0,3333;0,3333;0,1667;0,6;0,3;0,6667;0,6667;0,6;0,4;0,1273;0,375;0,6;0,1;0,5;0,6;0,95;0,2618;0,55
,81,82,82,82,82,82,83,83,83,83,83,83,83,83,83,84,84,84,84,84,84,84,84,84,85,85,85,85,85,85,85,85,85,85,85,85,85,86,86,86,86,86,86,86,86,86,86,86,86,86,86,86,86,86,86,87,87,87,87,87,87,87,87,87,87,87,87,87,87,87,87,87,87,87,87,87,88,88,88,88,88,88,88,88,88,89,89,89,89,89,89,89,89,89,89,89,89,90,90,90,90,90,90,90,90,91,91,91,91,91,91,91,91,91,92,92,92,92,92,92,92,92,93,93,93,93,93,94,94,94,94,94,94,94,95,95,95,95,96,96,96,96,97,97,97,98,98,98,98,119
Fitness 0,006622517, Gen ;0,6667;0,4;0,3333;0,3333;0,3333;0,1667;0,6;0,3;0,6667;0,6667;0,6;0,4;0,1273;0,375;0,6;0,1;0,5;0,6;0,95;0,2618;0,55
,93,94,94,94,94,94,94,95,95,95,95,95,95,95,96,96,96,96,96,96,96,96,96,96,96,97,97,97,97,97,97,97,97,97,97,98,98,98,98,98,98,98,98,98,98,98,98,98,99,99,99,99,99,99,99,99,99,99,99,99,99,99,99,100,100,100,100,100,100,100,100,100,100,100,100,100,100,100,101,101,101,101,101,101,101,101,101,102,102,102,102,103,103,103,103,103,103,103,103,104,104,104,104,104,105,105,105,105,105,105,106,106,106,106,106,106,107,107,107,107,107,108,108,108,108,109,109,109,109,110,110,110,110,110,111,111,111,111,112,113,113,113,113,114,114,115,115,115,115
Fitness 14,17744, Gen ;0,6667;0,4;0,3333;0,3333;0,3333;0,1667;0,6;0,3;0,6667;0,6667;0,6;0,4;0,1273;0,375;0,6;0,1;0,5;0,6;0,95;0,2618;0,55
,92,92,92,92,92,92,92,92,92,93,93,93,93,93,93,93,93,93,93,93,93,93,93,93,93,94,94,94,94,94,94,94,94,94,94,94,94,94,94,94,94,94,94,94,94,94,95,95,95,95,95,95,95,95,95,95,95,95,95,95,95,95,95,95,95,96,96,96,96,96,96,96,96,96,96,96,96,96,96,97,97,97,97,97,97,97,97,97,97,97,98,98,98,98,98,98,98,98,98,98,99,99,99,99,99,99,99,100,100,100,100,100,100,100,100,100,101,101,101,101,101,101,101,102,102,102,102,103,103,103,103,104,104,104,104,104,104,105,105,106,106,106,107,107,107,107,108,110,110,110
Fitness 18,77596, Gen ;0,6667;0,4;0,3333;0,3333;0,3333;0,1667;0,6;0,3;0,6667;0,6667;0,6;0,4;0,1273;0,375;0,6;0,1;0,5;0,6;0,95;0,2618;0,55
,82,83,83,83,83,83,83,83,83,84,84,84,84,84,84,84,84,84,84,85,85,85,85,85,85,85,85,85,85,85,85,85,86,86,86,86,86,86,86,86,86,86,86,86,86,86,86,86,86,86,86,86,87,87,87,87,87,87,87,87,87,87,87,87,87,87,87,87,87,87,87,88,88,88,88,88,88,88,88,88,88,88,88,88,89,89,89,89,89,89,89,89,89,89,89,89,89,90,90,90,90,90,90,90,90,90,90,90,90,91,91,91,91,91,91,91,91,91,91,91,91,92,92,92,92,92,92,92,92,92,93,93,93,93,93,93,93,94,94,94,94,95,95,95,96,96,96,97,97,104
Fitness 1,775736, Gen ;0,6667;0,4;0,3333;0,3333;0,3333;0,1667;0,6;0,3;0,6667;0,6667;0,6;0,4;0,1273;0,375;0,6;0,1;0,5;0,6;0,95;0,2618;0,55
,84,84,84,84,84,84,85,85,85,85,85,85,86,88,89,89,89,89,89,89,89,89,90,90,90,90,90,90,90,90,90,90,90,90,90,90,90,91,91,91,91,91,91,91,91,91,91,91,91,91,91,91,91,91,91,91,91,91,91,92,92,92,92,92,92,92,92,92,92,92,92,92,92,92,92,92,93,93,93,93,93,93,93,93,93,93,93,93,93,93,93,94,94,94,94,94,94,94,94,94,95,95,95,95,95,95,95,95,95,95,96,96,96,96,96,96,96,96,97,97,97,97,97,97,98,98,98,99,99,99,99,100,100,100,100,101,101,101,102,102,102,103,103,104,104,105,105,152,154,156
Fitness 0,006622517, Gen ;0,6667;0,4;0,3333;0,3333;0,3333;0,1667;0,6;0,3;0,6667;0,6667;0,6;0,4;0,1273;0,375;0,6;0,1;0,5;0,6;0,95;0,2618;0,55
,93,93,93,93,94,94,94,94,94,94,94,94,95,95,95,95,95,95,95,95,95,96,96,96,96,96,96,97,97,97,97,97,97,97,97,97,97,98,98,98,98,98,98,98,98,98,98,99,99,99,99,99,99,99,99,99,99,99,99,99,99,99,99,99,99,99,99,99,100,100,100,100,100,100,100,100,100,100,100,101,101,101,101,101,101,101,101,101,101,101,102,102,102,102,102,102,103,103,103,103,103,103,103,103,104,104,104,104,104,104,104,105,105,105,105,105,105,105,105,106,106,106,106,106,107,107,107,107,108,108,108,108,108,109,109,109,110,110,110,110,111,112,112,112,113
Fitness 20,98743, Gen ;0,6667;0,4;0,3333;0,3333;0,3333;0,1667;0,6;0,3;0,6667;0,6667;0,6;0,4;0,1273;0,375;0,6;0,1;0,5;0,6;0,95;0,2618;0,55
,84,84,84,85,85,85,85,85,85,85,85,86,86,86,86,86,86,86,86,86,86,86,86,86,86,86,86,87,87,87,87,87,87,87,87,87,87,87,87,87,87,87,87,87,87,88,88,88,88,88,88,88,88,88,88,88,88,88,88,88,88,88,88,88,88,88,88,88,88,89,89,89,89,89,89,89,89,89,89,89,89,89,89,89,89,90,90,90,90,90,90,90,90,90,90,90,90,90,90,90,91,91,91,91,91,91,91,91,91,91,91,91,92,92,92,92,92,92,92,92,92,93,93,93,93,93,93,93,94,94,94,94,94,94,95,95,95,95,95,95,96,96,96,97,97,97,98,98,99,99
Fitness 0,006622517, Gen ;0,6667;0,4;0,3333;0,3333;0,3333;0,1667;0,6;0,3;0,6667;0,6667;0,6;0,4;0,1273;0,375;0,6;0,1;0,5;0,6;0,95;0,2618;0,55
,103,104,104,104,104,104,104,104,104,104,105,105,105,105,105,105,105,105,105,105,105,106,106,106,106,106,106,106,106,106,106,106,106,107,107,107,107,107,107,107,107,107,107,107,107,108,108,108,108,108,108,108,108,108,108,108,108,108,108,108,108,109,109,109,109,109,109,109,109,109,109,109,109,109,109,109,109,109,110,110,110,110,110,110,110,110,110,110,110,111,111,111,111,111,111,111,111,111,112,112,112,112,112,112,112,112,112,113,113,113,113,113,113,113,113,114,114,114,114,114,114,115,115,115,115,115,116,116,116,116,116,116,116,116,117,117,117,117,117,118,118,119,119
Fitness 0,006622517, Gen ;0,6667;0,4;0,3333;0,3333;0,3333;0,1667;0,6;0,3;0,6667;0,6667;0,6;0,4;0,1273;0,375;0,6;0,1;0,5;0,6;0,95;0,2618;0,55
,113,114,114,114,114,114,114,114,115,115,115,115,115,115,115,115,115,115,115,115,116,116,116,116,116,116,116,116,116,116,116,116,116,116,117,117,117,117,117,117,117,117,117,117,117,117,117,117,117,117,117,118,118,118,118,118,118,118,118,118,118,118,118,118,118,118,118,119,119,119,119,119,119,119,119,119,119,119,119,119,119,119,119,120,120,120,120,120,120,120,120,120,120,120,120,120,120,120,120,121,121,121,121,121,121,121,121,121,121,121,122,122,122,122,122,122,122,122,123,123,123,123,123,123,123,123,123,123,124,124,124,124,125,125,125,125,125,125,125,126,126,153,153,162,172,172
Fitness 9,6745, Gen ;0,6667;0,4;0,3333;0,3333;0,3333;0,1667;0,6;0,3;0,6667;0,6667;0,6;0,4;0,1273;0,375;0,6;0,1;0,5;0,6;0,95;0,2618;0,55
,92,93,93,93,93,93,93,93,93,94,94,94,94,94,94,94,94,94,94,94,94,94,95,95,95,95,95,95,95,95,95,95,95,95,95,95,95,95,95,96,96,96,96,96,96,96,96,96,96,96,96,96,96,96,96,96,96,96,96,97,97,97,97,97,97,97,97,97,97,97,97,97,97,97,97,97,97,97,97,98,98,98,98,98,98,98,98,98,98,98,98,98,98,98,98,98,98,99,99,99,99,99,99,99,99,99,99,99,99,99,100,100,100,100,100,100,100,100,100,100,100,100,101,101,101,101,101,101,101,102,102,103,103,104,104,106,112,114,115,117,117,117,118,118,119,120,120,120,121,122
Fitness 4,184176, Gen ;0,6667;0,4;0,3333;0,3333;0,3333;0,1667;0,6;0,3;0,6667;0,6667;0,6;0,4;0,1273;0,375;0,6;0,1;0,5;0,6;0,95;0,2618;0,55
,71,71,72,72,85,85,85,86,86,86,86,86,86,86,87,87,87,87,87,87,87,87,88,88,88,88,88,88,88,88,88,88,89,89,89,89,89,89,89,89,89,89,89,89,89,89,89,89,89,90,90,90,90,90,90,90,90,90,90,90,90,90,90,90,90,90,90,90,91,91,91,91,91,91,91,91,91,91,92,92,92,92,92,92,92,92,92,93,93,93,93,93,93,93,93,93,93,93,94,94,94,94,94,94,94,95,95,95,95,95,95,95,95,96,96,96,96,96,96,96,97,97,97,97,97,97,97,97,98,98,98,98,99,99,99,100,100,100,100,100,101,101,102,102,102,102,102,103,103,143
Fitness 17,49321, Gen ;0,6667;0,4;0,3333;0,3333;0,3333;0,1667;0,6;0,3;0,6667;0,6667;0,6;0,4;0,1273;0,375;0,6;0,1;0,5;0,6;0,95;0,2618;0,55
,88,89,89,89,89,89,89,89,90,90,90,90,90,90,90,90,90,90,90,90,90,91,91,91,91,91,91,91,91,91,91,91,91,91,91,92,92,92,92,92,92,92,92,92,92,92,92,92,92,92,92,92,92,92,92,92,92,92,92,92,92,92,92,93,93,93,93,93,93,93,93,93,93,93,93,93,93,93,93,93,93,94,94,94,94,94,94,94,94,94,94,95,95,95,95,95,95,95,95,95,96,96,96,96,96,96,96,96,97,97,97,97,97,97,97,97,97,97,97,98,98,98,98,98,98,98,99,99,99,99,99,99,99,99,100,100,100,100,100,100,101,101,101,102,102,102,103,103,103,104
Fitness 0,006622517, Gen ;0,6667;0,4;0,3333;0,3333;0,3333;0,1667;0,6;0,3;0,6667;0,6667;0,6;0,4;0,1273;0,375;0,6;0,1;0,5;0,6;0,95;0,2618;0,55
,88,88,89,89,89,89,89,90,90,90,90,90,90,90,90,91,91,91,91,91,91,91,91,92,92,92,92,92,92,92,92,92,92,93,93,93,93,93,93,93,93,93,93,93,94,94,94,94,94,94,94,94,94,94,94,94,94,94,94,94,94,94,94,94,94,94,95,95,95,95,95,95,95,95,95,95,95,95,95,95,96,96,96,96,96,96,96,96,96,96,96,96,97,97,97,97,97,97,97,97,97,97,98,98,98,98,98,98,99,99,99,99,99,99,99,100,100,100,100,100,100,101,101,101,101,101,101,102,102,102,102,102,103,103,103,103,104,104,104,104,104,105,105,105,106,106,107,107,108
