	150Stroembom ovc
	1 Voronoi ovcarjev
Fitness 8,056749E-05, Gen ;0,6667;0,4;0,3333;0,3333;0,3333;0,1667;0,6;0,3;0,6667;0,6667;0,6;0,4;0,1273;0,375;0,6;0,1;0,5;0,6;0,95;0,2618;0,55
,126,127,127,127,127,128,128,128,128,128,128,128,128,129,129,129,129,129,129,130,130,130,130,130,130,130,130,131,131,131,131,131,131,131,131,132,132,132,132,132,133,133,133,133,133,133,133,133,134,135,136,138,138,138,138,138,138,139,139,139,139,140,140,140,140,140,140,140,140,141,141,141,142,142,142,142,142,142,142,143,150,150,150,150,150,151,151,151,151,151,151,151,151,152,152,152,152,153,153,153,153,153,153
Fitness 7,138238E-05, Gen ;0,6667;0,4;0,3333;0,3333;0,3333;0,1667;0,6;0,3;0,6667;0,6667;0,6;0,4;0,1273;0,375;0,6;0,1;0,5;0,6;0,95;0,2618;0,55

Fitness 4,643687E-05, Gen ;0,6667;0,4;0,3333;0,3333;0,3333;0,1667;0,6;0,3;0,6667;0,6667;0,6;0,4;0,1273;0,375;0,6;0,1;0,5;0,6;0,95;0,2618;0,55
,99
Fitness 6,2871E-05, Gen ;0,6667;0,4;0,3333;0,3333;0,3333;0,1667;0,6;0,3;0,6667;0,6667;0,6;0,4;0,1273;0,375;0,6;0,1;0,5;0,6;0,95;0,2618;0,55

Fitness 0,0001196881, Gen ;0,6667;0,4;0,3333;0,3333;0,3333;0,1667;0,6;0,3;0,6667;0,6667;0,6;0,4;0,1273;0,375;0,6;0,1;0,5;0,6;0,95;0,2618;0,55

Fitness 7,186746E-05, Gen ;0,6667;0,4;0,3333;0,3333;0,3333;0,1667;0,6;0,3;0,6667;0,6667;0,6;0,4;0,1273;0,375;0,6;0,1;0,5;0,6;0,95;0,2618;0,55

Fitness 7,077552E-05, Gen ;0,6667;0,4;0,3333;0,3333;0,3333;0,1667;0,6;0,3;0,6667;0,6667;0,6;0,4;0,1273;0,375;0,6;0,1;0,5;0,6;0,95;0,2618;0,55

Fitness 0,0001400325, Gen ;0,6667;0,4;0,3333;0,3333;0,3333;0,1667;0,6;0,3;0,6667;0,6667;0,6;0,4;0,1273;0,375;0,6;0,1;0,5;0,6;0,95;0,2618;0,55

Fitness 6,558186E-05, Gen ;0,6667;0,4;0,3333;0,3333;0,3333;0,1667;0,6;0,3;0,6667;0,6667;0,6;0,4;0,1273;0,375;0,6;0,1;0,5;0,6;0,95;0,2618;0,55

Fitness 5,14905E-05, Gen ;0,6667;0,4;0,3333;0,3333;0,3333;0,1667;0,6;0,3;0,6667;0,6667;0,6;0,4;0,1273;0,375;0,6;0,1;0,5;0,6;0,95;0,2618;0,55

Fitness 8,576269E-05, Gen ;0,6667;0,4;0,3333;0,3333;0,3333;0,1667;0,6;0,3;0,6667;0,6667;0,6;0,4;0,1273;0,375;0,6;0,1;0,5;0,6;0,95;0,2618;0,55

Fitness 5,589456E-05, Gen ;0,6667;0,4;0,3333;0,3333;0,3333;0,1667;0,6;0,3;0,6667;0,6667;0,6;0,4;0,1273;0,375;0,6;0,1;0,5;0,6;0,95;0,2618;0,55

Fitness 0,0001000645, Gen ;0,6667;0,4;0,3333;0,3333;0,3333;0,1667;0,6;0,3;0,6667;0,6667;0,6;0,4;0,1273;0,375;0,6;0,1;0,5;0,6;0,95;0,2618;0,55

Fitness 0,0001181831, Gen ;0,6667;0,4;0,3333;0,3333;0,3333;0,1667;0,6;0,3;0,6667;0,6667;0,6;0,4;0,1273;0,375;0,6;0,1;0,5;0,6;0,95;0,2618;0,55
,153,154,154,154,154,155,155,155,155,155,155,155,155,155,156,156,156,156,156,156,156,156,156,156,157,157,157,157,157,157,157,157,157,158,158,158,158,158,158,158,158,158,158,158,158,159,159,159,159,159,159,159,159,159,159,159,159,159,159,159,159,159,160,160,160,160,160,160,160,160,160,160,160,160,160,160,160,160,161,161,161,161,161,161,161,161,161,161,161,161,161,161,162,162,162,162,162,162,162,162,162,162,163,163,163,163,163,163,163,163,163,163,163,163,163,163,164,164,164,164,164,164,164,164,164,164,164,165,165,165,165,165,165,165,165,166,166,166,167,167,167,167,167,168,168,168,169
Fitness 7,04259E-05, Gen ;0,6667;0,4;0,3333;0,3333;0,3333;0,1667;0,6;0,3;0,6667;0,6667;0,6;0,4;0,1273;0,375;0,6;0,1;0,5;0,6;0,95;0,2618;0,55

Fitness 5,450466E-05, Gen ;0,6667;0,4;0,3333;0,3333;0,3333;0,1667;0,6;0,3;0,6667;0,6667;0,6;0,4;0,1273;0,375;0,6;0,1;0,5;0,6;0,95;0,2618;0,55

Fitness 6,941618E-05, Gen ;0,6667;0,4;0,3333;0,3333;0,3333;0,1667;0,6;0,3;0,6667;0,6667;0,6;0,4;0,1273;0,375;0,6;0,1;0,5;0,6;0,95;0,2618;0,55

Fitness 6,63313E-05, Gen ;0,6667;0,4;0,3333;0,3333;0,3333;0,1667;0,6;0,3;0,6667;0,6667;0,6;0,4;0,1273;0,375;0,6;0,1;0,5;0,6;0,95;0,2618;0,55

Fitness 0,0001613318, Gen ;0,6667;0,4;0,3333;0,3333;0,3333;0,1667;0,6;0,3;0,6667;0,6667;0,6;0,4;0,1273;0,375;0,6;0,1;0,5;0,6;0,95;0,2618;0,55

Fitness 4,185916E-05, Gen ;0,6667;0,4;0,3333;0,3333;0,3333;0,1667;0,6;0,3;0,6667;0,6667;0,6;0,4;0,1273;0,375;0,6;0,1;0,5;0,6;0,95;0,2618;0,55

Fitness 6,542342E-05, Gen ;0,6667;0,4;0,3333;0,3333;0,3333;0,1667;0,6;0,3;0,6667;0,6667;0,6;0,4;0,1273;0,375;0,6;0,1;0,5;0,6;0,95;0,2618;0,55
,111,111,111,112,112,112,112,113,113,113,113,113,114,115,115,115,115,116,116,116,116,116,116,116,116,117,117,117,117,117,117,117,117,118,118,118,118,118,118,118,118,118,118,118,119,119,119,119,119,119,119,119,119,119,120,120,120,120,120,120,120,120,120,120,120,120,120,120,120,121,121,121,121,121,121,121,121,121,121,121,121,121,122,122,122,122,122,122,122,122,122,122,122,122,122,122,122,122,122,122,123,123,123,123,123,123,123,123,124,124,124,124,124,124,125
Fitness 5,245109E-05, Gen ;0,6667;0,4;0,3333;0,3333;0,3333;0,1667;0,6;0,3;0,6667;0,6667;0,6;0,4;0,1273;0,375;0,6;0,1;0,5;0,6;0,95;0,2618;0,55

Fitness 9,006583E-05, Gen ;0,6667;0,4;0,3333;0,3333;0,3333;0,1667;0,6;0,3;0,6667;0,6667;0,6;0,4;0,1273;0,375;0,6;0,1;0,5;0,6;0,95;0,2618;0,55

Fitness 0,0001110491, Gen ;0,6667;0,4;0,3333;0,3333;0,3333;0,1667;0,6;0,3;0,6667;0,6667;0,6;0,4;0,1273;0,375;0,6;0,1;0,5;0,6;0,95;0,2618;0,55

Fitness 5,74865E-05, Gen ;0,6667;0,4;0,3333;0,3333;0,3333;0,1667;0,6;0,3;0,6667;0,6667;0,6;0,4;0,1273;0,375;0,6;0,1;0,5;0,6;0,95;0,2618;0,55

Fitness 4,675176E-05, Gen ;0,6667;0,4;0,3333;0,3333;0,3333;0,1667;0,6;0,3;0,6667;0,6667;0,6;0,4;0,1273;0,375;0,6;0,1;0,5;0,6;0,95;0,2618;0,55

Fitness 5,426195E-05, Gen ;0,6667;0,4;0,3333;0,3333;0,3333;0,1667;0,6;0,3;0,6667;0,6667;0,6;0,4;0,1273;0,375;0,6;0,1;0,5;0,6;0,95;0,2618;0,55
,64
Fitness 0,0001143286, Gen ;0,6667;0,4;0,3333;0,3333;0,3333;0,1667;0,6;0,3;0,6667;0,6667;0,6;0,4;0,1273;0,375;0,6;0,1;0,5;0,6;0,95;0,2618;0,55

Fitness 0,0001483384, Gen ;0,6667;0,4;0,3333;0,3333;0,3333;0,1667;0,6;0,3;0,6667;0,6667;0,6;0,4;0,1273;0,375;0,6;0,1;0,5;0,6;0,95;0,2618;0,55
,136,137,137,137,138,138,139,139,139,139,140,140,140,141,141,141,141,142,142,142,142,143,149,150,151,152,152,152,152,153,154,154,155,156,156,156,156,157,159,160,162,163,165,169,169,170
Fitness 7,326328E-05, Gen ;0,6667;0,4;0,3333;0,3333;0,3333;0,1667;0,6;0,3;0,6667;0,6667;0,6;0,4;0,1273;0,375;0,6;0,1;0,5;0,6;0,95;0,2618;0,55

Fitness 5,165163E-05, Gen ;0,6667;0,4;0,3333;0,3333;0,3333;0,1667;0,6;0,3;0,6667;0,6667;0,6;0,4;0,1273;0,375;0,6;0,1;0,5;0,6;0,95;0,2618;0,55

Fitness 5,197548E-05, Gen ;0,6667;0,4;0,3333;0,3333;0,3333;0,1667;0,6;0,3;0,6667;0,6667;0,6;0,4;0,1273;0,375;0,6;0,1;0,5;0,6;0,95;0,2618;0,55

Fitness 8,325437E-05, Gen ;0,6667;0,4;0,3333;0,3333;0,3333;0,1667;0,6;0,3;0,6667;0,6667;0,6;0,4;0,1273;0,375;0,6;0,1;0,5;0,6;0,95;0,2618;0,55

Fitness 5,02661E-05, Gen ;0,6667;0,4;0,3333;0,3333;0,3333;0,1667;0,6;0,3;0,6667;0,6667;0,6;0,4;0,1273;0,375;0,6;0,1;0,5;0,6;0,95;0,2618;0,55

Fitness 4,246343E-05, Gen ;0,6667;0,4;0,3333;0,3333;0,3333;0,1667;0,6;0,3;0,6667;0,6667;0,6;0,4;0,1273;0,375;0,6;0,1;0,5;0,6;0,95;0,2618;0,55

Fitness 4,244257, Gen ;0,6667;0,4;0,3333;0,3333;0,3333;0,1667;0,6;0,3;0,6667;0,6667;0,6;0,4;0,1273;0,375;0,6;0,1;0,5;0,6;0,95;0,2618;0,55
,108,108,109,109,110,110,110,111,111,111,112,112,112,112,112,112,113,113,113,113,113,113,114,114,114,114,114,114,114,115,115,115,115,115,115,115,115,116,116,116,116,116,116,116,116,116,116,116,116,116,116,117,117,117,117,117,117,117,117,117,117,117,117,117,117,117,117,118,118,118,118,118,118,118,118,118,118,118,118,118,118,119,119,119,119,119,119,120,120,120,120,120,121,121,121,121,121,122,122,122,122,122,122,123,123,123,123,123,124,124,124,124,124,125,125,125,126,126,126,126,126,127,127,128,128,128,129,129,129,129,129,130,130,130,130,131,131,131,131,132,132,132,133,133,133,134,134,134,135,135
Fitness 6,778055E-05, Gen ;0,6667;0,4;0,3333;0,3333;0,3333;0,1667;0,6;0,3;0,6667;0,6667;0,6;0,4;0,1273;0,375;0,6;0,1;0,5;0,6;0,95;0,2618;0,55

Fitness 5,585585E-05, Gen ;0,6667;0,4;0,3333;0,3333;0,3333;0,1667;0,6;0,3;0,6667;0,6667;0,6;0,4;0,1273;0,375;0,6;0,1;0,5;0,6;0,95;0,2618;0,55

Fitness 5,07222E-05, Gen ;0,6667;0,4;0,3333;0,3333;0,3333;0,1667;0,6;0,3;0,6667;0,6667;0,6;0,4;0,1273;0,375;0,6;0,1;0,5;0,6;0,95;0,2618;0,55

Fitness 5,664639E-05, Gen ;0,6667;0,4;0,3333;0,3333;0,3333;0,1667;0,6;0,3;0,6667;0,6667;0,6;0,4;0,1273;0,375;0,6;0,1;0,5;0,6;0,95;0,2618;0,55

Fitness 0,0001471888, Gen ;0,6667;0,4;0,3333;0,3333;0,3333;0,1667;0,6;0,3;0,6667;0,6667;0,6;0,4;0,1273;0,375;0,6;0,1;0,5;0,6;0,95;0,2618;0,55

Fitness 4,328212E-05, Gen ;0,6667;0,4;0,3333;0,3333;0,3333;0,1667;0,6;0,3;0,6667;0,6667;0,6;0,4;0,1273;0,375;0,6;0,1;0,5;0,6;0,95;0,2618;0,55

Fitness 5,379913E-05, Gen ;0,6667;0,4;0,3333;0,3333;0,3333;0,1667;0,6;0,3;0,6667;0,6667;0,6;0,4;0,1273;0,375;0,6;0,1;0,5;0,6;0,95;0,2618;0,55

Fitness 9,897209E-05, Gen ;0,6667;0,4;0,3333;0,3333;0,3333;0,1667;0,6;0,3;0,6667;0,6667;0,6;0,4;0,1273;0,375;0,6;0,1;0,5;0,6;0,95;0,2618;0,55

Fitness 0,0001992279, Gen ;0,6667;0,4;0,3333;0,3333;0,3333;0,1667;0,6;0,3;0,6667;0,6667;0,6;0,4;0,1273;0,375;0,6;0,1;0,5;0,6;0,95;0,2618;0,55
,160,160,160,160,160,160,161,162,163,163,164,164,165,165,165,165,165,166,166,166,166,166,166,166,166,166,166,167,167,167,167,167,167,167,167,167,167,168,168,168,168,168,168,168,168,168,168,168,168,168,168,168,168,168,168,168,169,169,169,169,169,169,169,169,169,169,169,169,169,169,169,170,170,170,170,170,170,170,170,170,170,170,170,171,171,171,171,171,171,171,171,171,171,171,171,171,172,172,172,172,172,172,172,172,172,172,172,172,173,173,173,174,174,177,177,177,177,177,178,178,178
Fitness 5,814358E-05, Gen ;0,6667;0,4;0,3333;0,3333;0,3333;0,1667;0,6;0,3;0,6667;0,6667;0,6;0,4;0,1273;0,375;0,6;0,1;0,5;0,6;0,95;0,2618;0,55

Fitness 9,458709E-05, Gen ;0,6667;0,4;0,3333;0,3333;0,3333;0,1667;0,6;0,3;0,6667;0,6667;0,6;0,4;0,1273;0,375;0,6;0,1;0,5;0,6;0,95;0,2618;0,55
,154,155,155,155,155,156,156,156,156,156,156,156,157,157,157,157,157,157,158,158,158,158,158,158,158,158,158,158,158,159,159,159,159,159,159,159,159,159,159,159,160,160,160,160,160,160,160,160,160,161,161,161,161,161,161,161,161,161,161,161,161,161,161,161,161,162,162,162,162,162,162,162,162,162,162,162,162,162,162,162,162,163,163,163,163,163,163,163,163,163,163,163,163,163,163,163,163,164,164,164,164,164,164,164,164,164,164,165,165,165,165,165,165,165,165,165,166,166,166,166,166,166,167
Fitness 5,805882E-05, Gen ;0,6667;0,4;0,3333;0,3333;0,3333;0,1667;0,6;0,3;0,6667;0,6667;0,6;0,4;0,1273;0,375;0,6;0,1;0,5;0,6;0,95;0,2618;0,55

Fitness 7,201247E-05, Gen ;0,6667;0,4;0,3333;0,3333;0,3333;0,1667;0,6;0,3;0,6667;0,6667;0,6;0,4;0,1273;0,375;0,6;0,1;0,5;0,6;0,95;0,2618;0,55

Fitness 4,576602E-05, Gen ;0,6667;0,4;0,3333;0,3333;0,3333;0,1667;0,6;0,3;0,6667;0,6667;0,6;0,4;0,1273;0,375;0,6;0,1;0,5;0,6;0,95;0,2618;0,55

Fitness 6,097149E-05, Gen ;0,6667;0,4;0,3333;0,3333;0,3333;0,1667;0,6;0,3;0,6667;0,6667;0,6;0,4;0,1273;0,375;0,6;0,1;0,5;0,6;0,95;0,2618;0,55

Fitness 4,531039E-05, Gen ;0,6667;0,4;0,3333;0,3333;0,3333;0,1667;0,6;0,3;0,6667;0,6667;0,6;0,4;0,1273;0,375;0,6;0,1;0,5;0,6;0,95;0,2618;0,55

Fitness 5,523733E-05, Gen ;0,6667;0,4;0,3333;0,3333;0,3333;0,1667;0,6;0,3;0,6667;0,6667;0,6;0,4;0,1273;0,375;0,6;0,1;0,5;0,6;0,95;0,2618;0,55

Fitness 9,387332E-05, Gen ;0,6667;0,4;0,3333;0,3333;0,3333;0,1667;0,6;0,3;0,6667;0,6667;0,6;0,4;0,1273;0,375;0,6;0,1;0,5;0,6;0,95;0,2618;0,55

Fitness 0,0001045425, Gen ;0,6667;0,4;0,3333;0,3333;0,3333;0,1667;0,6;0,3;0,6667;0,6667;0,6;0,4;0,1273;0,375;0,6;0,1;0,5;0,6;0,95;0,2618;0,55

Fitness 6,971937E-05, Gen ;0,6667;0,4;0,3333;0,3333;0,3333;0,1667;0,6;0,3;0,6667;0,6667;0,6;0,4;0,1273;0,375;0,6;0,1;0,5;0,6;0,95;0,2618;0,55

Fitness 7,160342E-05, Gen ;0,6667;0,4;0,3333;0,3333;0,3333;0,1667;0,6;0,3;0,6667;0,6667;0,6;0,4;0,1273;0,375;0,6;0,1;0,5;0,6;0,95;0,2618;0,55

Fitness 6,153383E-05, Gen ;0,6667;0,4;0,3333;0,3333;0,3333;0,1667;0,6;0,3;0,6667;0,6667;0,6;0,4;0,1273;0,375;0,6;0,1;0,5;0,6;0,95;0,2618;0,55

Fitness 0,0001295147, Gen ;0,6667;0,4;0,3333;0,3333;0,3333;0,1667;0,6;0,3;0,6667;0,6667;0,6;0,4;0,1273;0,375;0,6;0,1;0,5;0,6;0,95;0,2618;0,55

Fitness 7,755557E-05, Gen ;0,6667;0,4;0,3333;0,3333;0,3333;0,1667;0,6;0,3;0,6667;0,6667;0,6;0,4;0,1273;0,375;0,6;0,1;0,5;0,6;0,95;0,2618;0,55

Fitness 6,218199E-05, Gen ;0,6667;0,4;0,3333;0,3333;0,3333;0,1667;0,6;0,3;0,6667;0,6667;0,6;0,4;0,1273;0,375;0,6;0,1;0,5;0,6;0,95;0,2618;0,55

Fitness 5,121318E-05, Gen ;0,6667;0,4;0,3333;0,3333;0,3333;0,1667;0,6;0,3;0,6667;0,6667;0,6;0,4;0,1273;0,375;0,6;0,1;0,5;0,6;0,95;0,2618;0,55

Fitness 0,0001491503, Gen ;0,6667;0,4;0,3333;0,3333;0,3333;0,1667;0,6;0,3;0,6667;0,6667;0,6;0,4;0,1273;0,375;0,6;0,1;0,5;0,6;0,95;0,2618;0,55

Fitness 8,133404E-05, Gen ;0,6667;0,4;0,3333;0,3333;0,3333;0,1667;0,6;0,3;0,6667;0,6667;0,6;0,4;0,1273;0,375;0,6;0,1;0,5;0,6;0,95;0,2618;0,55

Fitness 6,16693E-05, Gen ;0,6667;0,4;0,3333;0,3333;0,3333;0,1667;0,6;0,3;0,6667;0,6667;0,6;0,4;0,1273;0,375;0,6;0,1;0,5;0,6;0,95;0,2618;0,55

Fitness 6,026835E-05, Gen ;0,6667;0,4;0,3333;0,3333;0,3333;0,1667;0,6;0,3;0,6667;0,6667;0,6;0,4;0,1273;0,375;0,6;0,1;0,5;0,6;0,95;0,2618;0,55

Fitness 0,0001365235, Gen ;0,6667;0,4;0,3333;0,3333;0,3333;0,1667;0,6;0,3;0,6667;0,6667;0,6;0,4;0,1273;0,375;0,6;0,1;0,5;0,6;0,95;0,2618;0,55

Fitness 0,0001531979, Gen ;0,6667;0,4;0,3333;0,3333;0,3333;0,1667;0,6;0,3;0,6667;0,6667;0,6;0,4;0,1273;0,375;0,6;0,1;0,5;0,6;0,95;0,2618;0,55
,179,179,179,179,179,179,179,179
Fitness 7,693769E-05, Gen ;0,6667;0,4;0,3333;0,3333;0,3333;0,1667;0,6;0,3;0,6667;0,6667;0,6;0,4;0,1273;0,375;0,6;0,1;0,5;0,6;0,95;0,2618;0,55

Fitness 6,56631E-05, Gen ;0,6667;0,4;0,3333;0,3333;0,3333;0,1667;0,6;0,3;0,6667;0,6667;0,6;0,4;0,1273;0,375;0,6;0,1;0,5;0,6;0,95;0,2618;0,55

Fitness 5,563681E-05, Gen ;0,6667;0,4;0,3333;0,3333;0,3333;0,1667;0,6;0,3;0,6667;0,6667;0,6;0,4;0,1273;0,375;0,6;0,1;0,5;0,6;0,95;0,2618;0,55

Fitness 5,481626E-05, Gen ;0,6667;0,4;0,3333;0,3333;0,3333;0,1667;0,6;0,3;0,6667;0,6667;0,6;0,4;0,1273;0,375;0,6;0,1;0,5;0,6;0,95;0,2618;0,55

Fitness 0,0001256555, Gen ;0,6667;0,4;0,3333;0,3333;0,3333;0,1667;0,6;0,3;0,6667;0,6667;0,6;0,4;0,1273;0,375;0,6;0,1;0,5;0,6;0,95;0,2618;0,55
,146,146,147,147,147,147,148,148,148,148,148,148,148,148,148,149,149,149,149,149,149,149,149,149,149,150,150,150,150,151,151,151,151,151,151,151,151,152,152,152,152,152,152,152,152,152,152,153,153,153,153,154,154,154,154,154,154,154,154,154,154,154,154,155,155,155,155,155,155,155,155,155,155,155,156,157,157,157,157,157,157,157,158,158,158,161,161,162,162,162,162,162,162,162,162,162,162,162,162,163,166,166,166,166,166,166,167,167,167,167,172,172,172,172
Fitness 6,663329E-05, Gen ;0,6667;0,4;0,3333;0,3333;0,3333;0,1667;0,6;0,3;0,6667;0,6667;0,6;0,4;0,1273;0,375;0,6;0,1;0,5;0,6;0,95;0,2618;0,55
,132,133,133,133,133,133,133,133,133,133,134,134,134,134,134,134,134,134,134,134,134,135,135,135,135,135,135,135,135,135,135,135,135,136,136,136,136,136,136,136,136,136,136,136,136,136,137,137,137,137,137,137,137,137,137,137,137,137,137,137,137,137,137,138,138,138,138,138,138,138,138,138,138,138,138,138,138,138,138,138,138,139,139,139,143,143,143,143,143,144,144,144,144,144,148,148,148,148,148,149,149,149,149,149,150,150,150,150,151
Fitness 9,260268E-05, Gen ;0,6667;0,4;0,3333;0,3333;0,3333;0,1667;0,6;0,3;0,6667;0,6667;0,6;0,4;0,1273;0,375;0,6;0,1;0,5;0,6;0,95;0,2618;0,55

Fitness 5,285869E-05, Gen ;0,6667;0,4;0,3333;0,3333;0,3333;0,1667;0,6;0,3;0,6667;0,6667;0,6;0,4;0,1273;0,375;0,6;0,1;0,5;0,6;0,95;0,2618;0,55

Fitness 0,0001044335, Gen ;0,6667;0,4;0,3333;0,3333;0,3333;0,1667;0,6;0,3;0,6667;0,6667;0,6;0,4;0,1273;0,375;0,6;0,1;0,5;0,6;0,95;0,2618;0,55

Fitness 7,487846E-05, Gen ;0,6667;0,4;0,3333;0,3333;0,3333;0,1667;0,6;0,3;0,6667;0,6667;0,6;0,4;0,1273;0,375;0,6;0,1;0,5;0,6;0,95;0,2618;0,55

Fitness 7,347202E-05, Gen ;0,6667;0,4;0,3333;0,3333;0,3333;0,1667;0,6;0,3;0,6667;0,6667;0,6;0,4;0,1273;0,375;0,6;0,1;0,5;0,6;0,95;0,2618;0,55

Fitness 5,341692E-05, Gen ;0,6667;0,4;0,3333;0,3333;0,3333;0,1667;0,6;0,3;0,6667;0,6667;0,6;0,4;0,1273;0,375;0,6;0,1;0,5;0,6;0,95;0,2618;0,55

Fitness 5,674202E-05, Gen ;0,6667;0,4;0,3333;0,3333;0,3333;0,1667;0,6;0,3;0,6667;0,6667;0,6;0,4;0,1273;0,375;0,6;0,1;0,5;0,6;0,95;0,2618;0,55
,128,128,128,129,129,129,129,129,129,129,129,129,129,129,129,129,129,130,130,130,130,130,130,130,130,130,130,130,130,130,130,130,131,131,131,131,131,131,131,131,131,131,131,131,131,131,131,131,131,132,132,132,132,132,132,132,132,132,132,132,132,132,132,132,132,132,132,133,133,133,133,133,133,133,133,133,133,133,133,133,133,133,133,134,134,134,134,134,134,134,134,134,134,134,134,134,134,134,135,135,135,135,135,135,135,135,135,135,136,136,136,136,136,136,136,136,137,137,137,137,137,138,138,138,138,139,139,139,140,140,140
Fitness 0,000140332, Gen ;0,6667;0,4;0,3333;0,3333;0,3333;0,1667;0,6;0,3;0,6667;0,6667;0,6;0,4;0,1273;0,375;0,6;0,1;0,5;0,6;0,95;0,2618;0,55
,119,119,120,120,120,120,120,120,121,121,121,121,121,121,122,122,122,122,122,122,122,122,123,123,123,123,123,123,123,123,123,124,124,124,124,124,124,124,125,125,125,125,125,126,126,126,126,126,126,126,126,127,127,127,127,127,127,127,128,128,128,128,128,128,128,129,129,129,129,129,130,130,130,130,130,130,130,131,131,131,131,132,132,134,161,163
Fitness 4,72947E-05, Gen ;0,6667;0,4;0,3333;0,3333;0,3333;0,1667;0,6;0,3;0,6667;0,6667;0,6;0,4;0,1273;0,375;0,6;0,1;0,5;0,6;0,95;0,2618;0,55

Fitness 8,883613E-05, Gen ;0,6667;0,4;0,3333;0,3333;0,3333;0,1667;0,6;0,3;0,6667;0,6667;0,6;0,4;0,1273;0,375;0,6;0,1;0,5;0,6;0,95;0,2618;0,55

Fitness 9,757473E-05, Gen ;0,6667;0,4;0,3333;0,3333;0,3333;0,1667;0,6;0,3;0,6667;0,6667;0,6;0,4;0,1273;0,375;0,6;0,1;0,5;0,6;0,95;0,2618;0,55

Fitness 3,445208, Gen ;0,6667;0,4;0,3333;0,3333;0,3333;0,1667;0,6;0,3;0,6667;0,6667;0,6;0,4;0,1273;0,375;0,6;0,1;0,5;0,6;0,95;0,2618;0,55
,119,119,119,119,119,119,120,120,120,120,120,120,121,121,121,121,121,121,121,121,121,121,122,122,122,122,122,122,122,122,122,122,122,122,122,122,122,123,123,123,123,123,123,123,123,123,123,123,123,123,123,123,123,124,124,124,124,124,124,124,124,124,124,124,124,124,124,124,124,124,124,125,125,125,125,125,125,125,125,125,125,125,125,125,125,125,125,125,125,125,125,125,126,126,126,126,126,126,126,126,126,126,126,126,126,126,126,127,127,127,127,127,128,128,128,128,128,128,129,129,129,129,129,130,130,130,131,131,131,131,131,131,131,132,132,132,132,134,134,134,134,134,135,135,135,136,136,136,137,137
Fitness 8,935338E-05, Gen ;0,6667;0,4;0,3333;0,3333;0,3333;0,1667;0,6;0,3;0,6667;0,6667;0,6;0,4;0,1273;0,375;0,6;0,1;0,5;0,6;0,95;0,2618;0,55

Fitness 7,582673E-05, Gen ;0,6667;0,4;0,3333;0,3333;0,3333;0,1667;0,6;0,3;0,6667;0,6667;0,6;0,4;0,1273;0,375;0,6;0,1;0,5;0,6;0,95;0,2618;0,55

Fitness 5,806645E-05, Gen ;0,6667;0,4;0,3333;0,3333;0,3333;0,1667;0,6;0,3;0,6667;0,6667;0,6;0,4;0,1273;0,375;0,6;0,1;0,5;0,6;0,95;0,2618;0,55

Fitness 5,979199E-05, Gen ;0,6667;0,4;0,3333;0,3333;0,3333;0,1667;0,6;0,3;0,6667;0,6667;0,6;0,4;0,1273;0,375;0,6;0,1;0,5;0,6;0,95;0,2618;0,55

Fitness 6,346725E-05, Gen ;0,6667;0,4;0,3333;0,3333;0,3333;0,1667;0,6;0,3;0,6667;0,6667;0,6;0,4;0,1273;0,375;0,6;0,1;0,5;0,6;0,95;0,2618;0,55

Fitness 4,76768E-05, Gen ;0,6667;0,4;0,3333;0,3333;0,3333;0,1667;0,6;0,3;0,6667;0,6667;0,6;0,4;0,1273;0,375;0,6;0,1;0,5;0,6;0,95;0,2618;0,55

Fitness 5,587653E-05, Gen ;0,6667;0,4;0,3333;0,3333;0,3333;0,1667;0,6;0,3;0,6667;0,6667;0,6;0,4;0,1273;0,375;0,6;0,1;0,5;0,6;0,95;0,2618;0,55

Fitness 5,005054E-05, Gen ;0,6667;0,4;0,3333;0,3333;0,3333;0,1667;0,6;0,3;0,6667;0,6667;0,6;0,4;0,1273;0,375;0,6;0,1;0,5;0,6;0,95;0,2618;0,55
,124,125,125,125,125,125,125,126,126,126,126,126,126,127,127,127,127,127,127,127,127,128,128,128,128,128,128,128,128,128,129,129,129,129,129,129,129,129,129,129,129,130,130,130,130,130,130,130,130,130,130,130,131,131,131,131,131,131,131,131,131,131,131,131,131,131,131,131,132,132,132,132,132,132,132,132,132,132,132,132,132,132,133,133,133,133,133,133,133,133,133,133,133,134,134,134,134,134,134,134,134,134,134,134,135,135,135,135,135,136,136,136,136,136,137,137,137,137
Fitness 5,413084E-05, Gen ;0,6667;0,4;0,3333;0,3333;0,3333;0,1667;0,6;0,3;0,6667;0,6667;0,6;0,4;0,1273;0,375;0,6;0,1;0,5;0,6;0,95;0,2618;0,55

Fitness 0,0001166066, Gen ;0,6667;0,4;0,3333;0,3333;0,3333;0,1667;0,6;0,3;0,6667;0,6667;0,6;0,4;0,1273;0,375;0,6;0,1;0,5;0,6;0,95;0,2618;0,55

Fitness 4,562227E-05, Gen ;0,6667;0,4;0,3333;0,3333;0,3333;0,1667;0,6;0,3;0,6667;0,6667;0,6;0,4;0,1273;0,375;0,6;0,1;0,5;0,6;0,95;0,2618;0,55

Fitness 6,459284E-05, Gen ;0,6667;0,4;0,3333;0,3333;0,3333;0,1667;0,6;0,3;0,6667;0,6667;0,6;0,4;0,1273;0,375;0,6;0,1;0,5;0,6;0,95;0,2618;0,55

Fitness 5,653713E-05, Gen ;0,6667;0,4;0,3333;0,3333;0,3333;0,1667;0,6;0,3;0,6667;0,6667;0,6;0,4;0,1273;0,375;0,6;0,1;0,5;0,6;0,95;0,2618;0,55

Fitness 8,839378E-05, Gen ;0,6667;0,4;0,3333;0,3333;0,3333;0,1667;0,6;0,3;0,6667;0,6667;0,6;0,4;0,1273;0,375;0,6;0,1;0,5;0,6;0,95;0,2618;0,55

Fitness 5,170521E-05, Gen ;0,6667;0,4;0,3333;0,3333;0,3333;0,1667;0,6;0,3;0,6667;0,6667;0,6;0,4;0,1273;0,375;0,6;0,1;0,5;0,6;0,95;0,2618;0,55

Fitness 5,963218E-05, Gen ;0,6667;0,4;0,3333;0,3333;0,3333;0,1667;0,6;0,3;0,6667;0,6667;0,6;0,4;0,1273;0,375;0,6;0,1;0,5;0,6;0,95;0,2618;0,55

Fitness 8,687071E-05, Gen ;0,6667;0,4;0,3333;0,3333;0,3333;0,1667;0,6;0,3;0,6667;0,6667;0,6;0,4;0,1273;0,375;0,6;0,1;0,5;0,6;0,95;0,2618;0,55

Fitness 5,040344E-05, Gen ;0,6667;0,4;0,3333;0,3333;0,3333;0,1667;0,6;0,3;0,6667;0,6667;0,6;0,4;0,1273;0,375;0,6;0,1;0,5;0,6;0,95;0,2618;0,55
,42
Fitness 8,670483E-05, Gen ;0,6667;0,4;0,3333;0,3333;0,3333;0,1667;0,6;0,3;0,6667;0,6667;0,6;0,4;0,1273;0,375;0,6;0,1;0,5;0,6;0,95;0,2618;0,55

Fitness 0,0001048472, Gen ;0,6667;0,4;0,3333;0,3333;0,3333;0,1667;0,6;0,3;0,6667;0,6667;0,6;0,4;0,1273;0,375;0,6;0,1;0,5;0,6;0,95;0,2618;0,55

Fitness 6,74067E-05, Gen ;0,6667;0,4;0,3333;0,3333;0,3333;0,1667;0,6;0,3;0,6667;0,6667;0,6;0,4;0,1273;0,375;0,6;0,1;0,5;0,6;0,95;0,2618;0,55

Fitness 0,0001285151, Gen ;0,6667;0,4;0,3333;0,3333;0,3333;0,1667;0,6;0,3;0,6667;0,6667;0,6;0,4;0,1273;0,375;0,6;0,1;0,5;0,6;0,95;0,2618;0,55

Fitness 6,210771E-05, Gen ;0,6667;0,4;0,3333;0,3333;0,3333;0,1667;0,6;0,3;0,6667;0,6667;0,6;0,4;0,1273;0,375;0,6;0,1;0,5;0,6;0,95;0,2618;0,55

Fitness 0,0001238338, Gen ;0,6667;0,4;0,3333;0,3333;0,3333;0,1667;0,6;0,3;0,6667;0,6667;0,6;0,4;0,1273;0,375;0,6;0,1;0,5;0,6;0,95;0,2618;0,55

Fitness 7,296739E-05, Gen ;0,6667;0,4;0,3333;0,3333;0,3333;0,1667;0,6;0,3;0,6667;0,6667;0,6;0,4;0,1273;0,375;0,6;0,1;0,5;0,6;0,95;0,2618;0,55

Fitness 8,796706E-05, Gen ;0,6667;0,4;0,3333;0,3333;0,3333;0,1667;0,6;0,3;0,6667;0,6667;0,6;0,4;0,1273;0,375;0,6;0,1;0,5;0,6;0,95;0,2618;0,55

Fitness 4,916109E-05, Gen ;0,6667;0,4;0,3333;0,3333;0,3333;0,1667;0,6;0,3;0,6667;0,6667;0,6;0,4;0,1273;0,375;0,6;0,1;0,5;0,6;0,95;0,2618;0,55

Fitness 5,112273E-05, Gen ;0,6667;0,4;0,3333;0,3333;0,3333;0,1667;0,6;0,3;0,6667;0,6667;0,6;0,4;0,1273;0,375;0,6;0,1;0,5;0,6;0,95;0,2618;0,55

Fitness 6,180112E-05, Gen ;0,6667;0,4;0,3333;0,3333;0,3333;0,1667;0,6;0,3;0,6667;0,6667;0,6;0,4;0,1273;0,375;0,6;0,1;0,5;0,6;0,95;0,2618;0,55

Fitness 5,508797E-05, Gen ;0,6667;0,4;0,3333;0,3333;0,3333;0,1667;0,6;0,3;0,6667;0,6667;0,6;0,4;0,1273;0,375;0,6;0,1;0,5;0,6;0,95;0,2618;0,55

Fitness 0,0001096412, Gen ;0,6667;0,4;0,3333;0,3333;0,3333;0,1667;0,6;0,3;0,6667;0,6667;0,6;0,4;0,1273;0,375;0,6;0,1;0,5;0,6;0,95;0,2618;0,55

Fitness 8,614003E-05, Gen ;0,6667;0,4;0,3333;0,3333;0,3333;0,1667;0,6;0,3;0,6667;0,6667;0,6;0,4;0,1273;0,375;0,6;0,1;0,5;0,6;0,95;0,2618;0,55

Fitness 6,937313E-05, Gen ;0,6667;0,4;0,3333;0,3333;0,3333;0,1667;0,6;0,3;0,6667;0,6667;0,6;0,4;0,1273;0,375;0,6;0,1;0,5;0,6;0,95;0,2618;0,55

Fitness 0,0001220439, Gen ;0,6667;0,4;0,3333;0,3333;0,3333;0,1667;0,6;0,3;0,6667;0,6667;0,6;0,4;0,1273;0,375;0,6;0,1;0,5;0,6;0,95;0,2618;0,55

Fitness 0,0001165517, Gen ;0,6667;0,4;0,3333;0,3333;0,3333;0,1667;0,6;0,3;0,6667;0,6667;0,6;0,4;0,1273;0,375;0,6;0,1;0,5;0,6;0,95;0,2618;0,55

Fitness 6,623327E-05, Gen ;0,6667;0,4;0,3333;0,3333;0,3333;0,1667;0,6;0,3;0,6667;0,6667;0,6;0,4;0,1273;0,375;0,6;0,1;0,5;0,6;0,95;0,2618;0,55

Fitness 0,0001161979, Gen ;0,6667;0,4;0,3333;0,3333;0,3333;0,1667;0,6;0,3;0,6667;0,6667;0,6;0,4;0,1273;0,375;0,6;0,1;0,5;0,6;0,95;0,2618;0,55

Fitness 7,184762E-05, Gen ;0,6667;0,4;0,3333;0,3333;0,3333;0,1667;0,6;0,3;0,6667;0,6667;0,6;0,4;0,1273;0,375;0,6;0,1;0,5;0,6;0,95;0,2618;0,55

Fitness 5,701973E-05, Gen ;0,6667;0,4;0,3333;0,3333;0,3333;0,1667;0,6;0,3;0,6667;0,6667;0,6;0,4;0,1273;0,375;0,6;0,1;0,5;0,6;0,95;0,2618;0,55

Fitness 8,94953E-05, Gen ;0,6667;0,4;0,3333;0,3333;0,3333;0,1667;0,6;0,3;0,6667;0,6667;0,6;0,4;0,1273;0,375;0,6;0,1;0,5;0,6;0,95;0,2618;0,55

Fitness 5,928078E-05, Gen ;0,6667;0,4;0,3333;0,3333;0,3333;0,1667;0,6;0,3;0,6667;0,6667;0,6;0,4;0,1273;0,375;0,6;0,1;0,5;0,6;0,95;0,2618;0,55

Fitness 7,365061E-05, Gen ;0,6667;0,4;0,3333;0,3333;0,3333;0,1667;0,6;0,3;0,6667;0,6667;0,6;0,4;0,1273;0,375;0,6;0,1;0,5;0,6;0,95;0,2618;0,55

Fitness 6,978244E-05, Gen ;0,6667;0,4;0,3333;0,3333;0,3333;0,1667;0,6;0,3;0,6667;0,6667;0,6;0,4;0,1273;0,375;0,6;0,1;0,5;0,6;0,95;0,2618;0,55

Fitness 6,010541E-05, Gen ;0,6667;0,4;0,3333;0,3333;0,3333;0,1667;0,6;0,3;0,6667;0,6667;0,6;0,4;0,1273;0,375;0,6;0,1;0,5;0,6;0,95;0,2618;0,55

Fitness 6,283783E-05, Gen ;0,6667;0,4;0,3333;0,3333;0,3333;0,1667;0,6;0,3;0,6667;0,6667;0,6;0,4;0,1273;0,375;0,6;0,1;0,5;0,6;0,95;0,2618;0,55

Fitness 6,123744E-05, Gen ;0,6667;0,4;0,3333;0,3333;0,3333;0,1667;0,6;0,3;0,6667;0,6667;0,6;0,4;0,1273;0,375;0,6;0,1;0,5;0,6;0,95;0,2618;0,55

Fitness 6,346781E-05, Gen ;0,6667;0,4;0,3333;0,3333;0,3333;0,1667;0,6;0,3;0,6667;0,6667;0,6;0,4;0,1273;0,375;0,6;0,1;0,5;0,6;0,95;0,2618;0,55

Fitness 0,0001199125, Gen ;0,6667;0,4;0,3333;0,3333;0,3333;0,1667;0,6;0,3;0,6667;0,6667;0,6;0,4;0,1273;0,375;0,6;0,1;0,5;0,6;0,95;0,2618;0,55

Fitness 8,157113E-05, Gen ;0,6667;0,4;0,3333;0,3333;0,3333;0,1667;0,6;0,3;0,6667;0,6667;0,6;0,4;0,1273;0,375;0,6;0,1;0,5;0,6;0,95;0,2618;0,55

Fitness 0,09074052, Gen ;0,6667;0,4;0,3333;0,3333;0,3333;0,1667;0,6;0,3;0,6667;0,6667;0,6;0,4;0,1273;0,375;0,6;0,1;0,5;0,6;0,95;0,2618;0,55
,147,147,147,147,148,148,148,148,148,148,148,149,149,149,149,149,149,149,150,150,150,150,150,151,152,153,153,153,154,154,154,154,154,154,154,154,154,154,154,154,154,154,154,154,155,155,155,155,155,155,155,155,155,155,155,155,155,155,155,155,155,155,155,155,155,155,155,155,156,156,156,156,156,156,156,156,156,156,156,156,156,156,156,156,156,157,157,157,157,157,157,157,157,157,157,157,157,157,158,158,158,158,158,158,158,158,158,158,158,158,159,159,159,159,159,159,159,159,159,159,160,160,160,160,160,160,161,161,161,161,161,161,162,162,162,162,163,163,163,163,163,164,164,165,165,167,167,168,169,170
Fitness 5,372714E-05, Gen ;0,6667;0,4;0,3333;0,3333;0,3333;0,1667;0,6;0,3;0,6667;0,6667;0,6;0,4;0,1273;0,375;0,6;0,1;0,5;0,6;0,95;0,2618;0,55

Fitness 4,970313E-05, Gen ;0,6667;0,4;0,3333;0,3333;0,3333;0,1667;0,6;0,3;0,6667;0,6667;0,6;0,4;0,1273;0,375;0,6;0,1;0,5;0,6;0,95;0,2618;0,55

Fitness 0,0001346475, Gen ;0,6667;0,4;0,3333;0,3333;0,3333;0,1667;0,6;0,3;0,6667;0,6667;0,6;0,4;0,1273;0,375;0,6;0,1;0,5;0,6;0,95;0,2618;0,55
,172,174,175,175,175,176,176,177,177,178,178,178,179
Fitness 6,358551E-05, Gen ;0,6667;0,4;0,3333;0,3333;0,3333;0,1667;0,6;0,3;0,6667;0,6667;0,6;0,4;0,1273;0,375;0,6;0,1;0,5;0,6;0,95;0,2618;0,55

Fitness 0,0001143332, Gen ;0,6667;0,4;0,3333;0,3333;0,3333;0,1667;0,6;0,3;0,6667;0,6667;0,6;0,4;0,1273;0,375;0,6;0,1;0,5;0,6;0,95;0,2618;0,55

Fitness 6,571231E-05, Gen ;0,6667;0,4;0,3333;0,3333;0,3333;0,1667;0,6;0,3;0,6667;0,6667;0,6;0,4;0,1273;0,375;0,6;0,1;0,5;0,6;0,95;0,2618;0,55

Fitness 7,764946E-05, Gen ;0,6667;0,4;0,3333;0,3333;0,3333;0,1667;0,6;0,3;0,6667;0,6667;0,6;0,4;0,1273;0,375;0,6;0,1;0,5;0,6;0,95;0,2618;0,55

Fitness 0,0001104471, Gen ;0,6667;0,4;0,3333;0,3333;0,3333;0,1667;0,6;0,3;0,6667;0,6667;0,6;0,4;0,1273;0,375;0,6;0,1;0,5;0,6;0,95;0,2618;0,55

Fitness 0,000132389, Gen ;0,6667;0,4;0,3333;0,3333;0,3333;0,1667;0,6;0,3;0,6667;0,6667;0,6;0,4;0,1273;0,375;0,6;0,1;0,5;0,6;0,95;0,2618;0,55

Fitness 6,639928E-05, Gen ;0,6667;0,4;0,3333;0,3333;0,3333;0,1667;0,6;0,3;0,6667;0,6667;0,6;0,4;0,1273;0,375;0,6;0,1;0,5;0,6;0,95;0,2618;0,55

Fitness 0,0001407983, Gen ;0,6667;0,4;0,3333;0,3333;0,3333;0,1667;0,6;0,3;0,6667;0,6667;0,6;0,4;0,1273;0,375;0,6;0,1;0,5;0,6;0,95;0,2618;0,55
,139,140,140,141,141,141,141,143,143,143,144,144,144,144,144,146,146,146,148,148,148,148,151,151,152,153,153,154,155,155,155,156,158,161,169,172
Fitness 9,506555E-05, Gen ;0,6667;0,4;0,3333;0,3333;0,3333;0,1667;0,6;0,3;0,6667;0,6667;0,6;0,4;0,1273;0,375;0,6;0,1;0,5;0,6;0,95;0,2618;0,55

Fitness 5,690423E-05, Gen ;0,6667;0,4;0,3333;0,3333;0,3333;0,1667;0,6;0,3;0,6667;0,6667;0,6;0,4;0,1273;0,375;0,6;0,1;0,5;0,6;0,95;0,2618;0,55

Fitness 0,0001312061, Gen ;0,6667;0,4;0,3333;0,3333;0,3333;0,1667;0,6;0,3;0,6667;0,6667;0,6;0,4;0,1273;0,375;0,6;0,1;0,5;0,6;0,95;0,2618;0,55
,148,148,149,149,149,149,149,149,150,150,150,150,150,150,151,151,151,151,151,151,151,151,152,152,152,152,152,152,152,152,152,153,153,153,153,153,153,153,153,153,153,154,154,154,154,154,154,154,154,154,154,155,155,155,155,155,155,155,155,156,156,156,156,156,156,156,156,156,156,156,156,156,157,157,157,159,159,159,159,159,159,159,160,160,160,160,160,160,160,160,160,160,160,161,161,161,161,161,161,162,162,162,165,166,166,166,166,166,166,166,166,166,167,167,167,167,167,167,167,168,168,168,168,168,168,168,168,169
Fitness 6,634519E-05, Gen ;0,6667;0,4;0,3333;0,3333;0,3333;0,1667;0,6;0,3;0,6667;0,6667;0,6;0,4;0,1273;0,375;0,6;0,1;0,5;0,6;0,95;0,2618;0,55

Fitness 8,323511E-05, Gen ;0,6667;0,4;0,3333;0,3333;0,3333;0,1667;0,6;0,3;0,6667;0,6667;0,6;0,4;0,1273;0,375;0,6;0,1;0,5;0,6;0,95;0,2618;0,55

Fitness 9,810965E-05, Gen ;0,6667;0,4;0,3333;0,3333;0,3333;0,1667;0,6;0,3;0,6667;0,6667;0,6;0,4;0,1273;0,375;0,6;0,1;0,5;0,6;0,95;0,2618;0,55

Fitness 3,982374E-05, Gen ;0,6667;0,4;0,3333;0,3333;0,3333;0,1667;0,6;0,3;0,6667;0,6667;0,6;0,4;0,1273;0,375;0,6;0,1;0,5;0,6;0,95;0,2618;0,55

Fitness 8,692393E-05, Gen ;0,6667;0,4;0,3333;0,3333;0,3333;0,1667;0,6;0,3;0,6667;0,6667;0,6;0,4;0,1273;0,375;0,6;0,1;0,5;0,6;0,95;0,2618;0,55

Fitness 5,852332E-05, Gen ;0,6667;0,4;0,3333;0,3333;0,3333;0,1667;0,6;0,3;0,6667;0,6667;0,6;0,4;0,1273;0,375;0,6;0,1;0,5;0,6;0,95;0,2618;0,55

Fitness 0,0001256655, Gen ;0,6667;0,4;0,3333;0,3333;0,3333;0,1667;0,6;0,3;0,6667;0,6667;0,6;0,4;0,1273;0,375;0,6;0,1;0,5;0,6;0,95;0,2618;0,55

Fitness 6,505656E-05, Gen ;0,6667;0,4;0,3333;0,3333;0,3333;0,1667;0,6;0,3;0,6667;0,6667;0,6;0,4;0,1273;0,375;0,6;0,1;0,5;0,6;0,95;0,2618;0,55

Fitness 5,546613E-05, Gen ;0,6667;0,4;0,3333;0,3333;0,3333;0,1667;0,6;0,3;0,6667;0,6667;0,6;0,4;0,1273;0,375;0,6;0,1;0,5;0,6;0,95;0,2618;0,55

Fitness 6,908206E-05, Gen ;0,6667;0,4;0,3333;0,3333;0,3333;0,1667;0,6;0,3;0,6667;0,6667;0,6;0,4;0,1273;0,375;0,6;0,1;0,5;0,6;0,95;0,2618;0,55

Fitness 8,318922E-05, Gen ;0,6667;0,4;0,3333;0,3333;0,3333;0,1667;0,6;0,3;0,6667;0,6667;0,6;0,4;0,1273;0,375;0,6;0,1;0,5;0,6;0,95;0,2618;0,55

Fitness 0,0001246457, Gen ;0,6667;0,4;0,3333;0,3333;0,3333;0,1667;0,6;0,3;0,6667;0,6667;0,6;0,4;0,1273;0,375;0,6;0,1;0,5;0,6;0,95;0,2618;0,55

Fitness 6,139731E-05, Gen ;0,6667;0,4;0,3333;0,3333;0,3333;0,1667;0,6;0,3;0,6667;0,6667;0,6;0,4;0,1273;0,375;0,6;0,1;0,5;0,6;0,95;0,2618;0,55

Fitness 8,946651E-05, Gen ;0,6667;0,4;0,3333;0,3333;0,3333;0,1667;0,6;0,3;0,6667;0,6667;0,6;0,4;0,1273;0,375;0,6;0,1;0,5;0,6;0,95;0,2618;0,55

Fitness 0,0001309564, Gen ;0,6667;0,4;0,3333;0,3333;0,3333;0,1667;0,6;0,3;0,6667;0,6667;0,6;0,4;0,1273;0,375;0,6;0,1;0,5;0,6;0,95;0,2618;0,55

Fitness 5,640163E-05, Gen ;0,6667;0,4;0,3333;0,3333;0,3333;0,1667;0,6;0,3;0,6667;0,6667;0,6;0,4;0,1273;0,375;0,6;0,1;0,5;0,6;0,95;0,2618;0,55

Fitness 1,890798, Gen ;0,6667;0,4;0,3333;0,3333;0,3333;0,1667;0,6;0,3;0,6667;0,6667;0,6;0,4;0,1273;0,375;0,6;0,1;0,5;0,6;0,95;0,2618;0,55
,131,131,131,131,132,132,132,132,132,132,132,132,133,133,133,133,133,133,133,133,133,133,133,133,133,133,134,134,134,134,134,134,134,134,134,134,134,134,134,134,134,134,134,135,135,135,135,135,135,135,135,135,135,135,135,135,135,135,135,135,135,135,135,136,136,136,136,136,136,136,136,136,136,136,136,136,136,136,136,136,136,137,137,137,137,137,137,137,137,137,137,137,137,137,137,137,137,137,137,137,137,138,138,138,138,138,138,138,138,138,138,138,138,138,138,138,138,138,138,139,139,139,139,139,139,139,139,139,139,139,139,139,140,140,140,141,141,141,141,141,141,141,142,142,142,143,143,144,145,145
Fitness 6,712358E-05, Gen ;0,6667;0,4;0,3333;0,3333;0,3333;0,1667;0,6;0,3;0,6667;0,6667;0,6;0,4;0,1273;0,375;0,6;0,1;0,5;0,6;0,95;0,2618;0,55

Fitness 9,168436E-05, Gen ;0,6667;0,4;0,3333;0,3333;0,3333;0,1667;0,6;0,3;0,6667;0,6667;0,6;0,4;0,1273;0,375;0,6;0,1;0,5;0,6;0,95;0,2618;0,55
,132,132,132,132,133,134,134,134,134,135,136,136,137,137,137,138,138,139,139,139,140,140,141,142,142,142,143,144,144,144,144,145,145,145,146,146,147,147,148,148,149,149,150,151,152,152,154,154,154,159,159,163
Fitness 5,658946E-05, Gen ;0,6667;0,4;0,3333;0,3333;0,3333;0,1667;0,6;0,3;0,6667;0,6667;0,6;0,4;0,1273;0,375;0,6;0,1;0,5;0,6;0,95;0,2618;0,55

Fitness 8,395491E-05, Gen ;0,6667;0,4;0,3333;0,3333;0,3333;0,1667;0,6;0,3;0,6667;0,6667;0,6;0,4;0,1273;0,375;0,6;0,1;0,5;0,6;0,95;0,2618;0,55

Fitness 0,0001081514, Gen ;0,6667;0,4;0,3333;0,3333;0,3333;0,1667;0,6;0,3;0,6667;0,6667;0,6;0,4;0,1273;0,375;0,6;0,1;0,5;0,6;0,95;0,2618;0,55

Fitness 9,499558E-05, Gen ;0,6667;0,4;0,3333;0,3333;0,3333;0,1667;0,6;0,3;0,6667;0,6667;0,6;0,4;0,1273;0,375;0,6;0,1;0,5;0,6;0,95;0,2618;0,55

Fitness 0,0001129881, Gen ;0,6667;0,4;0,3333;0,3333;0,3333;0,1667;0,6;0,3;0,6667;0,6667;0,6;0,4;0,1273;0,375;0,6;0,1;0,5;0,6;0,95;0,2618;0,55

Fitness 7,155002E-05, Gen ;0,6667;0,4;0,3333;0,3333;0,3333;0,1667;0,6;0,3;0,6667;0,6667;0,6;0,4;0,1273;0,375;0,6;0,1;0,5;0,6;0,95;0,2618;0,55

Fitness 5,314353E-05, Gen ;0,6667;0,4;0,3333;0,3333;0,3333;0,1667;0,6;0,3;0,6667;0,6667;0,6;0,4;0,1273;0,375;0,6;0,1;0,5;0,6;0,95;0,2618;0,55

Fitness 6,013491E-05, Gen ;0,6667;0,4;0,3333;0,3333;0,3333;0,1667;0,6;0,3;0,6667;0,6667;0,6;0,4;0,1273;0,375;0,6;0,1;0,5;0,6;0,95;0,2618;0,55

Fitness 5,571937E-05, Gen ;0,6667;0,4;0,3333;0,3333;0,3333;0,1667;0,6;0,3;0,6667;0,6667;0,6;0,4;0,1273;0,375;0,6;0,1;0,5;0,6;0,95;0,2618;0,55

Fitness 0,0001046205, Gen ;0,6667;0,4;0,3333;0,3333;0,3333;0,1667;0,6;0,3;0,6667;0,6667;0,6;0,4;0,1273;0,375;0,6;0,1;0,5;0,6;0,95;0,2618;0,55

Fitness 7,219861E-05, Gen ;0,6667;0,4;0,3333;0,3333;0,3333;0,1667;0,6;0,3;0,6667;0,6667;0,6;0,4;0,1273;0,375;0,6;0,1;0,5;0,6;0,95;0,2618;0,55

Fitness 0,0001640289, Gen ;0,6667;0,4;0,3333;0,3333;0,3333;0,1667;0,6;0,3;0,6667;0,6667;0,6;0,4;0,1273;0,375;0,6;0,1;0,5;0,6;0,95;0,2618;0,55
,150,151,151,151,151,151,151,151,151,152,152,152,152,152,152,152,153,153,153,153,153,153,153,154,154,154,154,154,155,155,155,155,155,155,155,156,156,156,156,156,156,157,157,157,157,157,158,158,158,158,158,158,159,159,159,159,159,159,159,159,160,160,160,160,160,160,160,162,163,163,163,164,164,164,164,165,165,165,165,165,166
Fitness 5,054407E-05, Gen ;0,6667;0,4;0,3333;0,3333;0,3333;0,1667;0,6;0,3;0,6667;0,6667;0,6;0,4;0,1273;0,375;0,6;0,1;0,5;0,6;0,95;0,2618;0,55

Fitness 6,121051E-05, Gen ;0,6667;0,4;0,3333;0,3333;0,3333;0,1667;0,6;0,3;0,6667;0,6667;0,6;0,4;0,1273;0,375;0,6;0,1;0,5;0,6;0,95;0,2618;0,55

Fitness 5,614051E-05, Gen ;0,6667;0,4;0,3333;0,3333;0,3333;0,1667;0,6;0,3;0,6667;0,6667;0,6;0,4;0,1273;0,375;0,6;0,1;0,5;0,6;0,95;0,2618;0,55

Fitness 5,668144E-05, Gen ;0,6667;0,4;0,3333;0,3333;0,3333;0,1667;0,6;0,3;0,6667;0,6667;0,6;0,4;0,1273;0,375;0,6;0,1;0,5;0,6;0,95;0,2618;0,55

Fitness 0,0001019483, Gen ;0,6667;0,4;0,3333;0,3333;0,3333;0,1667;0,6;0,3;0,6667;0,6667;0,6;0,4;0,1273;0,375;0,6;0,1;0,5;0,6;0,95;0,2618;0,55

Fitness 6,553793E-05, Gen ;0,6667;0,4;0,3333;0,3333;0,3333;0,1667;0,6;0,3;0,6667;0,6667;0,6;0,4;0,1273;0,375;0,6;0,1;0,5;0,6;0,95;0,2618;0,55

Fitness 6,377971E-05, Gen ;0,6667;0,4;0,3333;0,3333;0,3333;0,1667;0,6;0,3;0,6667;0,6667;0,6;0,4;0,1273;0,375;0,6;0,1;0,5;0,6;0,95;0,2618;0,55

Fitness 5,444484E-05, Gen ;0,6667;0,4;0,3333;0,3333;0,3333;0,1667;0,6;0,3;0,6667;0,6667;0,6;0,4;0,1273;0,375;0,6;0,1;0,5;0,6;0,95;0,2618;0,55

Fitness 0,0001038549, Gen ;0,6667;0,4;0,3333;0,3333;0,3333;0,1667;0,6;0,3;0,6667;0,6667;0,6;0,4;0,1273;0,375;0,6;0,1;0,5;0,6;0,95;0,2618;0,55

Fitness 5,715755E-05, Gen ;0,6667;0,4;0,3333;0,3333;0,3333;0,1667;0,6;0,3;0,6667;0,6667;0,6;0,4;0,1273;0,375;0,6;0,1;0,5;0,6;0,95;0,2618;0,55

Fitness 0,0001193142, Gen ;0,6667;0,4;0,3333;0,3333;0,3333;0,1667;0,6;0,3;0,6667;0,6667;0,6;0,4;0,1273;0,375;0,6;0,1;0,5;0,6;0,95;0,2618;0,55

Fitness 5,761402E-05, Gen ;0,6667;0,4;0,3333;0,3333;0,3333;0,1667;0,6;0,3;0,6667;0,6667;0,6;0,4;0,1273;0,375;0,6;0,1;0,5;0,6;0,95;0,2618;0,55

Fitness 5,174066E-05, Gen ;0,6667;0,4;0,3333;0,3333;0,3333;0,1667;0,6;0,3;0,6667;0,6667;0,6;0,4;0,1273;0,375;0,6;0,1;0,5;0,6;0,95;0,2618;0,55

Fitness 9,373549E-05, Gen ;0,6667;0,4;0,3333;0,3333;0,3333;0,1667;0,6;0,3;0,6667;0,6667;0,6;0,4;0,1273;0,375;0,6;0,1;0,5;0,6;0,95;0,2618;0,55

Fitness 6,748839E-05, Gen ;0,6667;0,4;0,3333;0,3333;0,3333;0,1667;0,6;0,3;0,6667;0,6667;0,6;0,4;0,1273;0,375;0,6;0,1;0,5;0,6;0,95;0,2618;0,55

Fitness 6,594835E-05, Gen ;0,6667;0,4;0,3333;0,3333;0,3333;0,1667;0,6;0,3;0,6667;0,6667;0,6;0,4;0,1273;0,375;0,6;0,1;0,5;0,6;0,95;0,2618;0,55

Fitness 4,957248E-05, Gen ;0,6667;0,4;0,3333;0,3333;0,3333;0,1667;0,6;0,3;0,6667;0,6667;0,6;0,4;0,1273;0,375;0,6;0,1;0,5;0,6;0,95;0,2618;0,55

Fitness 7,877179E-05, Gen ;0,6667;0,4;0,3333;0,3333;0,3333;0,1667;0,6;0,3;0,6667;0,6667;0,6;0,4;0,1273;0,375;0,6;0,1;0,5;0,6;0,95;0,2618;0,55

Fitness 5,179454E-05, Gen ;0,6667;0,4;0,3333;0,3333;0,3333;0,1667;0,6;0,3;0,6667;0,6667;0,6;0,4;0,1273;0,375;0,6;0,1;0,5;0,6;0,95;0,2618;0,55

