	100Ginelli ovc
	1 AI2 ovcarjev
Fitness 55,4351, Gen ;0,4216;0,9962;0,5732;0,3954;0,9384;0,2;0,0222;0,6074;0,7233;0,5947;0,5373;0,028;0,1894;0,2782;0,35;0,3459;0,8867;0,731;0,8573;0,4206;0,3719
,51,51,51,51,51,51,52,52,52,52,52,52,52,52,53,53,53,53,53,53,53,53,53,53,53,54,54,54,54,54,54,54,54,54,54,54,54,54,54,54,54,54,54,54,54,54,54,54,54,54,54,54,54,54,54,54,54,54,54,54,54,54,54,54,55,55,55,55,55,55,55,55,55,56,56,56,56,56,56,56,56,56,56,57,57,57,57,57,58,58,58,59,59,60,60,60,61,62,62,68
Fitness 9,792649E-05, Gen ;0,4216;0,9962;0,5732;0,3954;0,9384;0,2;0,0222;0,6074;0,7233;0,5947;0,5373;0,028;0,1894;0,2782;0,35;0,3459;0,8867;0,731;0,8573;0,4206;0,3719
,46,47,47,47,47,47,47,47,48,48,48,48,48,48,48,48,48,48,48,48,48,48,48,48,48,48,48,48,48,48,48,49,49,49,49,49,49,49,49,49,49,49,49,49,49,49,49,49,49,49,49,49,49,49,49,49,49,49,49,49,49,49,49,50,50,50,50,50,50,57,57,57,57,58,58,58,58,59,59,59
Fitness 30,78962, Gen ;0,4216;0,9962;0,5732;0,3954;0,9384;0,2;0,0222;0,6074;0,7233;0,5947;0,5373;0,028;0,1894;0,2782;0,35;0,3459;0,8867;0,731;0,8573;0,4206;0,3719
,49,49,49,49,49,49,49,50,50,50,50,50,50,50,50,50,51,51,51,52,52,52,52,52,52,52,52,52,52,52,52,52,52,52,52,52,52,52,52,52,52,52,52,53,53,53,53,53,53,53,53,53,53,53,53,53,53,53,53,53,53,53,53,53,53,53,53,53,53,53,53,53,54,54,54,54,54,54,54,54,54,55,55,55,55,56,56,94,94,94,94,94,94,94,94,94,94,94,94,96
Fitness 4,369756, Gen ;0,4216;0,9962;0,5732;0,3954;0,9384;0,2;0,0222;0,6074;0,7233;0,5947;0,5373;0,028;0,1894;0,2782;0,35;0,3459;0,8867;0,731;0,8573;0,4206;0,3719
,53,53,53,53,54,54,54,54,54,54,54,54,55,55,55,55,55,55,55,55,55,56,56,56,56,56,56,56,56,56,57,57,57,57,57,57,57,57,57,57,57,57,57,57,57,57,57,57,57,57,57,57,57,57,57,57,57,57,57,57,58,58,58,58,58,58,59,59,59,59,59,134,136,139,139,139,139,139,139,140,140,140,140,140,140,140,140,140,140,141,141,141,141,142,142,142,142,142,143,145
Fitness 4,016378E-05, Gen ;0,4216;0,9962;0,5732;0,3954;0,9384;0,2;0,0222;0,6074;0,7233;0,5947;0,5373;0,028;0,1894;0,2782;0,35;0,3459;0,8867;0,731;0,8573;0,4206;0,3719
,64,65,65,65,66,66,66,66,66,66,67,67,67,67,67,67,67,67,67,67,67,67,67,68,68,68,68,68,68,68,68,68,68,68,68,69,69,70,70,70,71,72,72,72,73,73,73,73,73,73,73,74,74,74,74,74,74,75,75,75,75,75,76,76,76,76,76,76,76,76,77,77,78,78,79,80,80,81,81,81,82,82,83,83,83,84,85,85
Fitness 44,77745, Gen ;0,4216;0,9962;0,5732;0,3954;0,9384;0,2;0,0222;0,6074;0,7233;0,5947;0,5373;0,028;0,1894;0,2782;0,35;0,3459;0,8867;0,731;0,8573;0,4206;0,3719
,52,52,53,53,53,53,54,54,54,54,54,54,54,54,54,54,54,54,55,55,55,55,55,55,55,55,55,55,55,55,55,55,55,55,55,55,55,55,55,55,55,55,55,55,55,55,55,55,55,55,55,55,55,55,55,55,56,56,56,56,56,56,56,56,57,57,57,58,58,58,58,58,59,59,59,59,60,60,60,60,60,60,60,60,60,60,61,69,70,70,70,71,71,71,71,73,73,74,75,78
Fitness 70,0735, Gen ;0,4216;0,9962;0,5732;0,3954;0,9384;0,2;0,0222;0,6074;0,7233;0,5947;0,5373;0,028;0,1894;0,2782;0,35;0,3459;0,8867;0,731;0,8573;0,4206;0,3719
,44,44,44,44,44,44,44,44,45,45,45,45,45,45,45,45,45,45,45,45,45,45,45,45,45,45,45,45,45,45,45,45,45,45,45,45,45,45,45,45,45,45,45,45,45,45,45,45,45,46,46,46,46,46,46,46,46,46,46,46,46,46,46,46,46,47,48,48,48,49,50,50,50,50,50,50,51,51,51,51,51,51,51,51,51,51,51,51,51,52,52,52,52,53,53,54,55,56,58,58
Fitness 24,69291, Gen ;0,4216;0,9962;0,5732;0,3954;0,9384;0,2;0,0222;0,6074;0,7233;0,5947;0,5373;0,028;0,1894;0,2782;0,35;0,3459;0,8867;0,731;0,8573;0,4206;0,3719
,74,75,75,76,80,80,80,80,81,81,81,81,81,81,81,81,81,81,81,82,82,82,82,82,82,82,82,82,82,82,82,83,83,83,83,83,83,83,83,83,83,83,83,83,83,83,83,83,83,83,83,83,84,84,84,84,84,84,84,84,84,84,84,84,84,85,85,85,85,85,85,85,85,85,85,85,85,86,86,86,86,86,86,86,86,86,86,87,87,87,87,87,87,87,87,88,89,89,93,95
Fitness 0,0001876977, Gen ;0,4216;0,9962;0,5732;0,3954;0,9384;0,2;0,0222;0,6074;0,7233;0,5947;0,5373;0,028;0,1894;0,2782;0,35;0,3459;0,8867;0,731;0,8573;0,4206;0,3719
,51,51,52,52,52,53,53,53,53,53,53,53,54,54,54,54,54,54,54,54,54,54,54,54,54,54,54,54,54,54,54,54,54,54,54,54,54,54,54,55,55,55,55,55,55,55,55,55,55,55,55,55,55,55,55,55,55,55,55,55,55,56,56,56,56,56,56,63,157,169,170
Fitness 62,73254, Gen ;0,4216;0,9962;0,5732;0,3954;0,9384;0,2;0,0222;0,6074;0,7233;0,5947;0,5373;0,028;0,1894;0,2782;0,35;0,3459;0,8867;0,731;0,8573;0,4206;0,3719
,45,45,45,45,46,46,46,46,46,46,47,47,47,47,47,47,47,48,48,48,48,48,48,48,48,48,48,48,48,48,48,48,48,48,48,48,48,48,48,48,48,48,48,48,49,49,49,49,49,49,49,49,49,49,49,49,49,49,50,50,50,50,50,50,50,50,50,51,51,51,51,52,52,54,55,55,55,55,55,55,55,55,55,56,56,56,56,56,56,56,56,56,56,56,56,57,58,59,60,63
Fitness 0,0001019783, Gen ;0,4216;0,9962;0,5732;0,3954;0,9384;0,2;0,0222;0,6074;0,7233;0,5947;0,5373;0,028;0,1894;0,2782;0,35;0,3459;0,8867;0,731;0,8573;0,4206;0,3719
,54,54,55,55,55,56,56,56,56,56,56,56,56,56,56,56,57,57,57,57,57,57,57,57,57,57,57,57,57,57,57,57,57,57,57,57,57,57,57,57,57,57,57,57,57,57,57,57,57,57,57,57,57,57,57,57,57,57,57,58,58,58,58,58,59,60,60,60,60,60,60,60,60,60,60,60,60,61,61,61,61,61,61,61,61,62,62,62,62,62,62,63,64
Fitness 51,2614, Gen ;0,4216;0,9962;0,5732;0,3954;0,9384;0,2;0,0222;0,6074;0,7233;0,5947;0,5373;0,028;0,1894;0,2782;0,35;0,3459;0,8867;0,731;0,8573;0,4206;0,3719
,53,53,53,53,53,54,54,54,54,54,54,54,54,55,55,55,56,56,56,56,56,56,56,56,56,56,56,56,56,56,56,56,56,56,56,56,56,56,56,56,56,56,56,56,56,56,56,56,56,56,56,56,56,56,56,57,57,57,57,57,57,57,57,57,57,58,58,58,58,59,59,59,59,60,60,60,61,62,62,63,63,64,64,64,64,64,64,64,65,65,65,65,65,65,65,65,65,66,66,71
Fitness 43,42756, Gen ;0,4216;0,9962;0,5732;0,3954;0,9384;0,2;0,0222;0,6074;0,7233;0,5947;0,5373;0,028;0,1894;0,2782;0,35;0,3459;0,8867;0,731;0,8573;0,4206;0,3719
,56,56,56,56,57,57,57,57,57,58,58,58,58,58,59,59,59,59,59,59,59,59,59,59,59,59,59,59,59,59,59,59,59,59,59,59,59,59,59,59,59,59,59,59,59,59,59,59,60,60,60,60,60,60,60,60,60,60,60,60,60,60,60,60,60,60,61,61,61,61,62,62,62,62,62,62,62,62,62,62,63,63,63,63,63,63,63,63,63,63,63,64,64,64,64,64,65,66,68,79
Fitness 79,78179, Gen ;0,4216;0,9962;0,5732;0,3954;0,9384;0,2;0,0222;0,6074;0,7233;0,5947;0,5373;0,028;0,1894;0,2782;0,35;0,3459;0,8867;0,731;0,8573;0,4206;0,3719
,43,43,43,43,43,43,43,44,44,44,44,44,45,45,45,45,46,46,46,46,46,46,46,46,46,46,46,47,47,47,47,47,47,47,47,47,47,47,47,47,47,47,47,47,47,47,47,47,47,47,47,47,47,47,47,47,47,47,47,47,47,47,47,47,47,47,47,47,47,47,47,47,48,48,48,48,48,48,48,48,48,48,48,48,48,48,48,48,48,48,49,49,49,49,49,49,49,49,50,50
Fitness 45,69696, Gen ;0,4216;0,9962;0,5732;0,3954;0,9384;0,2;0,0222;0,6074;0,7233;0,5947;0,5373;0,028;0,1894;0,2782;0,35;0,3459;0,8867;0,731;0,8573;0,4206;0,3719
,60,60,60,60,60,61,61,61,61,61,61,61,61,62,62,62,62,62,63,63,63,63,63,63,63,63,63,63,63,63,63,63,63,63,63,63,63,63,63,63,63,63,64,64,64,64,64,64,64,64,64,64,64,64,64,64,64,65,65,65,65,65,65,65,65,65,66,66,66,66,66,66,67,67,67,67,68,68,68,68,68,68,68,68,68,68,68,68,68,69,69,70,70,70,71,71,71,72,74,74
Fitness 9,208683E-05, Gen ;0,4216;0,9962;0,5732;0,3954;0,9384;0,2;0,0222;0,6074;0,7233;0,5947;0,5373;0,028;0,1894;0,2782;0,35;0,3459;0,8867;0,731;0,8573;0,4206;0,3719
,53,53,54,54,54,55,55,55,55,55,56,56,56,56,56,56,56,56,56,56,56,56,56,56,57,57,57,57,57,57,57,57,57,57,57,57,57,57,57,57,57,57,57,57,57,57,57,57,57,57,57,57,57,57,58,58,58,58,58,58,58,58,58,58,58,58,59,59,59,60,60,60,60,60,60,61,61,61,61,61,62,62,62,63,64,64,67,68,68,71,71,72,72,72,73,73,73
Fitness 41,7353, Gen ;0,4216;0,9962;0,5732;0,3954;0,9384;0,2;0,0222;0,6074;0,7233;0,5947;0,5373;0,028;0,1894;0,2782;0,35;0,3459;0,8867;0,731;0,8573;0,4206;0,3719
,64,65,65,65,65,65,66,66,66,66,66,66,67,67,67,67,67,67,68,68,68,68,68,68,68,68,68,68,68,68,68,69,69,69,69,69,69,69,69,69,69,69,69,69,69,69,70,70,70,70,70,70,70,70,70,70,70,71,71,71,71,71,71,71,71,72,72,72,72,73,73,74,74,74,74,74,74,74,74,74,74,74,75,75,75,75,75,75,75,75,75,75,75,76,76,76,76,76,76,77
Fitness 73,60957, Gen ;0,4216;0,9962;0,5732;0,3954;0,9384;0,2;0,0222;0,6074;0,7233;0,5947;0,5373;0,028;0,1894;0,2782;0,35;0,3459;0,8867;0,731;0,8573;0,4206;0,3719
,46,46,46,46,46,46,46,46,46,47,47,47,47,48,48,48,48,48,48,48,48,48,48,49,49,49,49,49,49,49,49,49,49,49,49,49,49,49,49,49,49,49,49,49,49,49,49,50,50,50,50,50,50,50,50,50,50,50,50,50,50,50,50,50,50,50,50,50,50,51,51,51,51,51,51,51,51,51,51,51,52,52,52,52,52,52,52,52,52,53,53,53,53,53,53,53,53,53,53,54
Fitness 59,36145, Gen ;0,4216;0,9962;0,5732;0,3954;0,9384;0,2;0,0222;0,6074;0,7233;0,5947;0,5373;0,028;0,1894;0,2782;0,35;0,3459;0,8867;0,731;0,8573;0,4206;0,3719
,51,51,52,53,53,53,53,54,54,54,54,54,54,54,54,54,54,55,55,55,55,55,55,55,55,55,55,55,55,55,55,55,55,55,55,55,55,55,55,55,55,55,55,55,55,55,55,55,55,55,55,55,55,55,55,56,56,56,56,56,56,56,56,56,56,56,56,56,56,57,57,57,57,58,58,58,58,58,58,58,58,59,59,59,59,59,60,60,60,61,61,61,61,62,62,62,62,62,63,64
Fitness 77,95457, Gen ;0,4216;0,9962;0,5732;0,3954;0,9384;0,2;0,0222;0,6074;0,7233;0,5947;0,5373;0,028;0,1894;0,2782;0,35;0,3459;0,8867;0,731;0,8573;0,4206;0,3719
,42,42,42,42,42,42,42,43,43,43,43,43,43,43,44,44,44,44,44,45,45,45,45,45,45,45,45,45,45,45,45,45,45,45,45,45,45,45,45,45,45,45,45,45,45,45,45,45,45,45,45,45,45,45,45,46,46,46,46,46,46,46,46,46,46,46,46,46,46,46,46,46,46,46,47,47,47,47,47,47,47,48,48,48,48,48,48,48,48,49,49,49,50,50,50,51,52,52,52,52
Fitness 6,781054E-05, Gen ;0,4216;0,9962;0,5732;0,3954;0,9384;0,2;0,0222;0,6074;0,7233;0,5947;0,5373;0,028;0,1894;0,2782;0,35;0,3459;0,8867;0,731;0,8573;0,4206;0,3719
,43,43,43,43,43,43,44,44,44,44,45,45,45,45,45,45,45,45,45,45,46,46,46,46,46,46,46,46,46,46,46,46,46,46,46,46,46,46,46,46,46,46,46,46,46,46,46,46,46,46,46,46,46,46,46,47,47,47,47,47,47,47,47,47,47,47,47,47,48,48,48,48,48,48,48,48,48,48,48,49,49,49,49,49,49,49,49,49,49,49,50,50,50,51,51,51,52,54
Fitness 28,93401, Gen ;0,4216;0,9962;0,5732;0,3954;0,9384;0,2;0,0222;0,6074;0,7233;0,5947;0,5373;0,028;0,1894;0,2782;0,35;0,3459;0,8867;0,731;0,8573;0,4206;0,3719
,66,66,66,67,67,67,67,67,68,68,68,68,68,68,68,69,69,69,69,69,69,69,69,69,69,69,69,69,69,69,69,69,69,69,69,69,70,70,70,70,70,70,70,70,70,70,70,70,70,70,70,70,70,70,71,71,71,71,71,71,71,71,71,71,71,71,71,71,71,72,72,72,72,72,72,73,73,73,73,74,74,74,74,74,74,74,74,74,74,74,75,75,75,75,75,91,91,91,93,93
Fitness 65,03217, Gen ;0,4216;0,9962;0,5732;0,3954;0,9384;0,2;0,0222;0,6074;0,7233;0,5947;0,5373;0,028;0,1894;0,2782;0,35;0,3459;0,8867;0,731;0,8573;0,4206;0,3719
,49,49,50,50,50,50,50,50,50,51,51,51,52,52,52,52,52,52,53,53,53,53,53,53,53,53,53,53,53,53,53,53,53,53,53,53,53,53,53,53,53,53,53,53,53,53,53,53,53,53,53,53,53,53,53,54,54,54,54,54,54,54,54,54,54,54,54,54,54,54,54,54,55,55,55,55,55,55,55,55,55,55,56,56,56,56,56,57,57,57,57,58,58,58,58,58,58,58,58,60
Fitness 42,63112, Gen ;0,4216;0,9962;0,5732;0,3954;0,9384;0,2;0,0222;0,6074;0,7233;0,5947;0,5373;0,028;0,1894;0,2782;0,35;0,3459;0,8867;0,731;0,8573;0,4206;0,3719
,51,51,52,52,52,53,53,53,54,54,54,54,54,54,55,55,55,55,55,55,55,55,55,55,55,55,55,55,55,55,55,55,55,55,55,55,55,55,55,55,55,55,55,55,55,55,55,55,55,55,55,55,56,56,56,56,56,56,56,56,56,56,57,57,57,57,57,58,58,58,59,59,59,60,60,60,60,60,60,60,60,60,61,61,62,62,62,62,63,63,63,63,64,64,64,65,65,65,66,81
Fitness 39,66431, Gen ;0,4216;0,9962;0,5732;0,3954;0,9384;0,2;0,0222;0,6074;0,7233;0,5947;0,5373;0,028;0,1894;0,2782;0,35;0,3459;0,8867;0,731;0,8573;0,4206;0,3719
,64,64,65,65,65,66,66,66,66,66,66,66,66,66,66,66,66,66,66,66,66,66,66,66,66,66,66,66,66,66,66,66,66,67,67,67,67,67,67,67,67,67,67,67,67,67,67,67,67,68,68,68,68,68,68,68,68,68,68,68,68,68,69,69,69,70,70,70,70,71,71,71,71,71,72,72,72,72,73,73,73,73,73,73,73,73,74,74,74,74,74,74,74,74,75,75,75,75,75,80
Fitness 42,49652, Gen ;0,4216;0,9962;0,5732;0,3954;0,9384;0,2;0,0222;0,6074;0,7233;0,5947;0,5373;0,028;0,1894;0,2782;0,35;0,3459;0,8867;0,731;0,8573;0,4206;0,3719
,55,55,56,56,56,56,56,56,56,56,56,57,57,57,57,57,57,57,58,58,58,58,58,58,58,58,58,58,58,58,58,58,58,59,59,59,59,59,59,59,59,59,59,59,59,59,59,59,59,59,59,59,59,60,60,60,60,60,60,60,61,61,61,66,67,67,67,68,68,68,68,68,69,69,70,70,70,70,70,70,70,70,70,71,71,71,71,71,71,71,71,72,72,72,72,73,77,77,78,79
Fitness 35,66774, Gen ;0,4216;0,9962;0,5732;0,3954;0,9384;0,2;0,0222;0,6074;0,7233;0,5947;0,5373;0,028;0,1894;0,2782;0,35;0,3459;0,8867;0,731;0,8573;0,4206;0,3719
,63,64,64,64,64,65,65,65,65,65,65,65,65,65,65,65,65,66,66,66,66,66,66,66,67,67,67,67,67,67,67,67,67,67,67,67,68,68,68,68,68,68,69,69,69,69,70,70,70,71,71,71,71,71,71,71,72,72,72,72,72,72,72,72,73,73,73,73,73,74,74,74,74,74,74,74,75,75,75,75,75,75,75,75,76,76,76,76,76,77,77,77,77,78,78,81,82,83,83,84
Fitness 75,99705, Gen ;0,4216;0,9962;0,5732;0,3954;0,9384;0,2;0,0222;0,6074;0,7233;0,5947;0,5373;0,028;0,1894;0,2782;0,35;0,3459;0,8867;0,731;0,8573;0,4206;0,3719
,42,42,42,42,42,42,42,42,42,42,42,43,43,43,43,43,43,43,43,43,43,43,43,43,43,43,43,43,43,43,43,43,43,43,43,43,43,43,43,43,43,43,43,43,43,43,44,44,44,44,44,44,44,44,44,44,44,44,44,44,44,45,45,45,45,45,45,45,45,45,45,45,46,46,46,46,46,46,46,46,47,47,47,47,47,47,47,47,47,47,48,48,48,49,49,49,49,49,50,54
Fitness 11,28229, Gen ;0,4216;0,9962;0,5732;0,3954;0,9384;0,2;0,0222;0,6074;0,7233;0,5947;0,5373;0,028;0,1894;0,2782;0,35;0,3459;0,8867;0,731;0,8573;0,4206;0,3719
,91,91,92,92,92,92,92,92,92,93,93,93,93,93,93,93,94,94,94,94,94,94,94,94,94,94,94,94,94,94,94,94,95,95,95,95,95,95,95,95,95,95,95,95,95,95,95,95,95,95,95,95,95,95,95,95,95,95,95,95,95,95,95,95,96,96,96,97,97,97,97,98,98,98,98,98,99,99,100,100,100,100,100,100,100,101,101,102,102,102,102,104,107,112,113,113,114,114,114,118
Fitness 1,747718, Gen ;0,4216;0,9962;0,5732;0,3954;0,9384;0,2;0,0222;0,6074;0,7233;0,5947;0,5373;0,028;0,1894;0,2782;0,35;0,3459;0,8867;0,731;0,8573;0,4206;0,3719
,47,48,48,48,49,50,50,50,50,50,50,50,50,50,50,50,50,50,50,50,50,50,50,50,50,50,51,51,51,51,51,51,51,51,51,51,51,51,51,51,51,51,51,51,51,51,51,51,51,51,51,51,51,51,51,51,51,51,51,51,51,52,52,52,52,52,52,52,52,52,53,53,59,61,61,63,64,64,65,65,65,65,67,70,70,70,70,71,71,71,71,71,71,71,72,72,72,72,74,160
Fitness 54,65135, Gen ;0,4216;0,9962;0,5732;0,3954;0,9384;0,2;0,0222;0,6074;0,7233;0,5947;0,5373;0,028;0,1894;0,2782;0,35;0,3459;0,8867;0,731;0,8573;0,4206;0,3719
,52,52,52,53,53,54,54,54,54,54,54,55,55,55,55,55,55,55,55,55,55,55,55,55,55,55,55,55,55,55,55,55,55,55,55,56,56,56,56,56,56,56,56,56,56,56,56,56,56,56,56,56,56,56,56,56,56,56,56,56,56,56,56,56,56,57,57,57,57,57,57,57,57,58,58,58,58,58,58,58,59,59,59,59,59,59,59,60,60,60,61,61,61,61,61,61,62,64,65,68
Fitness 24,8363, Gen ;0,4216;0,9962;0,5732;0,3954;0,9384;0,2;0,0222;0,6074;0,7233;0,5947;0,5373;0,028;0,1894;0,2782;0,35;0,3459;0,8867;0,731;0,8573;0,4206;0,3719
,83,84,84,84,84,84,84,84,84,85,85,85,85,85,85,85,85,85,85,86,86,86,86,86,87,87,87,87,87,88,88,88,88,89,89,89,89,89,89,89,89,89,89,89,90,90,90,90,90,90,90,90,90,90,90,90,90,90,90,90,90,90,90,90,90,90,90,90,90,90,90,90,90,90,90,90,90,90,90,90,90,90,90,90,90,90,91,91,91,91,91,91,91,91,92,92,92,92,92,92
Fitness 59,99121, Gen ;0,4216;0,9962;0,5732;0,3954;0,9384;0,2;0,0222;0,6074;0,7233;0,5947;0,5373;0,028;0,1894;0,2782;0,35;0,3459;0,8867;0,731;0,8573;0,4206;0,3719
,43,43,45,45,45,45,45,45,46,46,46,46,46,46,46,46,46,46,47,47,47,47,47,47,47,47,47,47,47,47,47,47,47,47,47,47,47,47,47,47,47,47,47,47,47,47,47,47,47,47,47,47,47,47,48,48,48,48,48,48,48,48,48,48,49,49,49,49,49,50,50,50,50,50,51,51,51,51,51,52,52,52,52,54,55,55,56,56,57,57,57,58,59,60,60,60,61,61,66,66
Fitness 21,4096, Gen ;0,4216;0,9962;0,5732;0,3954;0,9384;0,2;0,0222;0,6074;0,7233;0,5947;0,5373;0,028;0,1894;0,2782;0,35;0,3459;0,8867;0,731;0,8573;0,4206;0,3719
,66,67,67,67,68,68,68,68,68,68,68,68,68,68,69,69,70,70,70,70,70,71,71,71,71,71,71,71,71,71,71,71,71,71,82,82,83,83,83,83,83,83,83,83,83,84,84,84,84,84,84,84,84,85,85,85,85,85,85,85,85,85,85,85,85,85,85,85,86,86,86,86,86,86,86,87,87,87,88,89,89,90,90,90,90,90,90,90,90,90,90,90,91,91,91,91,92,92,97,102
Fitness 58,013, Gen ;0,4216;0,9962;0,5732;0,3954;0,9384;0,2;0,0222;0,6074;0,7233;0,5947;0,5373;0,028;0,1894;0,2782;0,35;0,3459;0,8867;0,731;0,8573;0,4206;0,3719
,43,44,44,44,44,44,44,45,45,45,45,46,46,46,46,46,46,46,46,46,46,46,46,46,46,46,46,46,46,46,46,46,47,47,47,47,47,47,47,47,47,47,47,47,47,47,47,47,47,47,47,47,47,47,47,47,47,47,47,47,48,48,48,48,49,49,49,49,49,50,50,50,50,50,50,50,50,50,50,50,51,51,51,51,51,51,51,52,52,52,52,52,53,55,62,63,63,63,63,69
Fitness 30,80841, Gen ;0,4216;0,9962;0,5732;0,3954;0,9384;0,2;0,0222;0,6074;0,7233;0,5947;0,5373;0,028;0,1894;0,2782;0,35;0,3459;0,8867;0,731;0,8573;0,4206;0,3719
,49,50,50,50,51,51,51,51,51,51,51,51,51,51,52,52,52,52,52,52,52,52,52,52,52,52,52,52,52,52,52,52,52,52,52,52,52,52,52,52,52,52,52,52,52,52,53,53,53,53,53,53,53,53,53,53,53,53,53,53,53,54,54,54,54,55,55,55,55,55,55,55,55,55,55,55,55,55,55,55,56,56,56,56,56,56,56,56,56,56,56,95,95,95,95,95,95,95,96,96
Fitness 0,0001006973, Gen ;0,4216;0,9962;0,5732;0,3954;0,9384;0,2;0,0222;0,6074;0,7233;0,5947;0,5373;0,028;0,1894;0,2782;0,35;0,3459;0,8867;0,731;0,8573;0,4206;0,3719
,50,52,52,52,53,53,53,53,53,53,53,53,53,53,53,53,54,54,54,54,54,54,54,54,54,54,54,54,54,54,54,54,54,54,54,54,54,54,54,54,54,54,54,54,54,54,54,54,54,54,54,54,55,55,55,55,55,55,55,55,55,55,55,55,56,56,56,56,56,56,56,56,56,56,57
Fitness 0,08012119, Gen ;0,4216;0,9962;0,5732;0,3954;0,9384;0,2;0,0222;0,6074;0,7233;0,5947;0,5373;0,028;0,1894;0,2782;0,35;0,3459;0,8867;0,731;0,8573;0,4206;0,3719
,43,43,43,43,44,44,44,44,44,45,45,45,45,45,45,45,45,45,45,46,46,46,46,46,46,46,46,46,46,46,46,46,46,46,46,46,46,46,46,47,47,47,47,47,47,47,47,47,47,47,47,47,47,47,47,47,47,47,47,47,47,47,48,48,48,48,48,48,48,48,49,49,151,151,151,152,153,153,153,153,153,154,154,154,154,154,154,154,155,155,155,155,155,156,156,156,156,156,156,175
Fitness 30,77621, Gen ;0,4216;0,9962;0,5732;0,3954;0,9384;0,2;0,0222;0,6074;0,7233;0,5947;0,5373;0,028;0,1894;0,2782;0,35;0,3459;0,8867;0,731;0,8573;0,4206;0,3719
,73,74,74,74,75,75,75,75,76,76,76,76,76,76,76,76,76,76,76,76,77,77,77,77,77,77,77,77,77,77,77,77,77,77,77,77,77,77,77,78,78,78,78,78,78,78,78,79,79,79,79,80,80,80,80,80,80,80,80,81,81,81,81,82,82,82,82,82,82,82,82,82,82,82,82,83,83,83,83,83,83,83,83,83,83,84,84,84,84,84,84,84,85,85,86,86,86,87,87,87
Fitness 5,9733E-05, Gen ;0,4216;0,9962;0,5732;0,3954;0,9384;0,2;0,0222;0,6074;0,7233;0,5947;0,5373;0,028;0,1894;0,2782;0,35;0,3459;0,8867;0,731;0,8573;0,4206;0,3719
,54,54,55,56,56,56,56,57,57,57,57,57,57,57,57,57,57,57,57,57,57,57,58,58,58,58,58,58,58,58,58,58,58,58,58,58,58,58,58,58,58,58,58,58,58,58,58,58,58,58,58,58,59,59,59,59,59,59,59,59,59,60,60,60,60,61,61,61,61,62,62,62,62,63,63,64,64,64,64,67,68,68,68,68,68,68,68,68,68,68,68,68,69,69,70,76,76,77,80
Fitness 21,4259, Gen ;0,4216;0,9962;0,5732;0,3954;0,9384;0,2;0,0222;0,6074;0,7233;0,5947;0,5373;0,028;0,1894;0,2782;0,35;0,3459;0,8867;0,731;0,8573;0,4206;0,3719
,84,85,85,85,85,85,85,85,85,85,86,86,86,86,86,86,87,87,87,87,87,87,87,87,87,87,88,88,88,88,88,88,88,88,88,88,88,88,88,88,88,88,88,88,88,88,88,88,88,88,88,88,88,88,88,88,88,88,88,88,88,89,89,89,89,89,89,89,89,89,89,90,90,91,91,91,91,92,92,92,92,92,92,92,93,93,93,93,93,94,94,94,95,96,96,97,97,97,98,98
Fitness 27,36335, Gen ;0,4216;0,9962;0,5732;0,3954;0,9384;0,2;0,0222;0,6074;0,7233;0,5947;0,5373;0,028;0,1894;0,2782;0,35;0,3459;0,8867;0,731;0,8573;0,4206;0,3719
,77,77,81,81,81,81,81,81,81,81,81,81,81,82,82,82,82,82,82,82,82,82,82,82,82,82,82,82,82,83,83,83,83,83,83,83,83,83,83,83,83,83,83,84,84,84,84,84,84,84,84,85,85,85,85,85,85,85,85,85,85,85,85,85,85,85,85,85,85,85,85,85,85,85,85,85,85,86,86,86,86,86,86,86,86,86,86,86,86,86,87,87,87,87,88,88,89,89,90,90
Fitness 29,13286, Gen ;0,4216;0,9962;0,5732;0,3954;0,9384;0,2;0,0222;0,6074;0,7233;0,5947;0,5373;0,028;0,1894;0,2782;0,35;0,3459;0,8867;0,731;0,8573;0,4206;0,3719
,72,72,72,72,72,72,73,73,74,74,74,74,75,75,75,75,75,75,76,76,79,79,79,79,80,80,80,80,80,80,80,80,80,80,80,80,80,80,80,80,80,81,81,81,81,81,81,81,81,82,82,82,82,82,82,82,82,82,82,83,83,83,83,83,83,83,83,83,83,83,83,83,83,83,83,83,83,83,83,84,84,84,84,84,84,84,84,84,84,84,84,85,85,85,85,86,86,86,86,89
Fitness 0,0001783773, Gen ;0,4216;0,9962;0,5732;0,3954;0,9384;0,2;0,0222;0,6074;0,7233;0,5947;0,5373;0,028;0,1894;0,2782;0,35;0,3459;0,8867;0,731;0,8573;0,4206;0,3719
,78,78,78,79,79,79,79,79,79,79,79,79,80,80,80,80,80,80,80,80,80,80,80,80,81,81,81,81,81,81,81,82,82,82,82,82,82,82,82,82,83,83,83,83,83,83,83,83,83,83,83,83,83,83,83,83,83,83,83,83,83,83,83,83,83,83,83,83,83,83,84,84,84,84,84,84,84,84,84,84,84,84,177,178,178,178,178,178,179,179,179,179,179,179,179,179,179
Fitness 51,02557, Gen ;0,4216;0,9962;0,5732;0,3954;0,9384;0,2;0,0222;0,6074;0,7233;0,5947;0,5373;0,028;0,1894;0,2782;0,35;0,3459;0,8867;0,731;0,8573;0,4206;0,3719
,50,50,51,52,52,53,53,53,53,53,53,53,53,53,53,53,53,53,53,54,54,54,54,54,54,54,54,54,54,54,54,54,54,54,54,54,54,54,54,54,54,54,54,54,54,55,55,55,55,55,55,55,55,55,55,55,55,55,55,55,55,56,56,56,56,56,56,56,56,57,57,58,58,58,59,59,59,59,61,61,63,64,64,64,66,69,69,70,70,70,70,70,70,70,71,71,71,71,71,72
Fitness 60,48772, Gen ;0,4216;0,9962;0,5732;0,3954;0,9384;0,2;0,0222;0,6074;0,7233;0,5947;0,5373;0,028;0,1894;0,2782;0,35;0,3459;0,8867;0,731;0,8573;0,4206;0,3719
,46,46,46,46,46,46,46,47,47,47,47,48,48,48,48,48,48,49,49,49,49,49,49,49,49,49,49,49,49,49,49,49,49,49,49,49,49,50,50,50,50,50,50,50,50,50,50,50,50,50,50,50,50,50,50,50,50,50,50,50,50,50,50,51,51,51,51,51,51,51,51,51,51,51,51,51,51,52,52,52,52,52,52,52,52,53,53,53,53,53,54,54,55,55,56,56,57,57,58,65
Fitness 66,87571, Gen ;0,4216;0,9962;0,5732;0,3954;0,9384;0,2;0,0222;0,6074;0,7233;0,5947;0,5373;0,028;0,1894;0,2782;0,35;0,3459;0,8867;0,731;0,8573;0,4206;0,3719
,43,44,44,44,45,45,45,45,45,45,45,46,46,46,46,46,46,46,47,47,47,47,47,47,47,47,47,47,47,47,47,47,47,47,47,47,47,47,47,47,47,47,47,47,47,47,47,47,47,47,47,47,47,47,47,47,47,47,47,48,48,48,48,48,48,48,48,48,48,48,49,49,49,49,49,49,49,50,50,50,50,50,51,51,51,51,51,51,51,51,51,52,52,53,53,53,54,55,56,61
Fitness 78,07137, Gen ;0,4216;0,9962;0,5732;0,3954;0,9384;0,2;0,0222;0,6074;0,7233;0,5947;0,5373;0,028;0,1894;0,2782;0,35;0,3459;0,8867;0,731;0,8573;0,4206;0,3719
,39,40,40,41,41,41,41,41,41,41,41,41,41,41,42,42,42,42,42,43,43,43,43,43,43,43,43,43,43,43,43,43,43,43,43,43,43,43,43,43,43,43,43,43,43,43,43,43,43,43,43,43,43,43,43,43,43,44,44,44,44,44,44,44,44,44,44,44,44,44,44,44,44,44,44,44,45,45,45,45,45,45,45,45,45,46,46,46,46,46,46,46,46,46,47,48,48,49,50,53
Fitness 53,74677, Gen ;0,4216;0,9962;0,5732;0,3954;0,9384;0,2;0,0222;0,6074;0,7233;0,5947;0,5373;0,028;0,1894;0,2782;0,35;0,3459;0,8867;0,731;0,8573;0,4206;0,3719
,51,51,51,52,52,52,52,53,53,53,53,53,53,53,54,54,54,54,54,54,54,54,54,54,54,54,54,54,54,54,54,54,54,54,54,54,54,54,54,54,54,54,54,54,54,54,54,54,54,54,54,54,54,55,55,55,55,55,55,55,55,55,55,55,56,56,56,56,56,56,56,56,56,56,56,56,57,57,57,57,57,57,57,57,58,58,58,58,58,58,58,59,59,60,61,61,61,62,62,70
Fitness 52,77264, Gen ;0,4216;0,9962;0,5732;0,3954;0,9384;0,2;0,0222;0,6074;0,7233;0,5947;0,5373;0,028;0,1894;0,2782;0,35;0,3459;0,8867;0,731;0,8573;0,4206;0,3719
,57,57,58,59,59,59,59,59,59,59,59,59,59,59,59,59,59,60,60,60,60,60,60,60,60,60,60,60,60,60,60,60,60,60,60,60,60,60,60,60,60,60,60,60,60,61,61,61,61,61,61,61,61,61,61,61,61,61,61,61,61,62,62,62,62,62,62,62,62,62,62,62,62,62,62,62,62,62,62,62,63,63,63,63,63,63,63,63,63,64,64,65,65,65,67,67,68,68,68,68
Fitness 57,19625, Gen ;0,4216;0,9962;0,5732;0,3954;0,9384;0,2;0,0222;0,6074;0,7233;0,5947;0,5373;0,028;0,1894;0,2782;0,35;0,3459;0,8867;0,731;0,8573;0,4206;0,3719
,52,52,52,52,52,52,52,52,52,53,53,54,54,54,54,54,54,54,55,55,55,55,55,55,55,55,55,55,55,55,55,55,55,55,55,55,55,55,55,55,55,55,55,55,55,55,55,56,56,56,56,56,56,56,56,56,56,56,56,56,56,57,57,57,57,57,57,57,57,57,58,58,58,58,58,58,58,58,58,58,58,58,58,59,59,59,59,59,59,59,59,59,59,59,61,61,61,65,65,66
Fitness 47,31748, Gen ;0,4216;0,9962;0,5732;0,3954;0,9384;0,2;0,0222;0,6074;0,7233;0,5947;0,5373;0,028;0,1894;0,2782;0,35;0,3459;0,8867;0,731;0,8573;0,4206;0,3719
,50,50,50,50,50,51,51,52,52,53,53,53,53,53,53,53,53,53,53,53,53,53,53,53,53,53,53,53,53,53,53,53,54,54,54,54,54,54,54,54,54,54,54,54,54,54,54,54,54,54,54,54,54,54,54,54,54,55,55,55,55,55,55,55,55,55,55,55,56,56,56,56,56,56,56,57,57,58,58,58,59,59,61,62,63,63,63,66,66,66,66,67,67,67,68,70,72,76,76,76
Fitness 69,30798, Gen ;0,4216;0,9962;0,5732;0,3954;0,9384;0,2;0,0222;0,6074;0,7233;0,5947;0,5373;0,028;0,1894;0,2782;0,35;0,3459;0,8867;0,731;0,8573;0,4206;0,3719
,41,42,42,42,42,42,43,43,43,43,43,43,43,43,43,44,44,44,44,44,44,44,44,44,44,44,44,44,44,44,44,44,44,44,44,44,44,44,44,44,44,44,44,44,44,44,44,44,44,44,44,44,44,44,44,44,44,44,44,44,45,45,45,45,45,45,45,46,47,47,47,47,48,48,48,48,48,48,49,49,49,49,49,49,49,49,50,50,50,50,50,50,51,51,51,52,54,56,57,60
Fitness 69,8513, Gen ;0,4216;0,9962;0,5732;0,3954;0,9384;0,2;0,0222;0,6074;0,7233;0,5947;0,5373;0,028;0,1894;0,2782;0,35;0,3459;0,8867;0,731;0,8573;0,4206;0,3719
,42,42,42,43,43,43,44,44,44,44,44,45,45,45,45,45,45,45,45,45,45,45,45,45,45,45,45,45,45,45,45,45,45,45,45,45,45,45,45,45,45,45,46,46,46,46,46,46,46,46,46,46,46,46,46,46,46,46,46,46,46,46,46,46,46,47,47,47,47,47,47,47,47,47,47,47,47,47,47,47,47,48,48,48,48,48,48,48,48,48,48,49,49,50,52,53,53,53,54,59
Fitness 0,0001188201, Gen ;0,4216;0,9962;0,5732;0,3954;0,9384;0,2;0,0222;0,6074;0,7233;0,5947;0,5373;0,028;0,1894;0,2782;0,35;0,3459;0,8867;0,731;0,8573;0,4206;0,3719
,48,48,49,49,49,50,50,50,50,50,50,50,50,51,51,51,51,51,51,51,51,51,51,51,51,51,51,51,51,51,51,51,51,51,51,51,51,51,51,51,51,51,51,51,51,51,51,51,51,52,52,52,52,52,52,52,52,52,52,52,52,52,52,52,52,52,53,54,55,55,56,56,56,56,57,57,58,58,58,58,58,58,58,60,61,61,61,61,61,61,61,140,140
Fitness 69,73845, Gen ;0,4216;0,9962;0,5732;0,3954;0,9384;0,2;0,0222;0,6074;0,7233;0,5947;0,5373;0,028;0,1894;0,2782;0,35;0,3459;0,8867;0,731;0,8573;0,4206;0,3719
,45,45,45,45,45,46,47,47,47,47,47,47,47,47,47,47,47,47,48,48,48,48,48,48,48,48,48,48,48,48,48,48,48,48,48,48,48,48,48,48,48,48,48,48,48,48,48,48,48,48,48,49,49,49,49,49,49,49,49,49,49,49,49,49,50,50,50,50,50,50,50,50,51,51,51,51,51,51,51,51,51,51,51,51,52,52,52,52,52,52,53,53,54,54,56,56,57,57,58,58
Fitness 63,97301, Gen ;0,4216;0,9962;0,5732;0,3954;0,9384;0,2;0,0222;0,6074;0,7233;0,5947;0,5373;0,028;0,1894;0,2782;0,35;0,3459;0,8867;0,731;0,8573;0,4206;0,3719
,45,45,45,45,46,46,46,46,46,46,47,47,47,47,47,47,47,48,48,48,48,48,48,48,48,48,48,49,49,49,49,49,49,49,49,49,49,49,49,49,49,49,49,49,49,49,49,49,49,49,49,49,49,49,49,49,49,49,49,49,49,49,49,50,50,50,50,50,50,50,50,50,50,50,50,51,51,51,51,51,51,51,52,52,52,52,52,52,52,52,53,53,53,54,55,56,57,57,61,63
Fitness 71,48877, Gen ;0,4216;0,9962;0,5732;0,3954;0,9384;0,2;0,0222;0,6074;0,7233;0,5947;0,5373;0,028;0,1894;0,2782;0,35;0,3459;0,8867;0,731;0,8573;0,4206;0,3719
,44,44,44,44,44,45,45,45,46,46,46,46,46,46,46,46,46,46,47,47,47,47,47,47,47,47,47,47,47,47,47,47,47,47,47,47,47,47,47,47,47,47,47,47,47,47,47,47,47,47,47,47,47,47,47,47,48,48,48,48,48,48,48,48,48,48,48,48,48,48,49,49,49,49,50,50,50,50,50,50,50,50,50,50,51,51,51,51,51,51,51,51,51,52,52,53,53,55,56,57
Fitness 12,57659, Gen ;0,4216;0,9962;0,5732;0,3954;0,9384;0,2;0,0222;0,6074;0,7233;0,5947;0,5373;0,028;0,1894;0,2782;0,35;0,3459;0,8867;0,731;0,8573;0,4206;0,3719
,45,45,45,46,46,46,46,46,46,47,47,47,47,47,48,48,48,48,48,48,48,48,48,48,48,48,48,48,48,48,48,48,48,48,48,48,48,48,49,49,49,49,49,49,49,49,49,49,49,49,49,49,49,49,49,49,49,49,49,49,49,49,49,49,49,50,50,51,51,51,51,112,112,112,113,113,113,113,113,113,113,113,114,114,114,115,115,115,115,115,115,116,117,118,118,118,118,120,121,124
Fitness 57,40135, Gen ;0,4216;0,9962;0,5732;0,3954;0,9384;0,2;0,0222;0,6074;0,7233;0,5947;0,5373;0,028;0,1894;0,2782;0,35;0,3459;0,8867;0,731;0,8573;0,4206;0,3719
,52,52,52,52,52,53,53,53,53,53,54,54,54,54,54,54,54,55,55,55,55,55,55,55,55,55,55,55,55,55,55,55,55,55,55,55,55,55,55,55,55,55,55,55,55,55,55,55,56,56,56,56,56,56,56,56,56,56,56,56,56,57,57,57,57,57,58,58,58,58,58,58,58,58,58,58,58,58,59,59,59,59,59,60,60,60,60,60,60,60,60,61,61,61,61,61,61,62,62,66
Fitness 52,43836, Gen ;0,4216;0,9962;0,5732;0,3954;0,9384;0,2;0,0222;0,6074;0,7233;0,5947;0,5373;0,028;0,1894;0,2782;0,35;0,3459;0,8867;0,731;0,8573;0,4206;0,3719
,49,49,49,50,50,50,50,50,50,50,50,50,50,50,51,51,51,51,51,51,51,51,51,51,51,51,51,51,51,51,51,51,51,51,51,51,51,51,51,51,51,51,51,51,51,51,51,51,51,51,51,51,51,51,51,51,52,52,52,52,52,52,53,53,53,54,54,55,55,55,55,55,55,56,56,56,56,56,56,57,57,57,57,58,58,58,58,59,59,59,59,59,59,59,59,59,60,62,68,72
Fitness 60,54433, Gen ;0,4216;0,9962;0,5732;0,3954;0,9384;0,2;0,0222;0,6074;0,7233;0,5947;0,5373;0,028;0,1894;0,2782;0,35;0,3459;0,8867;0,731;0,8573;0,4206;0,3719
,46,47,47,47,48,48,48,48,48,48,48,48,48,48,48,49,49,49,49,49,49,49,49,49,49,49,49,49,49,49,49,49,49,49,49,49,49,49,49,49,49,49,49,49,49,49,50,50,50,50,50,50,50,50,50,51,51,51,51,51,51,51,51,51,51,51,51,52,52,52,52,52,52,52,52,52,52,52,52,52,52,52,52,52,52,52,53,53,53,53,53,53,54,54,54,54,54,60,62,65
Fitness 7,262909E-05, Gen ;0,4216;0,9962;0,5732;0,3954;0,9384;0,2;0,0222;0,6074;0,7233;0,5947;0,5373;0,028;0,1894;0,2782;0,35;0,3459;0,8867;0,731;0,8573;0,4206;0,3719
,42,42,42,43,43,43,43,44,44,44,44,44,44,44,44,45,45,45,45,45,45,45,45,45,45,45,45,45,45,45,45,45,45,45,45,45,45,45,45,45,45,45,45,45,45,45,45,45,46,46,46,46,46,46,46,46,46,46,46,46,46,46,46,46,46,47,47,47,47,47,47,47,47,47,47,47,47,48,48,48,48,49,49,49,49,49,49,49,50,50,50,50,50,50,52,52,53,53
Fitness 59,31911, Gen ;0,4216;0,9962;0,5732;0,3954;0,9384;0,2;0,0222;0,6074;0,7233;0,5947;0,5373;0,028;0,1894;0,2782;0,35;0,3459;0,8867;0,731;0,8573;0,4206;0,3719
,49,49,50,50,51,51,51,51,51,51,51,51,52,52,52,52,52,52,52,52,52,52,52,52,52,52,52,52,52,52,52,52,52,52,52,52,52,52,52,52,52,52,52,52,52,52,52,53,53,53,53,53,53,53,53,53,53,53,53,53,53,53,53,53,54,54,54,55,56,56,56,56,56,57,57,57,57,57,57,58,58,58,58,58,58,58,58,58,58,58,58,58,59,60,60,60,61,61,61,65
Fitness 26,019, Gen ;0,4216;0,9962;0,5732;0,3954;0,9384;0,2;0,0222;0,6074;0,7233;0,5947;0,5373;0,028;0,1894;0,2782;0,35;0,3459;0,8867;0,731;0,8573;0,4206;0,3719
,82,82,82,82,82,82,82,82,83,83,83,83,83,83,83,83,83,83,83,83,83,84,84,84,84,84,85,85,85,85,85,85,85,85,85,85,85,85,85,85,85,86,86,86,86,86,86,86,86,86,86,86,86,86,86,86,86,86,86,86,86,86,86,86,86,86,86,86,86,86,86,86,86,86,87,87,87,87,87,87,87,87,87,87,87,88,88,88,89,89,89,89,89,90,90,90,90,90,91,92
Fitness 4,966971E-05, Gen ;0,4216;0,9962;0,5732;0,3954;0,9384;0,2;0,0222;0,6074;0,7233;0,5947;0,5373;0,028;0,1894;0,2782;0,35;0,3459;0,8867;0,731;0,8573;0,4206;0,3719
,50,50,50,51,51,51,51,52,52,52,52,52,52,52,52,53,53,53,53,53,53,53,53,53,53,53,53,53,53,53,53,53,53,53,53,53,53,53,53,53,53,53,53,53,53,54,54,54,54,54,54,54,54,54,54,54,54,54,54,55,55,55,55,55,55,57,57,58,58,59,60,60,60,61,61,62,62,63
Fitness 0,0001057893, Gen ;0,4216;0,9962;0,5732;0,3954;0,9384;0,2;0,0222;0,6074;0,7233;0,5947;0,5373;0,028;0,1894;0,2782;0,35;0,3459;0,8867;0,731;0,8573;0,4206;0,3719
,78,78,78,78,78,78,78,79,79,79,79,79,79,79,79,79,79,80,80,80,80,80,80,80,81,81,81,81,81,81,81,81,81,81,81,81,81,81,81,81,81,81,81,81,81,81,82,82,82,82,82,82,82,82,82,82,82,82,82,82,82,82,82,82,82,82,82,82,82,83,83,83,83,83,83,83,83,83,84,84,84,84,84,84,84,84,84,85,85,86,86,86,86,87,87,87,88
Fitness 31,27355, Gen ;0,4216;0,9962;0,5732;0,3954;0,9384;0,2;0,0222;0,6074;0,7233;0,5947;0,5373;0,028;0,1894;0,2782;0,35;0,3459;0,8867;0,731;0,8573;0,4206;0,3719
,72,72,73,73,73,73,73,73,73,73,73,73,73,73,73,73,73,73,74,74,74,74,74,74,74,74,74,74,75,75,75,75,75,75,75,75,75,75,75,75,75,75,75,75,75,75,76,76,76,76,76,76,76,76,76,76,76,76,76,76,76,76,76,76,76,76,76,77,77,77,77,77,77,77,77,77,77,77,77,77,77,78,78,78,78,78,78,78,78,78,79,79,79,80,81,86,86,86,86,88
Fitness 29,76887, Gen ;0,4216;0,9962;0,5732;0,3954;0,9384;0,2;0,0222;0,6074;0,7233;0,5947;0,5373;0,028;0,1894;0,2782;0,35;0,3459;0,8867;0,731;0,8573;0,4206;0,3719
,69,70,71,71,71,72,72,72,72,72,72,72,72,72,72,72,72,72,72,73,73,73,73,73,73,73,73,73,73,73,73,73,73,73,73,73,73,73,73,73,73,73,73,73,73,73,73,73,73,73,73,73,73,73,73,73,74,74,74,74,74,74,74,74,75,75,75,75,75,75,75,76,76,76,76,77,77,77,77,78,80,80,81,81,81,82,82,83,83,84,84,84,84,84,84,85,85,85,85,90
Fitness 65,6461, Gen ;0,4216;0,9962;0,5732;0,3954;0,9384;0,2;0,0222;0,6074;0,7233;0,5947;0,5373;0,028;0,1894;0,2782;0,35;0,3459;0,8867;0,731;0,8573;0,4206;0,3719
,40,40,40,40,41,41,42,42,42,42,42,42,42,43,43,43,43,43,43,43,43,43,44,44,44,44,44,44,44,44,44,44,44,44,44,44,44,44,44,44,44,44,44,44,44,44,44,44,44,44,44,44,44,44,44,44,44,44,44,44,44,44,45,45,45,45,45,45,45,45,45,45,45,45,45,45,46,46,46,46,47,47,47,48,48,48,50,50,50,50,51,51,51,51,51,52,52,59,60,63
Fitness 33,27173, Gen ;0,4216;0,9962;0,5732;0,3954;0,9384;0,2;0,0222;0,6074;0,7233;0,5947;0,5373;0,028;0,1894;0,2782;0,35;0,3459;0,8867;0,731;0,8573;0,4206;0,3719
,66,66,66,67,67,67,67,67,67,67,67,67,67,67,68,68,68,68,68,68,68,69,69,69,69,69,69,69,69,69,69,69,69,70,70,70,70,71,71,71,71,71,71,71,71,71,72,72,72,72,72,72,72,72,72,72,72,72,72,72,72,72,72,72,72,72,72,73,73,73,73,73,73,73,74,74,74,75,75,75,75,75,76,76,77,77,77,78,78,78,79,81,83,84,84,85,85,85,86,87
Fitness 5,236406E-05, Gen ;0,4216;0,9962;0,5732;0,3954;0,9384;0,2;0,0222;0,6074;0,7233;0,5947;0,5373;0,028;0,1894;0,2782;0,35;0,3459;0,8867;0,731;0,8573;0,4206;0,3719
,62,62,62,62,62,62,62,62,62,62,62,62,62,62,63,63,63,63,63,63,63,63,63,63,63,64,64,64,64,65,65,65,65,65,65,65,66,66,66,66,66,66,66,67,67,67,67,67,67,67,67,67,67,67,67,67,67,67,67,67,67,67,67,67,67,67,67,67,67,67,67,67,67,67,67,67,67,67,67,67,67,67,67,68,68,68,68,68,68,68,68,68,68,68,69,69,69,70
Fitness 6,700764E-05, Gen ;0,4216;0,9962;0,5732;0,3954;0,9384;0,2;0,0222;0,6074;0,7233;0,5947;0,5373;0,028;0,1894;0,2782;0,35;0,3459;0,8867;0,731;0,8573;0,4206;0,3719
,49,49,50,51,51,51,51,51,51,52,52,52,52,52,52,52,52,52,52,52,52,52,53,53,53,53,53,53,53,53,53,53,53,53,53,53,53,53,53,53,53,53,53,53,53,53,53,53,53,53,53,53,53,53,53,53,53,53,53,54,54,54,54,54,54,54,54,54,54,54,54,55,55,55,55,55,55,55,55,56,56,56,56,56,56,56,56,57,57,57,58,58,60,60
Fitness 4,367208E-05, Gen ;0,4216;0,9962;0,5732;0,3954;0,9384;0,2;0,0222;0,6074;0,7233;0,5947;0,5373;0,028;0,1894;0,2782;0,35;0,3459;0,8867;0,731;0,8573;0,4206;0,3719
,57,57,57,57,57,57,57,57,57,57,58,58,58,58,59,59,59,59,59,59,59,59,59,60,60,60,60,60,60,60,60,60,60,60,60,60,60,60,60,60,60,60,60,60,60,60,60,60,60,60,60,60,60,60,61,61,61,61,61,61,61,61,61,62,62,62,62,62,62,63,63,63,63,63,63,63,63,63,63,64,64,65,66,73,76,76,76,76,76,77,77
Fitness 47,79741, Gen ;0,4216;0,9962;0,5732;0,3954;0,9384;0,2;0,0222;0,6074;0,7233;0,5947;0,5373;0,028;0,1894;0,2782;0,35;0,3459;0,8867;0,731;0,8573;0,4206;0,3719
,52,53,54,54,54,54,54,54,54,55,55,55,55,55,55,55,55,56,56,56,56,56,56,56,56,56,56,56,56,56,56,56,56,56,56,56,56,56,56,56,56,56,56,56,56,56,56,56,56,56,56,56,56,57,57,57,57,57,57,57,57,57,57,58,59,59,60,60,60,60,60,61,61,61,61,62,62,62,63,63,66,66,67,67,67,67,68,68,68,68,69,69,69,70,71,71,72,73,74,74
Fitness 65,38678, Gen ;0,4216;0,9962;0,5732;0,3954;0,9384;0,2;0,0222;0,6074;0,7233;0,5947;0,5373;0,028;0,1894;0,2782;0,35;0,3459;0,8867;0,731;0,8573;0,4206;0,3719
,48,48,48,49,49,49,49,49,50,50,50,50,50,50,50,50,51,51,51,51,51,51,51,51,51,51,51,51,51,51,51,51,51,51,51,51,51,51,52,52,52,52,52,52,52,52,52,52,52,52,52,52,52,52,52,53,53,53,53,53,53,54,54,54,54,54,54,54,54,54,54,55,55,55,55,55,55,55,55,56,56,56,56,56,56,56,56,57,57,57,57,57,57,57,58,58,58,59,59,60
Fitness 6,329424E-05, Gen ;0,4216;0,9962;0,5732;0,3954;0,9384;0,2;0,0222;0,6074;0,7233;0,5947;0,5373;0,028;0,1894;0,2782;0,35;0,3459;0,8867;0,731;0,8573;0,4206;0,3719
,75,76,78,79,79,79,80,80,80,80,80,80,80,80,80,80,80,80,80,80,81,81,81,81,81,81,81,81,81,81,81,82,82,82,82,82,82,83,83,83,83,83,83,83,83,83,83,83,83,83,83,83,84,84,85,85,85,85,85,85,85,85,85,85,85,85,85,85,85,85,85,85,85,86,86,86,86,86,86,86,86,86,87,87,87,87,87,87,87,87,87,87,87,87,87,88,92,93,94
Fitness 24,16622, Gen ;0,4216;0,9962;0,5732;0,3954;0,9384;0,2;0,0222;0,6074;0,7233;0,5947;0,5373;0,028;0,1894;0,2782;0,35;0,3459;0,8867;0,731;0,8573;0,4206;0,3719
,80,80,80,80,80,80,80,80,81,81,81,81,81,81,81,81,81,81,81,81,82,82,82,82,82,82,82,82,82,83,83,83,83,83,83,83,83,83,83,83,83,83,83,83,83,83,83,83,84,84,84,84,84,84,84,84,84,84,84,84,84,84,84,84,84,84,84,84,84,84,84,85,85,85,85,85,85,85,85,85,85,86,86,86,86,86,87,87,87,87,87,87,88,89,89,90,90,94,95,96
Fitness 53,86173, Gen ;0,4216;0,9962;0,5732;0,3954;0,9384;0,2;0,0222;0,6074;0,7233;0,5947;0,5373;0,028;0,1894;0,2782;0,35;0,3459;0,8867;0,731;0,8573;0,4206;0,3719
,50,50,50,50,50,51,51,51,51,51,52,52,52,52,53,53,53,53,53,53,53,53,53,53,53,53,53,53,53,53,53,53,53,53,53,53,53,53,53,54,54,54,54,54,54,54,54,54,54,54,54,54,54,54,54,54,54,54,54,54,54,54,54,55,55,55,55,55,55,55,56,56,56,57,57,58,58,58,58,59,59,59,59,60,60,60,60,60,60,60,60,60,60,61,61,61,61,68,69,70
Fitness 55,70393, Gen ;0,4216;0,9962;0,5732;0,3954;0,9384;0,2;0,0222;0,6074;0,7233;0,5947;0,5373;0,028;0,1894;0,2782;0,35;0,3459;0,8867;0,731;0,8573;0,4206;0,3719
,52,52,52,52,53,53,53,53,53,54,54,55,55,55,55,55,55,55,55,55,55,55,55,55,55,55,55,55,55,55,55,55,55,55,55,55,55,55,55,55,55,56,56,56,56,56,56,56,56,56,56,56,56,56,56,56,56,57,57,57,57,57,57,57,58,58,59,59,59,59,59,59,59,59,59,59,59,59,59,60,60,60,60,60,60,60,61,61,61,61,61,61,62,62,63,63,64,64,64,67
Fitness 76,23119, Gen ;0,4216;0,9962;0,5732;0,3954;0,9384;0,2;0,0222;0,6074;0,7233;0,5947;0,5373;0,028;0,1894;0,2782;0,35;0,3459;0,8867;0,731;0,8573;0,4206;0,3719
,38,38,38,39,39,39,40,40,40,40,40,40,40,41,41,41,41,41,41,41,41,41,41,41,41,41,41,41,41,41,41,41,41,41,41,41,41,41,41,41,41,41,41,41,41,41,42,42,42,42,42,42,42,42,42,42,42,42,42,42,42,43,43,43,43,43,43,43,43,44,44,44,44,44,44,44,44,44,45,45,45,46,46,46,46,46,46,46,46,48,48,48,49,49,49,49,50,51,53,55
Fitness 51,96548, Gen ;0,4216;0,9962;0,5732;0,3954;0,9384;0,2;0,0222;0,6074;0,7233;0,5947;0,5373;0,028;0,1894;0,2782;0,35;0,3459;0,8867;0,731;0,8573;0,4206;0,3719
,50,50,51,51,51,51,51,51,51,51,51,53,53,54,54,54,54,54,54,54,54,54,54,54,54,54,54,54,54,54,54,54,54,54,54,54,54,54,54,54,54,54,54,54,54,54,54,54,54,54,54,54,54,54,55,55,55,55,55,55,55,55,55,55,55,55,55,56,56,56,56,57,57,57,57,57,57,57,57,57,57,57,58,58,58,58,58,58,58,58,58,59,59,59,60,68,69,69,70,72
Fitness 55,08597, Gen ;0,4216;0,9962;0,5732;0,3954;0,9384;0,2;0,0222;0,6074;0,7233;0,5947;0,5373;0,028;0,1894;0,2782;0,35;0,3459;0,8867;0,731;0,8573;0,4206;0,3719
,52,52,52,52,52,52,52,53,53,53,54,54,54,54,54,54,55,55,55,55,55,55,55,55,55,55,55,55,55,55,55,55,55,55,55,55,55,55,55,55,55,55,55,55,55,55,55,55,55,56,56,56,56,56,56,56,56,56,57,57,57,57,57,57,57,57,57,57,58,58,58,58,59,59,59,59,59,59,60,60,60,60,60,60,60,60,60,60,60,60,61,61,61,61,62,62,63,64,64,68
Fitness 67,89242, Gen ;0,4216;0,9962;0,5732;0,3954;0,9384;0,2;0,0222;0,6074;0,7233;0,5947;0,5373;0,028;0,1894;0,2782;0,35;0,3459;0,8867;0,731;0,8573;0,4206;0,3719
,45,45,45,45,45,46,46,46,46,46,46,46,47,47,47,47,48,48,48,48,48,48,48,48,48,48,48,48,48,48,48,48,48,48,48,48,48,48,48,48,48,48,48,48,48,48,48,48,48,49,49,49,49,49,49,49,49,49,49,49,49,49,49,49,49,49,49,49,49,49,50,50,50,50,50,50,50,50,51,51,51,51,52,52,52,52,52,53,53,53,53,53,54,54,55,55,55,56,56,59
Fitness 6,707123E-05, Gen ;0,4216;0,9962;0,5732;0,3954;0,9384;0,2;0,0222;0,6074;0,7233;0,5947;0,5373;0,028;0,1894;0,2782;0,35;0,3459;0,8867;0,731;0,8573;0,4206;0,3719
,56,56,57,57,58,58,58,58,58,59,59,59,59,59,59,59,59,59,60,60,60,60,60,60,60,60,60,60,60,60,60,60,60,60,60,60,60,60,60,61,61,61,61,61,61,61,61,61,61,62,62,63,63,63,63,63,63,63,63,64,64,64,64,65,65,65,65,65,66,66,66,66,66,66,66,66,67,67,67,67,67,67,67,68,68,68,68,69,69,69,69,70,70,70,70,71,71,71,72
Fitness 23,58982, Gen ;0,4216;0,9962;0,5732;0,3954;0,9384;0,2;0,0222;0,6074;0,7233;0,5947;0,5373;0,028;0,1894;0,2782;0,35;0,3459;0,8867;0,731;0,8573;0,4206;0,3719
,76,76,76,76,76,76,77,77,77,77,77,77,77,77,77,77,77,77,77,77,77,78,78,78,78,78,78,79,79,79,79,79,79,79,79,79,79,79,79,79,79,79,79,79,79,79,79,79,79,79,80,80,80,80,80,80,80,80,80,80,80,81,81,81,81,81,81,81,81,81,81,81,81,82,82,82,82,84,84,86,87,87,88,88,88,89,89,89,90,90,90,90,90,90,90,91,91,92,93,98
Fitness 0,0002707439, Gen ;0,4216;0,9962;0,5732;0,3954;0,9384;0,2;0,0222;0,6074;0,7233;0,5947;0,5373;0,028;0,1894;0,2782;0,35;0,3459;0,8867;0,731;0,8573;0,4206;0,3719
,55,55,55,56,56,56,56,56,56,56,57,57,57,57,57,57,57,58,58,58,58,58,58,58,58,58,58,58,58,58,58,58,58,58,58,58,58,58,58,58,58,58,58,58,58,58,58,58,59,59,59,59,59,59,59,59,59,59,59,59,59,60,60,60,60,61,61,61,62,62,62,62,63,63,63,63,64,64,64,64,65,65,65,65,65,177
Fitness 43,73509, Gen ;0,4216;0,9962;0,5732;0,3954;0,9384;0,2;0,0222;0,6074;0,7233;0,5947;0,5373;0,028;0,1894;0,2782;0,35;0,3459;0,8867;0,731;0,8573;0,4206;0,3719
,64,64,64,64,64,65,65,66,66,66,66,66,66,66,66,66,66,66,66,66,66,66,66,66,66,66,66,66,66,67,67,67,67,67,67,67,67,67,67,67,67,67,67,67,67,67,67,67,67,67,67,67,67,68,68,68,68,68,68,68,68,68,68,68,68,68,68,68,68,68,68,68,68,68,68,68,68,68,68,68,68,68,68,68,68,68,69,69,69,69,69,69,69,69,69,69,70,75,75,75
Fitness 59,37605, Gen ;0,4216;0,9962;0,5732;0,3954;0,9384;0,2;0,0222;0,6074;0,7233;0,5947;0,5373;0,028;0,1894;0,2782;0,35;0,3459;0,8867;0,731;0,8573;0,4206;0,3719
,49,49,49,49,49,49,49,50,50,50,50,50,50,50,50,51,51,51,51,52,52,52,52,53,53,53,53,53,53,53,53,53,53,53,53,53,53,53,53,53,53,53,53,53,53,53,53,53,53,53,53,53,53,53,53,53,53,53,53,53,53,53,53,53,53,53,54,54,54,54,54,54,54,54,54,54,54,54,54,54,54,54,54,55,55,55,55,55,55,56,57,57,58,58,58,58,58,59,59,65
Fitness 36,36996, Gen ;0,4216;0,9962;0,5732;0,3954;0,9384;0,2;0,0222;0,6074;0,7233;0,5947;0,5373;0,028;0,1894;0,2782;0,35;0,3459;0,8867;0,731;0,8573;0,4206;0,3719
,68,68,68,69,69,69,69,69,70,70,70,70,70,70,70,71,71,71,71,71,71,71,71,71,71,71,71,71,71,71,71,71,71,71,71,71,71,71,71,71,71,71,72,72,72,72,72,72,72,72,72,72,72,72,72,72,72,72,72,72,72,73,73,73,73,73,73,74,74,74,74,74,74,74,74,74,75,75,75,75,75,75,76,76,76,76,76,76,76,76,77,77,79,80,81,81,81,82,82,82
Fitness 7,728885, Gen ;0,4216;0,9962;0,5732;0,3954;0,9384;0,2;0,0222;0,6074;0,7233;0,5947;0,5373;0,028;0,1894;0,2782;0,35;0,3459;0,8867;0,731;0,8573;0,4206;0,3719
,49,49,49,49,50,50,50,51,51,51,52,52,52,52,52,52,52,52,52,52,52,52,52,52,52,52,52,52,52,52,52,52,52,52,52,52,52,52,52,52,52,52,52,52,52,52,53,53,53,53,53,53,53,53,53,53,53,53,53,53,53,53,53,53,54,54,54,54,55,55,55,55,56,56,56,56,56,56,57,57,57,57,57,80,81,81,81,82,82,82,82,82,82,82,82,82,83,83,85,137
Fitness 63,84278, Gen ;0,4216;0,9962;0,5732;0,3954;0,9384;0,2;0,0222;0,6074;0,7233;0,5947;0,5373;0,028;0,1894;0,2782;0,35;0,3459;0,8867;0,731;0,8573;0,4206;0,3719
,48,48,48,48,48,48,48,49,49,49,49,49,50,50,50,50,50,51,51,51,51,51,51,51,51,51,51,51,51,51,51,51,51,51,51,51,51,51,51,51,51,51,51,51,51,51,51,51,51,51,51,51,51,52,52,52,52,52,52,52,52,52,52,52,52,52,53,53,53,53,53,54,54,54,54,54,54,54,55,55,55,55,55,55,55,55,55,55,55,55,55,55,56,56,56,58,58,59,59,61
Fitness 65,70763, Gen ;0,4216;0,9962;0,5732;0,3954;0,9384;0,2;0,0222;0,6074;0,7233;0,5947;0,5373;0,028;0,1894;0,2782;0,35;0,3459;0,8867;0,731;0,8573;0,4206;0,3719
,45,46,46,46,47,47,47,47,47,47,47,47,47,47,47,47,47,47,48,48,48,48,48,48,48,48,48,48,48,48,48,48,48,48,48,48,48,48,48,48,48,48,48,48,48,48,48,49,49,49,49,49,49,49,49,49,49,49,49,49,49,49,49,49,49,49,49,49,49,49,49,50,50,50,50,51,51,51,52,52,52,52,53,53,54,55,55,55,55,55,55,55,55,55,55,55,56,58,59,61
Fitness 86,09756, Gen ;0,4216;0,9962;0,5732;0,3954;0,9384;0,2;0,0222;0,6074;0,7233;0,5947;0,5373;0,028;0,1894;0,2782;0,35;0,3459;0,8867;0,731;0,8573;0,4206;0,3719
,39,39,39,39,39,39,39,39,40,40,41,41,41,41,42,42,42,42,42,42,42,42,42,42,42,42,42,42,42,42,42,42,42,42,42,42,42,42,42,42,42,42,42,42,42,42,42,42,42,42,42,42,42,43,43,43,43,43,43,43,43,43,43,43,43,43,43,43,43,43,43,43,43,43,43,43,43,43,43,43,43,43,43,44,44,44,44,44,44,44,44,44,44,44,45,46,46,47,47,47
Fitness 41,29103, Gen ;0,4216;0,9962;0,5732;0,3954;0,9384;0,2;0,0222;0,6074;0,7233;0,5947;0,5373;0,028;0,1894;0,2782;0,35;0,3459;0,8867;0,731;0,8573;0,4206;0,3719
,58,58,58,58,58,58,59,59,59,59,59,59,59,59,59,59,59,59,59,59,59,59,59,59,59,59,59,59,59,59,59,59,59,59,59,59,59,59,59,59,59,59,59,59,59,59,59,60,60,60,60,60,60,60,60,60,60,60,60,60,60,60,60,61,61,61,61,61,61,61,61,61,61,67,67,68,68,68,69,69,71,72,72,73,73,73,74,74,75,75,75,75,75,76,76,76,77,79,79,80
Fitness 0,000112289, Gen ;0,4216;0,9962;0,5732;0,3954;0,9384;0,2;0,0222;0,6074;0,7233;0,5947;0,5373;0,028;0,1894;0,2782;0,35;0,3459;0,8867;0,731;0,8573;0,4206;0,3719
,51,52,52,53,53,53,53,53,53,53,53,53,53,53,53,53,53,53,53,53,53,53,53,53,53,53,53,53,53,53,54,54,54,54,54,54,54,54,54,54,54,54,54,54,54,54,54,54,54,54,54,54,54,54,54,54,54,54,55,55,55,55,55,55,56,56,56,56,56,57,57,57,57,57,57,58,58,58,58,58,58,58,58,58,58,58,59,59,59,59,59,60
Fitness 47,94985, Gen ;0,4216;0,9962;0,5732;0,3954;0,9384;0,2;0,0222;0,6074;0,7233;0,5947;0,5373;0,028;0,1894;0,2782;0,35;0,3459;0,8867;0,731;0,8573;0,4206;0,3719
,49,50,50,50,50,51,51,51,51,51,51,51,52,52,52,52,52,52,52,52,52,52,52,52,52,52,52,52,52,52,52,52,52,52,52,52,52,52,52,52,52,52,52,52,52,52,52,52,52,52,52,53,53,53,53,53,53,53,53,53,53,53,53,53,53,53,53,54,55,55,55,62,62,63,63,64,64,64,64,64,64,64,64,64,65,65,65,65,65,65,65,65,65,65,65,66,67,69,73,76
Fitness 47,83802, Gen ;0,4216;0,9962;0,5732;0,3954;0,9384;0,2;0,0222;0,6074;0,7233;0,5947;0,5373;0,028;0,1894;0,2782;0,35;0,3459;0,8867;0,731;0,8573;0,4206;0,3719
,54,55,55,55,55,56,56,56,56,56,56,56,56,56,57,57,57,57,57,57,57,57,57,57,57,57,57,57,57,57,57,57,57,57,57,57,57,57,58,58,58,58,58,58,58,58,58,58,58,58,58,58,58,58,59,59,59,59,59,59,59,59,60,60,61,62,62,63,63,64,64,64,64,64,64,64,65,65,65,65,65,65,65,65,65,65,66,66,66,66,66,66,67,67,67,67,68,68,71,74
Fitness 54,61538, Gen ;0,4216;0,9962;0,5732;0,3954;0,9384;0,2;0,0222;0,6074;0,7233;0,5947;0,5373;0,028;0,1894;0,2782;0,35;0,3459;0,8867;0,731;0,8573;0,4206;0,3719
,55,55,56,56,56,56,57,57,57,57,57,57,57,57,58,58,58,58,58,58,58,58,58,58,58,58,58,58,58,58,58,58,58,58,58,58,58,58,58,58,58,58,59,59,59,59,59,59,59,59,59,59,59,59,59,59,59,59,59,59,59,59,59,59,59,59,59,59,59,59,59,59,59,59,59,60,60,60,60,60,60,60,60,60,60,60,60,60,60,61,61,61,61,61,62,62,62,62,62,67
Fitness 61,01247, Gen ;0,4216;0,9962;0,5732;0,3954;0,9384;0,2;0,0222;0,6074;0,7233;0,5947;0,5373;0,028;0,1894;0,2782;0,35;0,3459;0,8867;0,731;0,8573;0,4206;0,3719
,48,48,48,49,49,49,49,49,49,49,49,50,50,50,50,50,50,50,50,51,51,51,51,51,51,51,51,51,51,51,51,51,51,51,51,51,51,51,51,51,51,51,51,51,51,51,51,51,51,51,51,51,51,51,51,52,52,52,52,52,52,52,52,53,54,54,54,54,55,56,56,57,57,57,57,57,57,57,57,57,57,57,57,57,58,58,58,58,58,58,59,59,60,60,61,61,62,63,63,64
