	5Ginelli ovc
	1 Voronoi ovcarjev
Fitness 0,007678953, Gen ;0,6667;0,2222;0,3333;0,3333;0,3333;0,1667;0,6;0,3;0,6667;0,6667;0,6;0,4;0,1556;0,375;0,6;0,1;0,5;0,6;0,95;0,2618;0,55

Fitness 0,00727716, Gen ;0,6667;0,2222;0,3333;0,3333;0,3333;0,1667;0,6;0,3;0,6667;0,6667;0,6;0,4;0,1556;0,375;0,6;0,1;0,5;0,6;0,95;0,2618;0,55

Fitness 0,007926372, Gen ;0,6667;0,2222;0,3333;0,3333;0,3333;0,1667;0,6;0,3;0,6667;0,6667;0,6;0,4;0,1556;0,375;0,6;0,1;0,5;0,6;0,95;0,2618;0,55

Fitness 0,007843092, Gen ;0,6667;0,2222;0,3333;0,3333;0,3333;0,1667;0,6;0,3;0,6667;0,6667;0,6;0,4;0,1556;0,375;0,6;0,1;0,5;0,6;0,95;0,2618;0,55
,217
Fitness 0,007587113, Gen ;0,6667;0,2222;0,3333;0,3333;0,3333;0,1667;0,6;0,3;0,6667;0,6667;0,6;0,4;0,1556;0,375;0,6;0,1;0,5;0,6;0,95;0,2618;0,55

Fitness 0,00761106, Gen ;0,6667;0,2222;0,3333;0,3333;0,3333;0,1667;0,6;0,3;0,6667;0,6667;0,6;0,4;0,1556;0,375;0,6;0,1;0,5;0,6;0,95;0,2618;0,55

Fitness 0,00753815, Gen ;0,6667;0,2222;0,3333;0,3333;0,3333;0,1667;0,6;0,3;0,6667;0,6667;0,6;0,4;0,1556;0,375;0,6;0,1;0,5;0,6;0,95;0,2618;0,55

Fitness 0,007776744, Gen ;0,6667;0,2222;0,3333;0,3333;0,3333;0,1667;0,6;0,3;0,6667;0,6667;0,6;0,4;0,1556;0,375;0,6;0,1;0,5;0,6;0,95;0,2618;0,55

Fitness 0,007414151, Gen ;0,6667;0,2222;0,3333;0,3333;0,3333;0,1667;0,6;0,3;0,6667;0,6667;0,6;0,4;0,1556;0,375;0,6;0,1;0,5;0,6;0,95;0,2618;0,55

Fitness 0,007434345, Gen ;0,6667;0,2222;0,3333;0,3333;0,3333;0,1667;0,6;0,3;0,6667;0,6667;0,6;0,4;0,1556;0,375;0,6;0,1;0,5;0,6;0,95;0,2618;0,55
,233
Fitness 0,007828057, Gen ;0,6667;0,2222;0,3333;0,3333;0,3333;0,1667;0,6;0,3;0,6667;0,6667;0,6;0,4;0,1556;0,375;0,6;0,1;0,5;0,6;0,95;0,2618;0,55
,199
Fitness 0,008005415, Gen ;0,6667;0,2222;0,3333;0,3333;0,3333;0,1667;0,6;0,3;0,6667;0,6667;0,6;0,4;0,1556;0,375;0,6;0,1;0,5;0,6;0,95;0,2618;0,55

Fitness 0,006889797, Gen ;0,6667;0,2222;0,3333;0,3333;0,3333;0,1667;0,6;0,3;0,6667;0,6667;0,6;0,4;0,1556;0,375;0,6;0,1;0,5;0,6;0,95;0,2618;0,55

Fitness 0,007653909, Gen ;0,6667;0,2222;0,3333;0,3333;0,3333;0,1667;0,6;0,3;0,6667;0,6667;0,6;0,4;0,1556;0,375;0,6;0,1;0,5;0,6;0,95;0,2618;0,55
,176,233
