	200Ginelli ovc
	3 Voronoi ovcarjev
Fitness 0,004975124, Gen ;0,6667;0,4;0,3333;0,3333;0,3333;0,1667;0,6;0,3;0,6667;0,6667;0,6;0,4;0,1273;0,375;0,6;0,1;0,5;0,6;0,95;0,2618;0,55

Fitness 0,004975124, Gen ;0,6667;0,4;0,3333;0,3333;0,3333;0,1667;0,6;0,3;0,6667;0,6667;0,6;0,4;0,1273;0,375;0,6;0,1;0,5;0,6;0,95;0,2618;0,55

Fitness 0,004975124, Gen ;0,6667;0,4;0,3333;0,3333;0,3333;0,1667;0,6;0,3;0,6667;0,6667;0,6;0,4;0,1273;0,375;0,6;0,1;0,5;0,6;0,95;0,2618;0,55

Fitness 0,004975124, Gen ;0,6667;0,4;0,3333;0,3333;0,3333;0,1667;0,6;0,3;0,6667;0,6667;0,6;0,4;0,1273;0,375;0,6;0,1;0,5;0,6;0,95;0,2618;0,55
,74,77,78,78,79,82,83,83,83,84,84,84,85,85,85,85,85,86,86,87,87,89,90,91,92,94,97,98,103,173
Fitness 0,004975124, Gen ;0,6667;0,4;0,3333;0,3333;0,3333;0,1667;0,6;0,3;0,6667;0,6667;0,6;0,4;0,1273;0,375;0,6;0,1;0,5;0,6;0,95;0,2618;0,55

Fitness 0,004975124, Gen ;0,6667;0,4;0,3333;0,3333;0,3333;0,1667;0,6;0,3;0,6667;0,6667;0,6;0,4;0,1273;0,375;0,6;0,1;0,5;0,6;0,95;0,2618;0,55
,48,49,49,49,49,49,49,49,49,49,49,49,49,49,50,50,50,50,50,50,50,50,50,50,50,50,50,51,51,51,51,51,51,51,51,51,51,51,51,51,51,51,51,51,51,51,51,51,51,52,52,52,52,52,52,52,52,52,52,52,52,52,52,52,52,52,52,52,52,52,52,52,52,52,52,53,53,53,53,53,53,53,53,53,53,53,53,53,53,53,53,53,53,53,53,53,54,54,54,54,54,54,54,54,54,54,54,54,54,54,54,54,54,54,54,54,54,54,54,54,54,54,54,54,54,54,54,54,54,54,55,55,55,55,55,55,55,55,55,55,55,55,55,55,55,55,55,55,55,55,55,55,55,55,55,55,55,56,56,56,56,56,56,56,56,56,56,56,57,57,57,57,58,58,58,58,58,62,62,63
Fitness 0,004975124, Gen ;0,6667;0,4;0,3333;0,3333;0,3333;0,1667;0,6;0,3;0,6667;0,6667;0,6;0,4;0,1273;0,375;0,6;0,1;0,5;0,6;0,95;0,2618;0,55

Fitness 0,004975124, Gen ;0,6667;0,4;0,3333;0,3333;0,3333;0,1667;0,6;0,3;0,6667;0,6667;0,6;0,4;0,1273;0,375;0,6;0,1;0,5;0,6;0,95;0,2618;0,55

Fitness 0,004975124, Gen ;0,6667;0,4;0,3333;0,3333;0,3333;0,1667;0,6;0,3;0,6667;0,6667;0,6;0,4;0,1273;0,375;0,6;0,1;0,5;0,6;0,95;0,2618;0,55
,119,120,120,120,123,124,124,125,125,125,125,126,126,126,126,126,126,126,126,126,126,126,127,127,127,127,127,127,127,128,128,128,128,128,128,128,128,128,128,128,129,129,129,129,129,129,129,129,129,129,129,130,130,130,130,130,130,130,130,130,130,130,131,131,131,131,131,131,131,131,131,132,132,132,132,132,132,132,132,132,132,132,132,132,132,132,132,132,133,133,133,133,133,133,133,133,133,133,133,133,133,134,134,134,134,134,134,134,134,134,134,134,135,135,135,135,135,135,135,135,135,136,136,136,136,136,136,136,136,136,136,136,136,136,137,137,137,137,137,137,137,137,137,137,138,138,138,138,138,138,138,138,139,139,139,139,139,139,139,139,139,140,140,140,140,140,140,140,140,140,140,140,141,141,141,141,141,141,141,141,141,141,141,141,142,142,142,142,142,142,143,143,144,144,145,146,146
Fitness 0,004975124, Gen ;0,6667;0,4;0,3333;0,3333;0,3333;0,1667;0,6;0,3;0,6667;0,6667;0,6;0,4;0,1273;0,375;0,6;0,1;0,5;0,6;0,95;0,2618;0,55
,64,65,65,65,65,65,66,66,66,66,66,66,66,66,66,66,66,67,67,67,67,67,67,67,67,67,67,67,67,67,67,67,67,67,68,68,68,68,68,68,68,68,68,68,68,68,68,68,69,69,69,69,69,69,69,69,69,69,69,69,69,69,69,70,70,70,70,70,70,70,70,71,71,72,72,72,72,73,73,73,74,74,74,75,75,76,76,78,79,79
Fitness 0,004975124, Gen ;0,6667;0,4;0,3333;0,3333;0,3333;0,1667;0,6;0,3;0,6667;0,6667;0,6;0,4;0,1273;0,375;0,6;0,1;0,5;0,6;0,95;0,2618;0,55

Fitness 0,004975124, Gen ;0,6667;0,4;0,3333;0,3333;0,3333;0,1667;0,6;0,3;0,6667;0,6667;0,6;0,4;0,1273;0,375;0,6;0,1;0,5;0,6;0,95;0,2618;0,55
,61,62,64,64,65,65,65,65,65,66,66,66,66,66,66,66,66,66,66,66,66,66,66,66,66,66,66,67,67,67,67,67,67,67,67,67,67,67,67,67,67,67,67,67,67,67,67,68,68,68,68,68,68,68,68,68,68,68,68,68,68,68,68,69,69,69,69,69,69,69,69,69,70,70,70,70,70,70,70,70,71,71,71,71,71,72,73,101
Fitness 0,004975124, Gen ;0,6667;0,4;0,3333;0,3333;0,3333;0,1667;0,6;0,3;0,6667;0,6667;0,6;0,4;0,1273;0,375;0,6;0,1;0,5;0,6;0,95;0,2618;0,55
,86,86,87,87,87,87,87,88,88,88,89,89,89,89,89,89,89,89,89,89,89,89,89,89,89,89,89,89,89,89,89,89,89,89,89,89,89,89,90,90,90,90,90,90,90,90,90,90,90,90,90,90,90,90,90,90,90,91,91,91,91,91,91,91,92,92,95,96
Fitness 0,004975124, Gen ;0,6667;0,4;0,3333;0,3333;0,3333;0,1667;0,6;0,3;0,6667;0,6667;0,6;0,4;0,1273;0,375;0,6;0,1;0,5;0,6;0,95;0,2618;0,55

Fitness 0,004975124, Gen ;0,6667;0,4;0,3333;0,3333;0,3333;0,1667;0,6;0,3;0,6667;0,6667;0,6;0,4;0,1273;0,375;0,6;0,1;0,5;0,6;0,95;0,2618;0,55
,44,44,44,44,44,45,45,45,45,45,45,45,45,45,45,45,45,45,45,45,45,45,45,45,45,45,45,45,45,45,45,45,46,46,46,46,46,46,46,46,46,47,47,47,47,47,47,47,47,47,47,47,47,47,48,48,48,48,48,48,48,48,48,48,48,48,49,49,50,51,52,52,53,54,55,57,58,60
Fitness 0,004975124, Gen ;0,6667;0,4;0,3333;0,3333;0,3333;0,1667;0,6;0,3;0,6667;0,6667;0,6;0,4;0,1273;0,375;0,6;0,1;0,5;0,6;0,95;0,2618;0,55

Fitness 0,004975124, Gen ;0,6667;0,4;0,3333;0,3333;0,3333;0,1667;0,6;0,3;0,6667;0,6667;0,6;0,4;0,1273;0,375;0,6;0,1;0,5;0,6;0,95;0,2618;0,55

Fitness 0,004975124, Gen ;0,6667;0,4;0,3333;0,3333;0,3333;0,1667;0,6;0,3;0,6667;0,6667;0,6;0,4;0,1273;0,375;0,6;0,1;0,5;0,6;0,95;0,2618;0,55

Fitness 0,004975124, Gen ;0,6667;0,4;0,3333;0,3333;0,3333;0,1667;0,6;0,3;0,6667;0,6667;0,6;0,4;0,1273;0,375;0,6;0,1;0,5;0,6;0,95;0,2618;0,55

Fitness 0,004975124, Gen ;0,6667;0,4;0,3333;0,3333;0,3333;0,1667;0,6;0,3;0,6667;0,6667;0,6;0,4;0,1273;0,375;0,6;0,1;0,5;0,6;0,95;0,2618;0,55
,57,60,60,60,61,61,61,63,63,63,63,63,63,63,63,63,63,63,63,63,63,63,63,63,63,63,63,63,63,63,64,64,64,64,64,64,64,64,64,64,64,64,64,64,64,64,65,65,65,65,65,65,65,65,65,65,65,65,65,65,65,65,65,66,66,66,66,66,66,66,66,66,66,66,66,66,66,66,66,66,66,66,66,66,66,66,66,67,67,67,67,67,67,67,67,67,67,68,68,68,68,68,68,68,68,68,68,68,68,69,69,69,69,69,69,69,69,70,70,70,70,70,70,70,70,70,70,70,70,70,70,70,70,70,71,71,71,71,71,71,71,71,72,72,72,72,72,72,73,73,73,74,74,74,74,74,74,74,74,74,74,74,74,75,75,75,75,75,75,75,75,75,75,75,76,76,76,76,76,76,76,76,76,76,77,77,77,90,91,91,93,96,97,97,97,98,103,108
Fitness 0,004975124, Gen ;0,6667;0,4;0,3333;0,3333;0,3333;0,1667;0,6;0,3;0,6667;0,6667;0,6;0,4;0,1273;0,375;0,6;0,1;0,5;0,6;0,95;0,2618;0,55

Fitness 0,004975124, Gen ;0,6667;0,4;0,3333;0,3333;0,3333;0,1667;0,6;0,3;0,6667;0,6667;0,6;0,4;0,1273;0,375;0,6;0,1;0,5;0,6;0,95;0,2618;0,55

Fitness 0,004975124, Gen ;0,6667;0,4;0,3333;0,3333;0,3333;0,1667;0,6;0,3;0,6667;0,6667;0,6;0,4;0,1273;0,375;0,6;0,1;0,5;0,6;0,95;0,2618;0,55
,59,59,59,59,60,60,60,60,62,62,62,62,62,62,62,62,62,62,62,62,62,62,63,63,63,63,63,63,63,63,63,63,63,63,63,63,63,63,63,63,63,63,63,64,64,64,64,64,64,64,64,64,64,65,65,66,66,67,68,69,71,73,73,74,75,75
Fitness 48,05943, Gen ;0,6667;0,4;0,3333;0,3333;0,3333;0,1667;0,6;0,3;0,6667;0,6667;0,6;0,4;0,1273;0,375;0,6;0,1;0,5;0,6;0,95;0,2618;0,55
,47,48,48,48,48,48,48,48,48,48,48,48,48,48,48,48,48,48,49,49,49,49,49,49,49,49,49,49,49,49,49,49,49,49,49,49,49,49,49,49,49,49,49,49,49,49,49,50,50,50,50,50,50,50,50,50,50,50,50,50,50,50,50,50,50,50,51,51,51,51,51,51,51,51,51,51,51,51,51,51,52,52,52,52,52,52,52,52,52,52,52,52,53,53,53,53,53,53,53,53,53,53,53,53,53,53,53,53,53,53,53,53,53,53,54,54,54,54,54,54,54,54,54,54,54,54,54,54,54,54,54,54,54,54,54,54,54,54,54,54,54,54,54,54,54,55,55,55,55,55,55,55,55,55,55,55,55,55,56,56,56,56,56,56,56,56,56,56,56,57,57,57,57,57,57,57,57,57,57,58,58,58,58,58,58,58,58,58,59,59,59,59,60,60,61,61,62,62,63,77
Fitness 0,004975124, Gen ;0,6667;0,4;0,3333;0,3333;0,3333;0,1667;0,6;0,3;0,6667;0,6667;0,6;0,4;0,1273;0,375;0,6;0,1;0,5;0,6;0,95;0,2618;0,55
,72,72,72,72,72,72,73,73,73,73,73,73,73,73,73,73,73,74,74,74,74,74,74,74,74,74,74,74,74,75,75,75,75,75,75,75,75,75,75,75,75,75,75,76,76,76,76,76,76,76,76,76,76,76,76,76,76,76,76,77,77,77,77,77,77,77,77,77,77,77,77,77,77,77,77,77,77,77,77,77,77,77,77,77,77,77,77,77,77,77,77,77,77,77,77,77,77,77,77,77,77,77,78,78,78,78,78,78,78,78,78,78,78,78,78,78,78,78,78,78,78,78,78,78,78,78,78,78,78,79,79,79,79,79,79,79,79,79,79,79,79,79,80,80,80,80,80,81,82,82,82,82,83,84
Fitness 0,004975124, Gen ;0,6667;0,4;0,3333;0,3333;0,3333;0,1667;0,6;0,3;0,6667;0,6667;0,6;0,4;0,1273;0,375;0,6;0,1;0,5;0,6;0,95;0,2618;0,55

Fitness 0,004975124, Gen ;0,6667;0,4;0,3333;0,3333;0,3333;0,1667;0,6;0,3;0,6667;0,6667;0,6;0,4;0,1273;0,375;0,6;0,1;0,5;0,6;0,95;0,2618;0,55

Fitness 21,22791, Gen ;0,6667;0,4;0,3333;0,3333;0,3333;0,1667;0,6;0,3;0,6667;0,6667;0,6;0,4;0,1273;0,375;0,6;0,1;0,5;0,6;0,95;0,2618;0,55
,56,56,56,56,56,56,56,56,56,56,56,56,57,57,57,57,57,57,57,57,57,57,57,57,57,57,57,57,57,57,58,58,58,58,58,58,58,58,58,58,58,58,58,58,58,58,58,58,58,58,58,58,58,58,59,59,59,59,59,59,59,60,60,60,60,60,60,60,60,60,60,60,60,60,60,60,60,60,60,61,61,61,61,61,61,61,61,61,61,61,61,61,61,61,61,61,61,61,61,61,61,61,61,61,61,61,61,61,61,61,61,61,61,61,61,61,61,61,61,61,61,61,61,61,61,62,62,62,62,62,62,62,62,62,62,62,62,62,62,62,62,62,62,62,63,63,63,63,63,63,63,63,63,63,63,63,63,63,63,63,63,63,63,64,64,64,64,64,64,64,64,64,64,64,64,64,65,65,65,65,65,65,65,65,65,65,65,66,66,66,66,66,67,67,98,98,103,105,106,109
Fitness 0,004975124, Gen ;0,6667;0,4;0,3333;0,3333;0,3333;0,1667;0,6;0,3;0,6667;0,6667;0,6;0,4;0,1273;0,375;0,6;0,1;0,5;0,6;0,95;0,2618;0,55

Fitness 0,004975124, Gen ;0,6667;0,4;0,3333;0,3333;0,3333;0,1667;0,6;0,3;0,6667;0,6667;0,6;0,4;0,1273;0,375;0,6;0,1;0,5;0,6;0,95;0,2618;0,55
,50,50,50,50,51,51,51,51,51,51,51,51,51,51,51,51,51,51,51,51,51,51,51,51,51,51,51,51,51,51,51,51,51,51,52,52,52,52,52,52,52,52,52,52,52,52,52,52,52,52,52,52,52,52,52,52,52,52,52,52,52,52,52,52,52,53,53,53,53,53,53,53,53,53,53,53,53,53,53,53,53,53,53,53,53,53,53,53,53,53,53,54,54,54,54,54,54,54,54,54,54,54,55,55,55,55,55,55,55,56,56,56,56,56,56,56,56,56,56,56,56,56,56,56,56,56,56,56,56,56,57,57,57,57,57,57,57,57,57,57,57,57,57,57,57,57,57,57,57,57,57,57,57,57,58,58,58,58,58,58,58,58,58,58,59,59,59,59,60,60,60,61
Fitness 0,004975124, Gen ;0,6667;0,4;0,3333;0,3333;0,3333;0,1667;0,6;0,3;0,6667;0,6667;0,6;0,4;0,1273;0,375;0,6;0,1;0,5;0,6;0,95;0,2618;0,55
,77,79,79,79,79,80,80,80,80,80,80,80,80,80,81,81,81,81,82,82,82,82,83,83,84,84,84,84,84,85,85,85,86,86,86,87,87,87,88,88,88,88,88,88,88,89,89,89,89,89,89,89,90,90,91,91,91,91,92,92,92,92,92,92,93,93,93,94,94,95,95,96,96,96,97,99,100,100,100,100,100,101,101,101,101,102,102,102,102,103,104,104,105,106,108,108,108,108,108,109,109,109,109,109,109,109,110,111,111,111,111,111,112,112,113,113,114,114,114,114,115,115,117,117,117,117,117,118,118,119,120,120,120,120,121,122,123,123,123,123,123,124,124,124,125,125
Fitness 0,004975124, Gen ;0,6667;0,4;0,3333;0,3333;0,3333;0,1667;0,6;0,3;0,6667;0,6667;0,6;0,4;0,1273;0,375;0,6;0,1;0,5;0,6;0,95;0,2618;0,55
,44,44,44,45,45,45,45,45,45,45,45,45,45,45,45,45,45,45,45,46,46,46,46,46,46,46,46,46,46,46,46,46,46,46,46,46,46,46,46,46,47,47,47,47,47,47,47,47,47,47,47,47,47,47,47,47,47,47,47,47,48,48,48,48,48,48,48,48,48,48,48,48,48,48,48,49,49,49,49,49,49,49,49,49,49,49,49,49,49,49,49,49,49,49,49,49,49,49,49,49,49,49,49,49,49,49,49,49,49,49,49,49,49,49,49,49,49,49,49,49,49,49,49,49,49,49,49,50,50,50,50,50,50,50,50,50,50,50,50,50,50,50,50,50,50,50,50,50,50,50,51,51,51,51,51,51,51,51,51,51,51,51,51,51,51,51,51,51,51,51,51,52,52,52,53,53,53,53,53,54,54,55,55,55,56,56,56,57,57,58,58,58,58,62
Fitness 0,004975124, Gen ;0,6667;0,4;0,3333;0,3333;0,3333;0,1667;0,6;0,3;0,6667;0,6667;0,6;0,4;0,1273;0,375;0,6;0,1;0,5;0,6;0,95;0,2618;0,55

Fitness 0,004975124, Gen ;0,6667;0,4;0,3333;0,3333;0,3333;0,1667;0,6;0,3;0,6667;0,6667;0,6;0,4;0,1273;0,375;0,6;0,1;0,5;0,6;0,95;0,2618;0,55
,53,54,54,54,54,54,54,54,54,54,54,54,54,55,55,55,55,55,55,55,55,55,55,55,55,55,55,55,55,55,55,55,55,55,55,55,55,55,55,55,55,55,56,56,56,56,56,56,56,56,56,56,56,56,56,56,56,56,56,56,56,56,56,56,56,57,57,57,57,57,57,57,57,57,57,57,57,57,58,58,58,58,58,58,58,58,58,59,59,59,59,59,59,59,59,59,59,59,59,59,59,59,59,59,60,60,60,60,60,60,60,60,60,60,60,60,60,60,60,60,60,60,60,60,60,60,60,60,60,60,60,60,60,60,60,60,60,60,60,60,60,60,60,60,60,61,61,61,61,61,61,61,61,61,61,61,61,61,61,61,61,61,61,61,61,62,62,62,62,62,62,62,62,62,62,63,63,63,63,63,63,64,64,64,64,64,65,66,66,66,67,67,68,72,73,73,74
Fitness 0,004975124, Gen ;0,6667;0,4;0,3333;0,3333;0,3333;0,1667;0,6;0,3;0,6667;0,6667;0,6;0,4;0,1273;0,375;0,6;0,1;0,5;0,6;0,95;0,2618;0,55

Fitness 0,004975124, Gen ;0,6667;0,4;0,3333;0,3333;0,3333;0,1667;0,6;0,3;0,6667;0,6667;0,6;0,4;0,1273;0,375;0,6;0,1;0,5;0,6;0,95;0,2618;0,55
,61,62,62,63,63,63,64,64,65,66,66,67,68,70
Fitness 0,004975124, Gen ;0,6667;0,4;0,3333;0,3333;0,3333;0,1667;0,6;0,3;0,6667;0,6667;0,6;0,4;0,1273;0,375;0,6;0,1;0,5;0,6;0,95;0,2618;0,55

Fitness 47,78569, Gen ;0,6667;0,4;0,3333;0,3333;0,3333;0,1667;0,6;0,3;0,6667;0,6667;0,6;0,4;0,1273;0,375;0,6;0,1;0,5;0,6;0,95;0,2618;0,55
,49,49,50,50,50,51,51,51,51,51,51,51,51,51,51,51,51,51,51,52,52,52,52,52,52,52,52,52,52,52,52,53,53,53,53,53,53,53,53,53,53,53,53,53,53,53,53,53,53,53,53,53,53,53,53,53,53,53,53,53,53,53,53,53,53,53,53,53,53,53,54,54,54,54,54,54,54,54,54,54,54,54,54,54,54,54,54,54,54,54,54,54,54,54,54,54,54,54,54,54,54,54,54,54,54,54,54,54,54,54,54,54,54,54,54,55,55,55,55,55,55,55,55,55,55,55,55,55,55,55,55,55,55,55,55,55,55,55,55,56,56,56,56,56,56,56,56,56,56,56,56,56,56,56,56,56,56,56,56,56,56,56,56,56,56,56,56,56,57,57,57,57,57,57,57,57,57,57,57,57,57,57,58,58,58,58,58,58,58,59,60,60,60,60,60,61,61,61,62,76
Fitness 0,004975124, Gen ;0,6667;0,4;0,3333;0,3333;0,3333;0,1667;0,6;0,3;0,6667;0,6667;0,6;0,4;0,1273;0,375;0,6;0,1;0,5;0,6;0,95;0,2618;0,55

Fitness 0,004975124, Gen ;0,6667;0,4;0,3333;0,3333;0,3333;0,1667;0,6;0,3;0,6667;0,6667;0,6;0,4;0,1273;0,375;0,6;0,1;0,5;0,6;0,95;0,2618;0,55

Fitness 0,004975124, Gen ;0,6667;0,4;0,3333;0,3333;0,3333;0,1667;0,6;0,3;0,6667;0,6667;0,6;0,4;0,1273;0,375;0,6;0,1;0,5;0,6;0,95;0,2618;0,55

Fitness 0,004975124, Gen ;0,6667;0,4;0,3333;0,3333;0,3333;0,1667;0,6;0,3;0,6667;0,6667;0,6;0,4;0,1273;0,375;0,6;0,1;0,5;0,6;0,95;0,2618;0,55

Fitness 0,004975124, Gen ;0,6667;0,4;0,3333;0,3333;0,3333;0,1667;0,6;0,3;0,6667;0,6667;0,6;0,4;0,1273;0,375;0,6;0,1;0,5;0,6;0,95;0,2618;0,55
,60,60,60,60,60,60,60,60,60,60,61,61,61,61,61,61,61,61,61,61,61,61,61,61,61,61,61,61,61,61,61,61,61,61,61,61,62,62,62,62,62,62,62,62,62,62,62,62,62,62,62,63,63,63,63,63,63,63,64,64,64,64,64,65,65,65,65,65,65,65,65,65,65,65,65,65,65,65,65,66,66,66
Fitness 15,2689, Gen ;0,6667;0,4;0,3333;0,3333;0,3333;0,1667;0,6;0,3;0,6667;0,6667;0,6;0,4;0,1273;0,375;0,6;0,1;0,5;0,6;0,95;0,2618;0,55
,76,76,77,77,77,77,77,77,77,77,78,78,78,78,78,78,78,78,78,78,78,78,78,78,78,78,78,78,78,78,78,78,79,79,79,79,79,79,79,79,79,79,79,79,79,79,79,79,79,79,79,79,79,79,80,80,80,80,80,80,80,80,80,80,80,80,80,80,80,80,80,80,80,80,80,80,80,80,81,81,81,81,81,81,81,81,81,81,81,81,81,81,81,81,81,81,81,81,81,81,81,81,81,81,81,81,81,81,81,81,81,81,81,81,81,81,82,82,82,82,82,82,82,82,82,82,82,82,82,82,82,82,82,82,82,82,82,82,82,82,83,83,83,83,83,83,83,83,83,84,84,84,84,84,84,84,84,84,84,84,84,84,85,88,89,89,90,90,91,91,91,91,91,91,91,92,93,93,93,93,94,94,94,96,96,97,97,98,99,99,100,100,103,104,104,106,107,107,107,113
Fitness 0,004975124, Gen ;0,6667;0,4;0,3333;0,3333;0,3333;0,1667;0,6;0,3;0,6667;0,6667;0,6;0,4;0,1273;0,375;0,6;0,1;0,5;0,6;0,95;0,2618;0,55
,52,52,53,53,53,53,53,53,53,53,53,53,53,53,53,53,53,53,53,54,54,54,54,54,54,54,54,54,54,54,54,54,54,54,54,54,54,54,54,54,54,54,54,54,54,55,55,55,55,55,55,55,55,55,55,55,55,56,56,56,56,56,56,56,56,56,56,56,56,56,56,57,57,57,57,57,57,57,57,57,57,57,57,57,57,57,57,57,57,57,57,57,58,58,58,58,58,58,58,58,58,58,58,58,58,58,58,58,58,58,58,58,58,58,58,58,58,58,58,58,58,58,58,58,58,58,58,58,58,58,58,58,58,58,58,58,58,58,58,58,58,58,59,59,59,59,59,59,59,59,59,59,59,59,59,59,59,59,59,59,59,59,60,60,60,60,60,60,60,60,60,60,61,61,61,61,61,61,61,61,61,62,62,62,62,62,62,62,64,64,64,65,66,66,67,70,70
Fitness 0,004975124, Gen ;0,6667;0,4;0,3333;0,3333;0,3333;0,1667;0,6;0,3;0,6667;0,6667;0,6;0,4;0,1273;0,375;0,6;0,1;0,5;0,6;0,95;0,2618;0,55

Fitness 0,004975124, Gen ;0,6667;0,4;0,3333;0,3333;0,3333;0,1667;0,6;0,3;0,6667;0,6667;0,6;0,4;0,1273;0,375;0,6;0,1;0,5;0,6;0,95;0,2618;0,55

Fitness 0,004975124, Gen ;0,6667;0,4;0,3333;0,3333;0,3333;0,1667;0,6;0,3;0,6667;0,6667;0,6;0,4;0,1273;0,375;0,6;0,1;0,5;0,6;0,95;0,2618;0,55
,169,170,170,170,170,170,170,170,170,171,171,171,171,171,171,171,171,171,171,171,171,171,171,171,171,171,171,171,171,171,171,172,172,172,172,172,172,172,172,172,172,172,172,172,172,172,172,173,173,173,173,173,173,173,173,173,173,173,173,173,173,173,173,173,174,174,174,174,174,174,174,174,174,175,175,175,175,175,175,175,175,175,175,175,175,175,175,175,175,176,176,176,176,176,177,177,177,177,177,177,177,177,177,177,177,177,177,177,177,177,177,177,178,178,178,178,178,178,178,178,178,178,178,178,178,178,178,178,178,178,178,178,178,178,178,179,179,179,179,179,179
Fitness 0,004975124, Gen ;0,6667;0,4;0,3333;0,3333;0,3333;0,1667;0,6;0,3;0,6667;0,6667;0,6;0,4;0,1273;0,375;0,6;0,1;0,5;0,6;0,95;0,2618;0,55
,52,52,54,54,54,54,54,55,55,55,55,55,55,55,55,55,55,55,55,55,55,55,55,55,55,55,55,55,55,55,55,55,55,55,55,55,55,56,56,56,56,56,56,56,56,56,56,56,56,56,56,56,56,56,56,56,56,56,56,56,56,56,56,56,56,56,56,56,56,56,56,56,56,56,56,56,57,57,57,57,57,57,57,57,57,57,57,57,57,57,57,57,58,58,58,58,58,58,58,58,58,59,59,59,59,59,59,59,59,59,60,60,60,60,60,60,60,60,60,60,60,60,61,61,61,61,61,62,62,62,62,62,62,62,63,63,63,63,63,63,64,64,64,67
