	5Ginelli ovc
	3 Voronoi ovcarjev
Fitness 0,002545112, Gen ;0,6667;0,2222;0,3333;0,3333;0,3333;0,1667;0,6;0,3;0,6667;0,6667;0,6;0,4;0,1556;0,375;0,6;0,1;0,25;0,6;0,95;0,2618;0,55

Fitness 67,61389, Gen ;0,6667;0,2222;0,3333;0,3333;0,3333;0,1667;0,6;0,3;0,6667;0,6667;0,6;0,4;0,1556;0,375;0,6;0,1;0,25;0,6;0,95;0,2618;0,55
,51,51,52,52,53
Fitness 70,00404, Gen ;0,6667;0,2222;0,3333;0,3333;0,3333;0,1667;0,6;0,3;0,6667;0,6667;0,6;0,4;0,1556;0,375;0,6;0,1;0,25;0,6;0,95;0,2618;0,55
,50,50,50,50,50
Fitness 0,001602241, Gen ;0,6667;0,2222;0,3333;0,3333;0,3333;0,1667;0,6;0,3;0,6667;0,6667;0,6;0,4;0,1556;0,375;0,6;0,1;0,25;0,6;0,95;0,2618;0,55
,125,134,135,135
Fitness 32,00293, Gen ;0,6667;0,2222;0,3333;0,3333;0,3333;0,1667;0,6;0,3;0,6667;0,6667;0,6;0,4;0,1556;0,375;0,6;0,1;0,25;0,6;0,95;0,2618;0,55
,69,69,69,69,102
Fitness 74,00095, Gen ;0,6667;0,2222;0,3333;0,3333;0,3333;0,1667;0,6;0,3;0,6667;0,6667;0,6;0,4;0,1556;0,375;0,6;0,1;0,25;0,6;0,95;0,2618;0,55
,45,45,45,46,47
Fitness 0,001602298, Gen ;0,6667;0,2222;0,3333;0,3333;0,3333;0,1667;0,6;0,3;0,6667;0,6667;0,6;0,4;0,1556;0,375;0,6;0,1;0,25;0,6;0,95;0,2618;0,55
,78,78,85,85
Fitness 79,00186, Gen ;0,6667;0,2222;0,3333;0,3333;0,3333;0,1667;0,6;0,3;0,6667;0,6667;0,6;0,4;0,1556;0,375;0,6;0,1;0,25;0,6;0,95;0,2618;0,55
,40,40,41,42,43
Fitness 20,52045, Gen ;0,6667;0,2222;0,3333;0,3333;0,3333;0,1667;0,6;0,3;0,6667;0,6667;0,6;0,4;0,1556;0,375;0,6;0,1;0,25;0,6;0,95;0,2618;0,55
,78,80,81,87,124
Fitness 0,003433897, Gen ;0,6667;0,2222;0,3333;0,3333;0,3333;0,1667;0,6;0,3;0,6667;0,6667;0,6;0,4;0,1556;0,375;0,6;0,1;0,25;0,6;0,95;0,2618;0,55

Fitness 39,38015, Gen ;0,6667;0,2222;0,3333;0,3333;0,3333;0,1667;0,6;0,3;0,6667;0,6667;0,6;0,4;0,1556;0,375;0,6;0,1;0,25;0,6;0,95;0,2618;0,55
,81,81,83,84,84
Fitness 0,002348825, Gen ;0,6667;0,2222;0,3333;0,3333;0,3333;0,1667;0,6;0,3;0,6667;0,6667;0,6;0,4;0,1556;0,375;0,6;0,1;0,25;0,6;0,95;0,2618;0,55
,93
Fitness 0,00254146, Gen ;0,6667;0,2222;0,3333;0,3333;0,3333;0,1667;0,6;0,3;0,6667;0,6667;0,6;0,4;0,1556;0,375;0,6;0,1;0,25;0,6;0,95;0,2618;0,55
,98
Fitness 3,047518, Gen ;0,6667;0,2222;0,3333;0,3333;0,3333;0,1667;0,6;0,3;0,6667;0,6667;0,6;0,4;0,1556;0,375;0,6;0,1;0,25;0,6;0,95;0,2618;0,55
,172,172,172,172,175
Fitness 0,003030154, Gen ;0,6667;0,2222;0,3333;0,3333;0,3333;0,1667;0,6;0,3;0,6667;0,6667;0,6;0,4;0,1556;0,375;0,6;0,1;0,25;0,6;0,95;0,2618;0,55

Fitness 0,001636907, Gen ;0,6667;0,2222;0,3333;0,3333;0,3333;0,1667;0,6;0,3;0,6667;0,6667;0,6;0,4;0,1556;0,375;0,6;0,1;0,25;0,6;0,95;0,2618;0,55
,85,90
Fitness 14,63316, Gen ;0,6667;0,2222;0,3333;0,3333;0,3333;0,1667;0,6;0,3;0,6667;0,6667;0,6;0,4;0,1556;0,375;0,6;0,1;0,25;0,6;0,95;0,2618;0,55
,124,126,126,127,128
Fitness 0,006651334, Gen ;0,6667;0,2222;0,3333;0,3333;0,3333;0,1667;0,6;0,3;0,6667;0,6667;0,6;0,4;0,1556;0,375;0,6;0,1;0,25;0,6;0,95;0,2618;0,55

Fitness 50,6654, Gen ;0,6667;0,2222;0,3333;0,3333;0,3333;0,1667;0,6;0,3;0,6667;0,6667;0,6;0,4;0,1556;0,375;0,6;0,1;0,25;0,6;0,95;0,2618;0,55
,68,68,68,69,70
Fitness 0,003312602, Gen ;0,6667;0,2222;0,3333;0,3333;0,3333;0,1667;0,6;0,3;0,6667;0,6667;0,6;0,4;0,1556;0,375;0,6;0,1;0,25;0,6;0,95;0,2618;0,55
,78
Fitness 0,003797757, Gen ;0,6667;0,2222;0,3333;0,3333;0,3333;0,1667;0,6;0,3;0,6667;0,6667;0,6;0,4;0,1556;0,375;0,6;0,1;0,25;0,6;0,95;0,2618;0,55

Fitness 0,001800543, Gen ;0,6667;0,2222;0,3333;0,3333;0,3333;0,1667;0,6;0,3;0,6667;0,6667;0,6;0,4;0,1556;0,375;0,6;0,1;0,25;0,6;0,95;0,2618;0,55
,102
Fitness 13,03055, Gen ;0,6667;0,2222;0,3333;0,3333;0,3333;0,1667;0,6;0,3;0,6667;0,6667;0,6;0,4;0,1556;0,375;0,6;0,1;0,25;0,6;0,95;0,2618;0,55
,131,131,132,132,132
Fitness 0,003760757, Gen ;0,6667;0,2222;0,3333;0,3333;0,3333;0,1667;0,6;0,3;0,6667;0,6667;0,6;0,4;0,1556;0,375;0,6;0,1;0,25;0,6;0,95;0,2618;0,55
,146
Fitness 53,46964, Gen ;0,6667;0,2222;0,3333;0,3333;0,3333;0,1667;0,6;0,3;0,6667;0,6667;0,6;0,4;0,1556;0,375;0,6;0,1;0,25;0,6;0,95;0,2618;0,55
,65,65,66,66,67
Fitness 83,86814, Gen ;0,6667;0,2222;0,3333;0,3333;0,3333;0,1667;0,6;0,3;0,6667;0,6667;0,6;0,4;0,1556;0,375;0,6;0,1;0,25;0,6;0,95;0,2618;0,55
,37,37,37,38,39
Fitness 25,10875, Gen ;0,6667;0,2222;0,3333;0,3333;0,3333;0,1667;0,6;0,3;0,6667;0,6667;0,6;0,4;0,1556;0,375;0,6;0,1;0,25;0,6;0,95;0,2618;0,55
,97,98,98,98,108
Fitness 29,613, Gen ;0,6667;0,2222;0,3333;0,3333;0,3333;0,1667;0,6;0,3;0,6667;0,6667;0,6;0,4;0,1556;0,375;0,6;0,1;0,25;0,6;0,95;0,2618;0,55
,92,92,93,93,99
Fitness 0,001964222, Gen ;0,6667;0,2222;0,3333;0,3333;0,3333;0,1667;0,6;0,3;0,6667;0,6667;0,6;0,4;0,1556;0,375;0,6;0,1;0,25;0,6;0,95;0,2618;0,55

Fitness 0,001747684, Gen ;0,6667;0,2222;0,3333;0,3333;0,3333;0,1667;0,6;0,3;0,6667;0,6667;0,6;0,4;0,1556;0,375;0,6;0,1;0,25;0,6;0,95;0,2618;0,55
,93,99
Fitness 49,43524, Gen ;0,6667;0,2222;0,3333;0,3333;0,3333;0,1667;0,6;0,3;0,6667;0,6667;0,6;0,4;0,1556;0,375;0,6;0,1;0,25;0,6;0,95;0,2618;0,55
,70,70,71,71,71
Fitness 5,940697, Gen ;0,6667;0,2222;0,3333;0,3333;0,3333;0,1667;0,6;0,3;0,6667;0,6667;0,6;0,4;0,1556;0,375;0,6;0,1;0,25;0,6;0,95;0,2618;0,55
,131,131,131,142,164
Fitness 57,00304, Gen ;0,6667;0,2222;0,3333;0,3333;0,3333;0,1667;0,6;0,3;0,6667;0,6667;0,6;0,4;0,1556;0,375;0,6;0,1;0,25;0,6;0,95;0,2618;0,55
,62,62,63,63,63
Fitness 55,06159, Gen ;0,6667;0,2222;0,3333;0,3333;0,3333;0,1667;0,6;0,3;0,6667;0,6667;0,6;0,4;0,1556;0,375;0,6;0,1;0,25;0,6;0,95;0,2618;0,55
,64,64,64,65,65
Fitness 77,12236, Gen ;0,6667;0,2222;0,3333;0,3333;0,3333;0,1667;0,6;0,3;0,6667;0,6667;0,6;0,4;0,1556;0,375;0,6;0,1;0,25;0,6;0,95;0,2618;0,55
,42,43,43,43,44
Fitness 2,476827, Gen ;0,6667;0,2222;0,3333;0,3333;0,3333;0,1667;0,6;0,3;0,6667;0,6667;0,6;0,4;0,1556;0,375;0,6;0,1;0,25;0,6;0,95;0,2618;0,55
,177,177,177,177,179
Fitness 0,002064398, Gen ;0,6667;0,2222;0,3333;0,3333;0,3333;0,1667;0,6;0,3;0,6667;0,6667;0,6;0,4;0,1556;0,375;0,6;0,1;0,25;0,6;0,95;0,2618;0,55
,98,103
Fitness 47,75041, Gen ;0,6667;0,2222;0,3333;0,3333;0,3333;0,1667;0,6;0,3;0,6667;0,6667;0,6;0,4;0,1556;0,375;0,6;0,1;0,25;0,6;0,95;0,2618;0,55
,72,73,73,73,73
Fitness 0,006937989, Gen ;0,6667;0,2222;0,3333;0,3333;0,3333;0,1667;0,6;0,3;0,6667;0,6667;0,6;0,4;0,1556;0,375;0,6;0,1;0,25;0,6;0,95;0,2618;0,55
,76,83,84,85
Fitness 0,003581226, Gen ;0,6667;0,2222;0,3333;0,3333;0,3333;0,1667;0,6;0,3;0,6667;0,6667;0,6;0,4;0,1556;0,375;0,6;0,1;0,25;0,6;0,95;0,2618;0,55

Fitness 0,005093941, Gen ;0,6667;0,2222;0,3333;0,3333;0,3333;0,1667;0,6;0,3;0,6667;0,6667;0,6;0,4;0,1556;0,375;0,6;0,1;0,25;0,6;0,95;0,2618;0,55
,92,97
Fitness 54,94747, Gen ;0,6667;0,2222;0,3333;0,3333;0,3333;0,1667;0,6;0,3;0,6667;0,6667;0,6;0,4;0,1556;0,375;0,6;0,1;0,25;0,6;0,95;0,2618;0,55
,48,48,50,51,70
Fitness 76,60738, Gen ;0,6667;0,2222;0,3333;0,3333;0,3333;0,1667;0,6;0,3;0,6667;0,6667;0,6;0,4;0,1556;0,375;0,6;0,1;0,25;0,6;0,95;0,2618;0,55
,43,44,44,44,44
Fitness 72,47831, Gen ;0,6667;0,2222;0,3333;0,3333;0,3333;0,1667;0,6;0,3;0,6667;0,6667;0,6;0,4;0,1556;0,375;0,6;0,1;0,25;0,6;0,95;0,2618;0,55
,45,46,46,48,48
Fitness 36,91364, Gen ;0,6667;0,2222;0,3333;0,3333;0,3333;0,1667;0,6;0,3;0,6667;0,6667;0,6;0,4;0,1556;0,375;0,6;0,1;0,25;0,6;0,95;0,2618;0,55
,84,85,85,87,87
Fitness 75,66731, Gen ;0,6667;0,2222;0,3333;0,3333;0,3333;0,1667;0,6;0,3;0,6667;0,6667;0,6;0,4;0,1556;0,375;0,6;0,1;0,25;0,6;0,95;0,2618;0,55
,43,43,45,45,45
Fitness 0,001701126, Gen ;0,6667;0,2222;0,3333;0,3333;0,3333;0,1667;0,6;0,3;0,6667;0,6667;0,6;0,4;0,1556;0,375;0,6;0,1;0,25;0,6;0,95;0,2618;0,55
,151,151,151,152
Fitness 25,02971, Gen ;0,6667;0,2222;0,3333;0,3333;0,3333;0,1667;0,6;0,3;0,6667;0,6667;0,6;0,4;0,1556;0,375;0,6;0,1;0,25;0,6;0,95;0,2618;0,55
,88,98,100,102,108
Fitness 33,07738, Gen ;0,6667;0,2222;0,3333;0,3333;0,3333;0,1667;0,6;0,3;0,6667;0,6667;0,6;0,4;0,1556;0,375;0,6;0,1;0,25;0,6;0,95;0,2618;0,55
,82,84,84,84,95
Fitness 0,003225392, Gen ;0,6667;0,2222;0,3333;0,3333;0,3333;0,1667;0,6;0,3;0,6667;0,6667;0,6;0,4;0,1556;0,375;0,6;0,1;0,25;0,6;0,95;0,2618;0,55

Fitness 0,002841156, Gen ;0,6667;0,2222;0,3333;0,3333;0,3333;0,1667;0,6;0,3;0,6667;0,6667;0,6;0,4;0,1556;0,375;0,6;0,1;0,25;0,6;0,95;0,2618;0,55

Fitness 0,009441935, Gen ;0,6667;0,2222;0,3333;0,3333;0,3333;0,1667;0,6;0,3;0,6667;0,6667;0,6;0,4;0,1556;0,375;0,6;0,1;0,25;0,6;0,95;0,2618;0,55

Fitness 46,7602, Gen ;0,6667;0,2222;0,3333;0,3333;0,3333;0,1667;0,6;0,3;0,6667;0,6667;0,6;0,4;0,1556;0,375;0,6;0,1;0,25;0,6;0,95;0,2618;0,55
,71,72,72,73,75
Fitness 82,39776, Gen ;0,6667;0,2222;0,3333;0,3333;0,3333;0,1667;0,6;0,3;0,6667;0,6667;0,6;0,4;0,1556;0,375;0,6;0,1;0,25;0,6;0,95;0,2618;0,55
,38,38,39,39,40
Fitness 18,0468, Gen ;0,6667;0,2222;0,3333;0,3333;0,3333;0,1667;0,6;0,3;0,6667;0,6667;0,6;0,4;0,1556;0,375;0,6;0,1;0,25;0,6;0,95;0,2618;0,55
,111,118,119,119,120
Fitness 0,001879608, Gen ;0,6667;0,2222;0,3333;0,3333;0,3333;0,1667;0,6;0,3;0,6667;0,6667;0,6;0,4;0,1556;0,375;0,6;0,1;0,25;0,6;0,95;0,2618;0,55

Fitness 34,42493, Gen ;0,6667;0,2222;0,3333;0,3333;0,3333;0,1667;0,6;0,3;0,6667;0,6667;0,6;0,4;0,1556;0,375;0,6;0,1;0,25;0,6;0,95;0,2618;0,55
,79,81,82,83,93
Fitness 40,20248, Gen ;0,6667;0,2222;0,3333;0,3333;0,3333;0,1667;0,6;0,3;0,6667;0,6667;0,6;0,4;0,1556;0,375;0,6;0,1;0,25;0,6;0,95;0,2618;0,55
,81,82,82,82,82
Fitness 0,003236181, Gen ;0,6667;0,2222;0,3333;0,3333;0,3333;0,1667;0,6;0,3;0,6667;0,6667;0,6;0,4;0,1556;0,375;0,6;0,1;0,25;0,6;0,95;0,2618;0,55

Fitness 0,003207029, Gen ;0,6667;0,2222;0,3333;0,3333;0,3333;0,1667;0,6;0,3;0,6667;0,6667;0,6;0,4;0,1556;0,375;0,6;0,1;0,25;0,6;0,95;0,2618;0,55
,229
Fitness 26,61231, Gen ;0,6667;0,2222;0,3333;0,3333;0,3333;0,1667;0,6;0,3;0,6667;0,6667;0,6;0,4;0,1556;0,375;0,6;0,1;0,25;0,6;0,95;0,2618;0,55
,101,101,101,102,103
Fitness 52,45102, Gen ;0,6667;0,2222;0,3333;0,3333;0,3333;0,1667;0,6;0,3;0,6667;0,6667;0,6;0,4;0,1556;0,375;0,6;0,1;0,25;0,6;0,95;0,2618;0,55
,66,67,67,67,68
Fitness 0,001686646, Gen ;0,6667;0,2222;0,3333;0,3333;0,3333;0,1667;0,6;0,3;0,6667;0,6667;0,6;0,4;0,1556;0,375;0,6;0,1;0,25;0,6;0,95;0,2618;0,55
,105,113
Fitness 0,004390843, Gen ;0,6667;0,2222;0,3333;0,3333;0,3333;0,1667;0,6;0,3;0,6667;0,6667;0,6;0,4;0,1556;0,375;0,6;0,1;0,25;0,6;0,95;0,2618;0,55

Fitness 0,006351883, Gen ;0,6667;0,2222;0,3333;0,3333;0,3333;0,1667;0,6;0,3;0,6667;0,6667;0,6;0,4;0,1556;0,375;0,6;0,1;0,25;0,6;0,95;0,2618;0,55

Fitness 5,269979, Gen ;0,6667;0,2222;0,3333;0,3333;0,3333;0,1667;0,6;0,3;0,6667;0,6667;0,6;0,4;0,1556;0,375;0,6;0,1;0,25;0,6;0,95;0,2618;0,55
,149,150,152,160,163
Fitness 18,81473, Gen ;0,6667;0,2222;0,3333;0,3333;0,3333;0,1667;0,6;0,3;0,6667;0,6667;0,6;0,4;0,1556;0,375;0,6;0,1;0,25;0,6;0,95;0,2618;0,55
,82,90,90,92,127
Fitness 0,001827898, Gen ;0,6667;0,2222;0,3333;0,3333;0,3333;0,1667;0,6;0,3;0,6667;0,6667;0,6;0,4;0,1556;0,375;0,6;0,1;0,25;0,6;0,95;0,2618;0,55
,198
Fitness 13,27152, Gen ;0,6667;0,2222;0,3333;0,3333;0,3333;0,1667;0,6;0,3;0,6667;0,6667;0,6;0,4;0,1556;0,375;0,6;0,1;0,25;0,6;0,95;0,2618;0,55
,130,131,131,131,131
Fitness 28,47919, Gen ;0,6667;0,2222;0,3333;0,3333;0,3333;0,1667;0,6;0,3;0,6667;0,6667;0,6;0,4;0,1556;0,375;0,6;0,1;0,25;0,6;0,95;0,2618;0,55
,72,72,75,105,106
Fitness 0,00298113, Gen ;0,6667;0,2222;0,3333;0,3333;0,3333;0,1667;0,6;0,3;0,6667;0,6667;0,6;0,4;0,1556;0,375;0,6;0,1;0,25;0,6;0,95;0,2618;0,55

Fitness 0,002656743, Gen ;0,6667;0,2222;0,3333;0,3333;0,3333;0,1667;0,6;0,3;0,6667;0,6667;0,6;0,4;0,1556;0,375;0,6;0,1;0,25;0,6;0,95;0,2618;0,55
,60
Fitness 45,29777, Gen ;0,6667;0,2222;0,3333;0,3333;0,3333;0,1667;0,6;0,3;0,6667;0,6667;0,6;0,4;0,1556;0,375;0,6;0,1;0,25;0,6;0,95;0,2618;0,55
,75,75,76,76,76
Fitness 51,98384, Gen ;0,6667;0,2222;0,3333;0,3333;0,3333;0,1667;0,6;0,3;0,6667;0,6667;0,6;0,4;0,1556;0,375;0,6;0,1;0,25;0,6;0,95;0,2618;0,55
,66,67,67,68,68
Fitness 0,002725184, Gen ;0,6667;0,2222;0,3333;0,3333;0,3333;0,1667;0,6;0,3;0,6667;0,6667;0,6;0,4;0,1556;0,375;0,6;0,1;0,25;0,6;0,95;0,2618;0,55

Fitness 72,26576, Gen ;0,6667;0,2222;0,3333;0,3333;0,3333;0,1667;0,6;0,3;0,6667;0,6667;0,6;0,4;0,1556;0,375;0,6;0,1;0,25;0,6;0,95;0,2618;0,55
,46,47,47,48,48
Fitness 1,375994, Gen ;0,6667;0,2222;0,3333;0,3333;0,3333;0,1667;0,6;0,3;0,6667;0,6667;0,6;0,4;0,1556;0,375;0,6;0,1;0,25;0,6;0,95;0,2618;0,55
,182,185,186,186,192
Fitness 0,002086201, Gen ;0,6667;0,2222;0,3333;0,3333;0,3333;0,1667;0,6;0,3;0,6667;0,6667;0,6;0,4;0,1556;0,375;0,6;0,1;0,25;0,6;0,95;0,2618;0,55

Fitness 0,003477409, Gen ;0,6667;0,2222;0,3333;0,3333;0,3333;0,1667;0,6;0,3;0,6667;0,6667;0,6;0,4;0,1556;0,375;0,6;0,1;0,25;0,6;0,95;0,2618;0,55

Fitness 72,75372, Gen ;0,6667;0,2222;0,3333;0,3333;0,3333;0,1667;0,6;0,3;0,6667;0,6667;0,6;0,4;0,1556;0,375;0,6;0,1;0,25;0,6;0,95;0,2618;0,55
,45,45,45,47,48
Fitness 0,003614006, Gen ;0,6667;0,2222;0,3333;0,3333;0,3333;0,1667;0,6;0,3;0,6667;0,6667;0,6;0,4;0,1556;0,375;0,6;0,1;0,25;0,6;0,95;0,2618;0,55
,107
Fitness 57,05387, Gen ;0,6667;0,2222;0,3333;0,3333;0,3333;0,1667;0,6;0,3;0,6667;0,6667;0,6;0,4;0,1556;0,375;0,6;0,1;0,25;0,6;0,95;0,2618;0,55
,62,62,62,62,63
Fitness 0,004290923, Gen ;0,6667;0,2222;0,3333;0,3333;0,3333;0,1667;0,6;0,3;0,6667;0,6667;0,6;0,4;0,1556;0,375;0,6;0,1;0,25;0,6;0,95;0,2618;0,55

Fitness 23,04478, Gen ;0,6667;0,2222;0,3333;0,3333;0,3333;0,1667;0,6;0,3;0,6667;0,6667;0,6;0,4;0,1556;0,375;0,6;0,1;0,25;0,6;0,95;0,2618;0,55
,100,109,109,109,110
Fitness 68,94492, Gen ;0,6667;0,2222;0,3333;0,3333;0,3333;0,1667;0,6;0,3;0,6667;0,6667;0,6;0,4;0,1556;0,375;0,6;0,1;0,25;0,6;0,95;0,2618;0,55
,50,50,51,51,51
Fitness 0,0016974, Gen ;0,6667;0,2222;0,3333;0,3333;0,3333;0,1667;0,6;0,3;0,6667;0,6667;0,6;0,4;0,1556;0,375;0,6;0,1;0,25;0,6;0,95;0,2618;0,55
,72,73,74,74
Fitness 0,002355983, Gen ;0,6667;0,2222;0,3333;0,3333;0,3333;0,1667;0,6;0,3;0,6667;0,6667;0,6;0,4;0,1556;0,375;0,6;0,1;0,25;0,6;0,95;0,2618;0,55
,92
Fitness 6,371088, Gen ;0,6667;0,2222;0,3333;0,3333;0,3333;0,1667;0,6;0,3;0,6667;0,6667;0,6;0,4;0,1556;0,375;0,6;0,1;0,25;0,6;0,95;0,2618;0,55
,154,154,154,155,155
Fitness 37,69464, Gen ;0,6667;0,2222;0,3333;0,3333;0,3333;0,1667;0,6;0,3;0,6667;0,6667;0,6;0,4;0,1556;0,375;0,6;0,1;0,25;0,6;0,95;0,2618;0,55
,81,82,84,86,86
Fitness 38,01529, Gen ;0,6667;0,2222;0,3333;0,3333;0,3333;0,1667;0,6;0,3;0,6667;0,6667;0,6;0,4;0,1556;0,375;0,6;0,1;0,25;0,6;0,95;0,2618;0,55
,84,84,85,85,85
Fitness 0,005440671, Gen ;0,6667;0,2222;0,3333;0,3333;0,3333;0,1667;0,6;0,3;0,6667;0,6667;0,6;0,4;0,1556;0,375;0,6;0,1;0,25;0,6;0,95;0,2618;0,55
,61
Fitness 0,00700437, Gen ;0,6667;0,2222;0,3333;0,3333;0,3333;0,1667;0,6;0,3;0,6667;0,6667;0,6;0,4;0,1556;0,375;0,6;0,1;0,25;0,6;0,95;0,2618;0,55
,183,183,234
Fitness 17,47412, Gen ;0,6667;0,2222;0,3333;0,3333;0,3333;0,1667;0,6;0,3;0,6667;0,6667;0,6;0,4;0,1556;0,375;0,6;0,1;0,25;0,6;0,95;0,2618;0,55
,118,118,118,121,121
Fitness 0,002583106, Gen ;0,6667;0,2222;0,3333;0,3333;0,3333;0,1667;0,6;0,3;0,6667;0,6667;0,6;0,4;0,1556;0,375;0,6;0,1;0,25;0,6;0,95;0,2618;0,55

Fitness 0,003477701, Gen ;0,6667;0,2222;0,3333;0,3333;0,3333;0,1667;0,6;0,3;0,6667;0,6667;0,6;0,4;0,1556;0,375;0,6;0,1;0,25;0,6;0,95;0,2618;0,55
,80
Fitness 69,49874, Gen ;0,6667;0,2222;0,3333;0,3333;0,3333;0,1667;0,6;0,3;0,6667;0,6667;0,6;0,4;0,1556;0,375;0,6;0,1;0,25;0,6;0,95;0,2618;0,55
,49,50,50,50,51
Fitness 0,003588153, Gen ;0,6667;0,2222;0,3333;0,3333;0,3333;0,1667;0,6;0,3;0,6667;0,6667;0,6;0,4;0,1556;0,375;0,6;0,1;0,25;0,6;0,95;0,2618;0,55

Fitness 0,002784537, Gen ;0,6667;0,2222;0,3333;0,3333;0,3333;0,1667;0,6;0,3;0,6667;0,6667;0,6;0,4;0,1556;0,375;0,6;0,1;0,25;0,6;0,95;0,2618;0,55

Fitness 0,003948263, Gen ;0,6667;0,2222;0,3333;0,3333;0,3333;0,1667;0,6;0,3;0,6667;0,6667;0,6;0,4;0,1556;0,375;0,6;0,1;0,25;0,6;0,95;0,2618;0,55

Fitness 10,90357, Gen ;0,6667;0,2222;0,3333;0,3333;0,3333;0,1667;0,6;0,3;0,6667;0,6667;0,6;0,4;0,1556;0,375;0,6;0,1;0,25;0,6;0,95;0,2618;0,55
,77,77,77,143,151
