	100PopravljenStroembom ovc
	2 Voronoi ovcarjev
Fitness 0,0002356545, Gen ;0,6667;0,2222;0,3333;0,3333;0,3333;0,1667;0,6;0,3;0,6667;0,6667;0,6;0,4;0,1556;0,375;0,6;0,1;0,25;0,6;0,95;0,2618;0,55

Fitness 0,0002392339, Gen ;0,6667;0,2222;0,3333;0,3333;0,3333;0,1667;0,6;0,3;0,6667;0,6667;0,6;0,4;0,1556;0,375;0,6;0,1;0,25;0,6;0,95;0,2618;0,55

Fitness 0,0002215554, Gen ;0,6667;0,2222;0,3333;0,3333;0,3333;0,1667;0,6;0,3;0,6667;0,6667;0,6;0,4;0,1556;0,375;0,6;0,1;0,25;0,6;0,95;0,2618;0,55

Fitness 0,0001986008, Gen ;0,6667;0,2222;0,3333;0,3333;0,3333;0,1667;0,6;0,3;0,6667;0,6667;0,6;0,4;0,1556;0,375;0,6;0,1;0,25;0,6;0,95;0,2618;0,55

Fitness 0,0001875615, Gen ;0,6667;0,2222;0,3333;0,3333;0,3333;0,1667;0,6;0,3;0,6667;0,6667;0,6;0,4;0,1556;0,375;0,6;0,1;0,25;0,6;0,95;0,2618;0,55

Fitness 0,000203178, Gen ;0,6667;0,2222;0,3333;0,3333;0,3333;0,1667;0,6;0,3;0,6667;0,6667;0,6;0,4;0,1556;0,375;0,6;0,1;0,25;0,6;0,95;0,2618;0,55

Fitness 0,0001982869, Gen ;0,6667;0,2222;0,3333;0,3333;0,3333;0,1667;0,6;0,3;0,6667;0,6667;0,6;0,4;0,1556;0,375;0,6;0,1;0,25;0,6;0,95;0,2618;0,55

Fitness 0,0002757912, Gen ;0,6667;0,2222;0,3333;0,3333;0,3333;0,1667;0,6;0,3;0,6667;0,6667;0,6;0,4;0,1556;0,375;0,6;0,1;0,25;0,6;0,95;0,2618;0,55

Fitness 0,0002068863, Gen ;0,6667;0,2222;0,3333;0,3333;0,3333;0,1667;0,6;0,3;0,6667;0,6667;0,6;0,4;0,1556;0,375;0,6;0,1;0,25;0,6;0,95;0,2618;0,55
,219,220
Fitness 0,0002861246, Gen ;0,6667;0,2222;0,3333;0,3333;0,3333;0,1667;0,6;0,3;0,6667;0,6667;0,6;0,4;0,1556;0,375;0,6;0,1;0,25;0,6;0,95;0,2618;0,55

Fitness 0,0003465267, Gen ;0,6667;0,2222;0,3333;0,3333;0,3333;0,1667;0,6;0,3;0,6667;0,6667;0,6;0,4;0,1556;0,375;0,6;0,1;0,25;0,6;0,95;0,2618;0,55
,237
Fitness 0,0002251043, Gen ;0,6667;0,2222;0,3333;0,3333;0,3333;0,1667;0,6;0,3;0,6667;0,6667;0,6;0,4;0,1556;0,375;0,6;0,1;0,25;0,6;0,95;0,2618;0,55

Fitness 0,0002098495, Gen ;0,6667;0,2222;0,3333;0,3333;0,3333;0,1667;0,6;0,3;0,6667;0,6667;0,6;0,4;0,1556;0,375;0,6;0,1;0,25;0,6;0,95;0,2618;0,55

Fitness 0,0001774535, Gen ;0,6667;0,2222;0,3333;0,3333;0,3333;0,1667;0,6;0,3;0,6667;0,6667;0,6;0,4;0,1556;0,375;0,6;0,1;0,25;0,6;0,95;0,2618;0,55
,204
Fitness 0,0002423245, Gen ;0,6667;0,2222;0,3333;0,3333;0,3333;0,1667;0,6;0,3;0,6667;0,6667;0,6;0,4;0,1556;0,375;0,6;0,1;0,25;0,6;0,95;0,2618;0,55
,208
Fitness 0,0002312779, Gen ;0,6667;0,2222;0,3333;0,3333;0,3333;0,1667;0,6;0,3;0,6667;0,6667;0,6;0,4;0,1556;0,375;0,6;0,1;0,25;0,6;0,95;0,2618;0,55

Fitness 0,0001824451, Gen ;0,6667;0,2222;0,3333;0,3333;0,3333;0,1667;0,6;0,3;0,6667;0,6667;0,6;0,4;0,1556;0,375;0,6;0,1;0,25;0,6;0,95;0,2618;0,55

Fitness 0,0001701333, Gen ;0,6667;0,2222;0,3333;0,3333;0,3333;0,1667;0,6;0,3;0,6667;0,6667;0,6;0,4;0,1556;0,375;0,6;0,1;0,25;0,6;0,95;0,2618;0,55

Fitness 0,0002000381, Gen ;0,6667;0,2222;0,3333;0,3333;0,3333;0,1667;0,6;0,3;0,6667;0,6667;0,6;0,4;0,1556;0,375;0,6;0,1;0,25;0,6;0,95;0,2618;0,55

Fitness 0,000226261, Gen ;0,6667;0,2222;0,3333;0,3333;0,3333;0,1667;0,6;0,3;0,6667;0,6667;0,6;0,4;0,1556;0,375;0,6;0,1;0,25;0,6;0,95;0,2618;0,55

Fitness 0,000231093, Gen ;0,6667;0,2222;0,3333;0,3333;0,3333;0,1667;0,6;0,3;0,6667;0,6667;0,6;0,4;0,1556;0,375;0,6;0,1;0,25;0,6;0,95;0,2618;0,55

Fitness 0,000204944, Gen ;0,6667;0,2222;0,3333;0,3333;0,3333;0,1667;0,6;0,3;0,6667;0,6667;0,6;0,4;0,1556;0,375;0,6;0,1;0,25;0,6;0,95;0,2618;0,55

Fitness 0,0002132575, Gen ;0,6667;0,2222;0,3333;0,3333;0,3333;0,1667;0,6;0,3;0,6667;0,6667;0,6;0,4;0,1556;0,375;0,6;0,1;0,25;0,6;0,95;0,2618;0,55
,112
Fitness 0,0001990561, Gen ;0,6667;0,2222;0,3333;0,3333;0,3333;0,1667;0,6;0,3;0,6667;0,6667;0,6;0,4;0,1556;0,375;0,6;0,1;0,25;0,6;0,95;0,2618;0,55

Fitness 0,0002087869, Gen ;0,6667;0,2222;0,3333;0,3333;0,3333;0,1667;0,6;0,3;0,6667;0,6667;0,6;0,4;0,1556;0,375;0,6;0,1;0,25;0,6;0,95;0,2618;0,55

Fitness 0,000204983, Gen ;0,6667;0,2222;0,3333;0,3333;0,3333;0,1667;0,6;0,3;0,6667;0,6667;0,6;0,4;0,1556;0,375;0,6;0,1;0,25;0,6;0,95;0,2618;0,55

Fitness 0,0002480558, Gen ;0,6667;0,2222;0,3333;0,3333;0,3333;0,1667;0,6;0,3;0,6667;0,6667;0,6;0,4;0,1556;0,375;0,6;0,1;0,25;0,6;0,95;0,2618;0,55

Fitness 0,0002035042, Gen ;0,6667;0,2222;0,3333;0,3333;0,3333;0,1667;0,6;0,3;0,6667;0,6667;0,6;0,4;0,1556;0,375;0,6;0,1;0,25;0,6;0,95;0,2618;0,55

Fitness 0,0001820202, Gen ;0,6667;0,2222;0,3333;0,3333;0,3333;0,1667;0,6;0,3;0,6667;0,6667;0,6;0,4;0,1556;0,375;0,6;0,1;0,25;0,6;0,95;0,2618;0,55

Fitness 0,000207189, Gen ;0,6667;0,2222;0,3333;0,3333;0,3333;0,1667;0,6;0,3;0,6667;0,6667;0,6;0,4;0,1556;0,375;0,6;0,1;0,25;0,6;0,95;0,2618;0,55

Fitness 0,0001962592, Gen ;0,6667;0,2222;0,3333;0,3333;0,3333;0,1667;0,6;0,3;0,6667;0,6667;0,6;0,4;0,1556;0,375;0,6;0,1;0,25;0,6;0,95;0,2618;0,55
,187
Fitness 0,0002308894, Gen ;0,6667;0,2222;0,3333;0,3333;0,3333;0,1667;0,6;0,3;0,6667;0,6667;0,6;0,4;0,1556;0,375;0,6;0,1;0,25;0,6;0,95;0,2618;0,55

Fitness 0,0002182595, Gen ;0,6667;0,2222;0,3333;0,3333;0,3333;0,1667;0,6;0,3;0,6667;0,6667;0,6;0,4;0,1556;0,375;0,6;0,1;0,25;0,6;0,95;0,2618;0,55

Fitness 0,0003122679, Gen ;0,6667;0,2222;0,3333;0,3333;0,3333;0,1667;0,6;0,3;0,6667;0,6667;0,6;0,4;0,1556;0,375;0,6;0,1;0,25;0,6;0,95;0,2618;0,55

Fitness 0,0001899496, Gen ;0,6667;0,2222;0,3333;0,3333;0,3333;0,1667;0,6;0,3;0,6667;0,6667;0,6;0,4;0,1556;0,375;0,6;0,1;0,25;0,6;0,95;0,2618;0,55

Fitness 0,0002263251, Gen ;0,6667;0,2222;0,3333;0,3333;0,3333;0,1667;0,6;0,3;0,6667;0,6667;0,6;0,4;0,1556;0,375;0,6;0,1;0,25;0,6;0,95;0,2618;0,55

Fitness 0,000210613, Gen ;0,6667;0,2222;0,3333;0,3333;0,3333;0,1667;0,6;0,3;0,6667;0,6667;0,6;0,4;0,1556;0,375;0,6;0,1;0,25;0,6;0,95;0,2618;0,55

Fitness 0,0001914298, Gen ;0,6667;0,2222;0,3333;0,3333;0,3333;0,1667;0,6;0,3;0,6667;0,6667;0,6;0,4;0,1556;0,375;0,6;0,1;0,25;0,6;0,95;0,2618;0,55

Fitness 0,0001968003, Gen ;0,6667;0,2222;0,3333;0,3333;0,3333;0,1667;0,6;0,3;0,6667;0,6667;0,6;0,4;0,1556;0,375;0,6;0,1;0,25;0,6;0,95;0,2618;0,55

Fitness 0,0002236955, Gen ;0,6667;0,2222;0,3333;0,3333;0,3333;0,1667;0,6;0,3;0,6667;0,6667;0,6;0,4;0,1556;0,375;0,6;0,1;0,25;0,6;0,95;0,2618;0,55

Fitness 0,0002285275, Gen ;0,6667;0,2222;0,3333;0,3333;0,3333;0,1667;0,6;0,3;0,6667;0,6667;0,6;0,4;0,1556;0,375;0,6;0,1;0,25;0,6;0,95;0,2618;0,55

Fitness 0,0002010406, Gen ;0,6667;0,2222;0,3333;0,3333;0,3333;0,1667;0,6;0,3;0,6667;0,6667;0,6;0,4;0,1556;0,375;0,6;0,1;0,25;0,6;0,95;0,2618;0,55

Fitness 0,0002797115, Gen ;0,6667;0,2222;0,3333;0,3333;0,3333;0,1667;0,6;0,3;0,6667;0,6667;0,6;0,4;0,1556;0,375;0,6;0,1;0,25;0,6;0,95;0,2618;0,55

Fitness 0,0002047824, Gen ;0,6667;0,2222;0,3333;0,3333;0,3333;0,1667;0,6;0,3;0,6667;0,6667;0,6;0,4;0,1556;0,375;0,6;0,1;0,25;0,6;0,95;0,2618;0,55

Fitness 0,0002132163, Gen ;0,6667;0,2222;0,3333;0,3333;0,3333;0,1667;0,6;0,3;0,6667;0,6667;0,6;0,4;0,1556;0,375;0,6;0,1;0,25;0,6;0,95;0,2618;0,55

Fitness 0,0002242413, Gen ;0,6667;0,2222;0,3333;0,3333;0,3333;0,1667;0,6;0,3;0,6667;0,6667;0,6;0,4;0,1556;0,375;0,6;0,1;0,25;0,6;0,95;0,2618;0,55

Fitness 0,0001793811, Gen ;0,6667;0,2222;0,3333;0,3333;0,3333;0,1667;0,6;0,3;0,6667;0,6667;0,6;0,4;0,1556;0,375;0,6;0,1;0,25;0,6;0,95;0,2618;0,55

Fitness 0,0001967685, Gen ;0,6667;0,2222;0,3333;0,3333;0,3333;0,1667;0,6;0,3;0,6667;0,6667;0,6;0,4;0,1556;0,375;0,6;0,1;0,25;0,6;0,95;0,2618;0,55
,125
Fitness 0,0001915575, Gen ;0,6667;0,2222;0,3333;0,3333;0,3333;0,1667;0,6;0,3;0,6667;0,6667;0,6;0,4;0,1556;0,375;0,6;0,1;0,25;0,6;0,95;0,2618;0,55

Fitness 0,0002242865, Gen ;0,6667;0,2222;0,3333;0,3333;0,3333;0,1667;0,6;0,3;0,6667;0,6667;0,6;0,4;0,1556;0,375;0,6;0,1;0,25;0,6;0,95;0,2618;0,55

Fitness 0,0002814031, Gen ;0,6667;0,2222;0,3333;0,3333;0,3333;0,1667;0,6;0,3;0,6667;0,6667;0,6;0,4;0,1556;0,375;0,6;0,1;0,25;0,6;0,95;0,2618;0,55

Fitness 0,0002327599, Gen ;0,6667;0,2222;0,3333;0,3333;0,3333;0,1667;0,6;0,3;0,6667;0,6667;0,6;0,4;0,1556;0,375;0,6;0,1;0,25;0,6;0,95;0,2618;0,55

Fitness 0,0002510685, Gen ;0,6667;0,2222;0,3333;0,3333;0,3333;0,1667;0,6;0,3;0,6667;0,6667;0,6;0,4;0,1556;0,375;0,6;0,1;0,25;0,6;0,95;0,2618;0,55

Fitness 0,0002241092, Gen ;0,6667;0,2222;0,3333;0,3333;0,3333;0,1667;0,6;0,3;0,6667;0,6667;0,6;0,4;0,1556;0,375;0,6;0,1;0,25;0,6;0,95;0,2618;0,55

Fitness 0,0002089024, Gen ;0,6667;0,2222;0,3333;0,3333;0,3333;0,1667;0,6;0,3;0,6667;0,6667;0,6;0,4;0,1556;0,375;0,6;0,1;0,25;0,6;0,95;0,2618;0,55

Fitness 0,000251262, Gen ;0,6667;0,2222;0,3333;0,3333;0,3333;0,1667;0,6;0,3;0,6667;0,6667;0,6;0,4;0,1556;0,375;0,6;0,1;0,25;0,6;0,95;0,2618;0,55

Fitness 0,0001969002, Gen ;0,6667;0,2222;0,3333;0,3333;0,3333;0,1667;0,6;0,3;0,6667;0,6667;0,6;0,4;0,1556;0,375;0,6;0,1;0,25;0,6;0,95;0,2618;0,55

Fitness 0,0002286177, Gen ;0,6667;0,2222;0,3333;0,3333;0,3333;0,1667;0,6;0,3;0,6667;0,6667;0,6;0,4;0,1556;0,375;0,6;0,1;0,25;0,6;0,95;0,2618;0,55

Fitness 0,0002031772, Gen ;0,6667;0,2222;0,3333;0,3333;0,3333;0,1667;0,6;0,3;0,6667;0,6667;0,6;0,4;0,1556;0,375;0,6;0,1;0,25;0,6;0,95;0,2618;0,55

Fitness 0,0002109143, Gen ;0,6667;0,2222;0,3333;0,3333;0,3333;0,1667;0,6;0,3;0,6667;0,6667;0,6;0,4;0,1556;0,375;0,6;0,1;0,25;0,6;0,95;0,2618;0,55

Fitness 0,0002597667, Gen ;0,6667;0,2222;0,3333;0,3333;0,3333;0,1667;0,6;0,3;0,6667;0,6667;0,6;0,4;0,1556;0,375;0,6;0,1;0,25;0,6;0,95;0,2618;0,55

Fitness 0,0001837128, Gen ;0,6667;0,2222;0,3333;0,3333;0,3333;0,1667;0,6;0,3;0,6667;0,6667;0,6;0,4;0,1556;0,375;0,6;0,1;0,25;0,6;0,95;0,2618;0,55

Fitness 0,00016943, Gen ;0,6667;0,2222;0,3333;0,3333;0,3333;0,1667;0,6;0,3;0,6667;0,6667;0,6;0,4;0,1556;0,375;0,6;0,1;0,25;0,6;0,95;0,2618;0,55

Fitness 0,0002218682, Gen ;0,6667;0,2222;0,3333;0,3333;0,3333;0,1667;0,6;0,3;0,6667;0,6667;0,6;0,4;0,1556;0,375;0,6;0,1;0,25;0,6;0,95;0,2618;0,55

Fitness 0,0002224498, Gen ;0,6667;0,2222;0,3333;0,3333;0,3333;0,1667;0,6;0,3;0,6667;0,6667;0,6;0,4;0,1556;0,375;0,6;0,1;0,25;0,6;0,95;0,2618;0,55

Fitness 0,0002043201, Gen ;0,6667;0,2222;0,3333;0,3333;0,3333;0,1667;0,6;0,3;0,6667;0,6667;0,6;0,4;0,1556;0,375;0,6;0,1;0,25;0,6;0,95;0,2618;0,55

Fitness 0,0002289351, Gen ;0,6667;0,2222;0,3333;0,3333;0,3333;0,1667;0,6;0,3;0,6667;0,6667;0,6;0,4;0,1556;0,375;0,6;0,1;0,25;0,6;0,95;0,2618;0,55

Fitness 0,0002147519, Gen ;0,6667;0,2222;0,3333;0,3333;0,3333;0,1667;0,6;0,3;0,6667;0,6667;0,6;0,4;0,1556;0,375;0,6;0,1;0,25;0,6;0,95;0,2618;0,55

Fitness 0,0001783416, Gen ;0,6667;0,2222;0,3333;0,3333;0,3333;0,1667;0,6;0,3;0,6667;0,6667;0,6;0,4;0,1556;0,375;0,6;0,1;0,25;0,6;0,95;0,2618;0,55

Fitness 0,0002074082, Gen ;0,6667;0,2222;0,3333;0,3333;0,3333;0,1667;0,6;0,3;0,6667;0,6667;0,6;0,4;0,1556;0,375;0,6;0,1;0,25;0,6;0,95;0,2618;0,55

Fitness 0,0002034516, Gen ;0,6667;0,2222;0,3333;0,3333;0,3333;0,1667;0,6;0,3;0,6667;0,6667;0,6;0,4;0,1556;0,375;0,6;0,1;0,25;0,6;0,95;0,2618;0,55

Fitness 0,0003115911, Gen ;0,6667;0,2222;0,3333;0,3333;0,3333;0,1667;0,6;0,3;0,6667;0,6667;0,6;0,4;0,1556;0,375;0,6;0,1;0,25;0,6;0,95;0,2618;0,55

Fitness 0,0001821992, Gen ;0,6667;0,2222;0,3333;0,3333;0,3333;0,1667;0,6;0,3;0,6667;0,6667;0,6;0,4;0,1556;0,375;0,6;0,1;0,25;0,6;0,95;0,2618;0,55

Fitness 0,0002221133, Gen ;0,6667;0,2222;0,3333;0,3333;0,3333;0,1667;0,6;0,3;0,6667;0,6667;0,6;0,4;0,1556;0,375;0,6;0,1;0,25;0,6;0,95;0,2618;0,55

Fitness 0,0001773973, Gen ;0,6667;0,2222;0,3333;0,3333;0,3333;0,1667;0,6;0,3;0,6667;0,6667;0,6;0,4;0,1556;0,375;0,6;0,1;0,25;0,6;0,95;0,2618;0,55

Fitness 0,0002404503, Gen ;0,6667;0,2222;0,3333;0,3333;0,3333;0,1667;0,6;0,3;0,6667;0,6667;0,6;0,4;0,1556;0,375;0,6;0,1;0,25;0,6;0,95;0,2618;0,55
,100
Fitness 0,0001895486, Gen ;0,6667;0,2222;0,3333;0,3333;0,3333;0,1667;0,6;0,3;0,6667;0,6667;0,6;0,4;0,1556;0,375;0,6;0,1;0,25;0,6;0,95;0,2618;0,55

Fitness 0,0001844357, Gen ;0,6667;0,2222;0,3333;0,3333;0,3333;0,1667;0,6;0,3;0,6667;0,6667;0,6;0,4;0,1556;0,375;0,6;0,1;0,25;0,6;0,95;0,2618;0,55

Fitness 0,0001793143, Gen ;0,6667;0,2222;0,3333;0,3333;0,3333;0,1667;0,6;0,3;0,6667;0,6667;0,6;0,4;0,1556;0,375;0,6;0,1;0,25;0,6;0,95;0,2618;0,55
,178,179,181
Fitness 0,000203393, Gen ;0,6667;0,2222;0,3333;0,3333;0,3333;0,1667;0,6;0,3;0,6667;0,6667;0,6;0,4;0,1556;0,375;0,6;0,1;0,25;0,6;0,95;0,2618;0,55

Fitness 0,0002369917, Gen ;0,6667;0,2222;0,3333;0,3333;0,3333;0,1667;0,6;0,3;0,6667;0,6667;0,6;0,4;0,1556;0,375;0,6;0,1;0,25;0,6;0,95;0,2618;0,55

Fitness 0,000205169, Gen ;0,6667;0,2222;0,3333;0,3333;0,3333;0,1667;0,6;0,3;0,6667;0,6667;0,6;0,4;0,1556;0,375;0,6;0,1;0,25;0,6;0,95;0,2618;0,55

Fitness 0,0001987607, Gen ;0,6667;0,2222;0,3333;0,3333;0,3333;0,1667;0,6;0,3;0,6667;0,6667;0,6;0,4;0,1556;0,375;0,6;0,1;0,25;0,6;0,95;0,2618;0,55

Fitness 0,0002288306, Gen ;0,6667;0,2222;0,3333;0,3333;0,3333;0,1667;0,6;0,3;0,6667;0,6667;0,6;0,4;0,1556;0,375;0,6;0,1;0,25;0,6;0,95;0,2618;0,55

Fitness 0,0001866537, Gen ;0,6667;0,2222;0,3333;0,3333;0,3333;0,1667;0,6;0,3;0,6667;0,6667;0,6;0,4;0,1556;0,375;0,6;0,1;0,25;0,6;0,95;0,2618;0,55

Fitness 0,0002066736, Gen ;0,6667;0,2222;0,3333;0,3333;0,3333;0,1667;0,6;0,3;0,6667;0,6667;0,6;0,4;0,1556;0,375;0,6;0,1;0,25;0,6;0,95;0,2618;0,55

Fitness 0,0002559557, Gen ;0,6667;0,2222;0,3333;0,3333;0,3333;0,1667;0,6;0,3;0,6667;0,6667;0,6;0,4;0,1556;0,375;0,6;0,1;0,25;0,6;0,95;0,2618;0,55

Fitness 0,0001858874, Gen ;0,6667;0,2222;0,3333;0,3333;0,3333;0,1667;0,6;0,3;0,6667;0,6667;0,6;0,4;0,1556;0,375;0,6;0,1;0,25;0,6;0,95;0,2618;0,55

Fitness 0,0002560345, Gen ;0,6667;0,2222;0,3333;0,3333;0,3333;0,1667;0,6;0,3;0,6667;0,6667;0,6;0,4;0,1556;0,375;0,6;0,1;0,25;0,6;0,95;0,2618;0,55

Fitness 0,0001757961, Gen ;0,6667;0,2222;0,3333;0,3333;0,3333;0,1667;0,6;0,3;0,6667;0,6667;0,6;0,4;0,1556;0,375;0,6;0,1;0,25;0,6;0,95;0,2618;0,55

Fitness 0,0001900864, Gen ;0,6667;0,2222;0,3333;0,3333;0,3333;0,1667;0,6;0,3;0,6667;0,6667;0,6;0,4;0,1556;0,375;0,6;0,1;0,25;0,6;0,95;0,2618;0,55

Fitness 0,0002311226, Gen ;0,6667;0,2222;0,3333;0,3333;0,3333;0,1667;0,6;0,3;0,6667;0,6667;0,6;0,4;0,1556;0,375;0,6;0,1;0,25;0,6;0,95;0,2618;0,55

Fitness 0,0003006491, Gen ;0,6667;0,2222;0,3333;0,3333;0,3333;0,1667;0,6;0,3;0,6667;0,6667;0,6;0,4;0,1556;0,375;0,6;0,1;0,25;0,6;0,95;0,2618;0,55

Fitness 0,000253853, Gen ;0,6667;0,2222;0,3333;0,3333;0,3333;0,1667;0,6;0,3;0,6667;0,6667;0,6;0,4;0,1556;0,375;0,6;0,1;0,25;0,6;0,95;0,2618;0,55

Fitness 0,0003429964, Gen ;0,6667;0,2222;0,3333;0,3333;0,3333;0,1667;0,6;0,3;0,6667;0,6667;0,6;0,4;0,1556;0,375;0,6;0,1;0,25;0,6;0,95;0,2618;0,55

Fitness 0,0001882436, Gen ;0,6667;0,2222;0,3333;0,3333;0,3333;0,1667;0,6;0,3;0,6667;0,6667;0,6;0,4;0,1556;0,375;0,6;0,1;0,25;0,6;0,95;0,2618;0,55

Fitness 0,000274659, Gen ;0,6667;0,2222;0,3333;0,3333;0,3333;0,1667;0,6;0,3;0,6667;0,6667;0,6;0,4;0,1556;0,375;0,6;0,1;0,25;0,6;0,95;0,2618;0,55

Fitness 0,0001795747, Gen ;0,6667;0,2222;0,3333;0,3333;0,3333;0,1667;0,6;0,3;0,6667;0,6667;0,6;0,4;0,1556;0,375;0,6;0,1;0,25;0,6;0,95;0,2618;0,55

Fitness 0,0001765972, Gen ;0,6667;0,2222;0,3333;0,3333;0,3333;0,1667;0,6;0,3;0,6667;0,6667;0,6;0,4;0,1556;0,375;0,6;0,1;0,25;0,6;0,95;0,2618;0,55

Fitness 0,000178123, Gen ;0,6667;0,2222;0,3333;0,3333;0,3333;0,1667;0,6;0,3;0,6667;0,6667;0,6;0,4;0,1556;0,375;0,6;0,1;0,25;0,6;0,95;0,2618;0,55

