	5PopravljenStroembom ovc
	2 Voronoi ovcarjev
Fitness 0,383608, Gen ;0,6667;0,2222;0,3333;0,3333;0,3333;0,1667;0,6;0,3;0,6667;0,6667;0,6;0,4;0,1556;0,375;0,6;0,1;0,25;0,6;0,95;0,2618;0,55
,123,216,216,217,217
Fitness 16,89707, Gen ;0,6667;0,2222;0,3333;0,3333;0,3333;0,1667;0,6;0,3;0,6667;0,6667;0,6;0,4;0,1556;0,375;0,6;0,1;0,25;0,6;0,95;0,2618;0,55
,110,115,115,116,125
Fitness 25,96562, Gen ;0,6667;0,2222;0,3333;0,3333;0,3333;0,1667;0,6;0,3;0,6667;0,6667;0,6;0,4;0,1556;0,375;0,6;0,1;0,25;0,6;0,95;0,2618;0,55
,88,94,95,95,107
Fitness 10,24669, Gen ;0,6667;0,2222;0,3333;0,3333;0,3333;0,1667;0,6;0,3;0,6667;0,6667;0,6;0,4;0,1556;0,375;0,6;0,1;0,25;0,6;0,95;0,2618;0,55
,139,140,140,140,140
Fitness 0,3251893, Gen ;0,6667;0,2222;0,3333;0,3333;0,3333;0,1667;0,6;0,3;0,6667;0,6667;0,6;0,4;0,1556;0,375;0,6;0,1;0,25;0,6;0,95;0,2618;0,55
,154,159,159,208,223
Fitness 0,9559308, Gen ;0,6667;0,2222;0,3333;0,3333;0,3333;0,1667;0,6;0,3;0,6667;0,6667;0,6;0,4;0,1556;0,375;0,6;0,1;0,25;0,6;0,95;0,2618;0,55
,161,161,163,163,206
Fitness 33,76978, Gen ;0,6667;0,2222;0,3333;0,3333;0,3333;0,1667;0,6;0,3;0,6667;0,6667;0,6;0,4;0,1556;0,375;0,6;0,1;0,25;0,6;0,95;0,2618;0,55
,81,82,82,82,94
Fitness 1,722782, Gen ;0,6667;0,2222;0,3333;0,3333;0,3333;0,1667;0,6;0,3;0,6667;0,6667;0,6;0,4;0,1556;0,375;0,6;0,1;0,25;0,6;0,95;0,2618;0,55
,185,185,186,186,186
Fitness 22,59708, Gen ;0,6667;0,2222;0,3333;0,3333;0,3333;0,1667;0,6;0,3;0,6667;0,6667;0,6;0,4;0,1556;0,375;0,6;0,1;0,25;0,6;0,95;0,2618;0,55
,73,73,79,84,120
Fitness 18,06262, Gen ;0,6667;0,2222;0,3333;0,3333;0,3333;0,1667;0,6;0,3;0,6667;0,6667;0,6;0,4;0,1556;0,375;0,6;0,1;0,25;0,6;0,95;0,2618;0,55
,114,114,120,120,120
Fitness 12,21182, Gen ;0,6667;0,2222;0,3333;0,3333;0,3333;0,1667;0,6;0,3;0,6667;0,6667;0,6;0,4;0,1556;0,375;0,6;0,1;0,25;0,6;0,95;0,2618;0,55
,118,129,135,135,136
Fitness 63,42106, Gen ;0,6667;0,2222;0,3333;0,3333;0,3333;0,1667;0,6;0,3;0,6667;0,6667;0,6;0,4;0,1556;0,375;0,6;0,1;0,25;0,6;0,95;0,2618;0,55
,55,55,56,56,56
Fitness 0,5451712, Gen ;0,6667;0,2222;0,3333;0,3333;0,3333;0,1667;0,6;0,3;0,6667;0,6667;0,6;0,4;0,1556;0,375;0,6;0,1;0,25;0,6;0,95;0,2618;0,55
,105,105,107,213,219
Fitness 64,91475, Gen ;0,6667;0,2222;0,3333;0,3333;0,3333;0,1667;0,6;0,3;0,6667;0,6667;0,6;0,4;0,1556;0,375;0,6;0,1;0,25;0,6;0,95;0,2618;0,55
,54,55,55,55,55
Fitness 42,78576, Gen ;0,6667;0,2222;0,3333;0,3333;0,3333;0,1667;0,6;0,3;0,6667;0,6667;0,6;0,4;0,1556;0,375;0,6;0,1;0,25;0,6;0,95;0,2618;0,55
,72,72,72,72,81
Fitness 1,607728, Gen ;0,6667;0,2222;0,3333;0,3333;0,3333;0,1667;0,6;0,3;0,6667;0,6667;0,6;0,4;0,1556;0,375;0,6;0,1;0,25;0,6;0,95;0,2618;0,55
,137,137,193,194,194
Fitness 1,447335, Gen ;0,6667;0,2222;0,3333;0,3333;0,3333;0,1667;0,6;0,3;0,6667;0,6667;0,6;0,4;0,1556;0,375;0,6;0,1;0,25;0,6;0,95;0,2618;0,55
,144,144,144,144,201
Fitness 53,04574, Gen ;0,6667;0,2222;0,3333;0,3333;0,3333;0,1667;0,6;0,3;0,6667;0,6667;0,6;0,4;0,1556;0,375;0,6;0,1;0,25;0,6;0,95;0,2618;0,55
,66,66,67,67,67
Fitness 6,858345, Gen ;0,6667;0,2222;0,3333;0,3333;0,3333;0,1667;0,6;0,3;0,6667;0,6667;0,6;0,4;0,1556;0,375;0,6;0,1;0,25;0,6;0,95;0,2618;0,55
,125,125,125,125,162
Fitness 14,67905, Gen ;0,6667;0,2222;0,3333;0,3333;0,3333;0,1667;0,6;0,3;0,6667;0,6667;0,6;0,4;0,1556;0,375;0,6;0,1;0,25;0,6;0,95;0,2618;0,55
,80,116,131,131,132
Fitness 24,60858, Gen ;0,6667;0,2222;0,3333;0,3333;0,3333;0,1667;0,6;0,3;0,6667;0,6667;0,6;0,4;0,1556;0,375;0,6;0,1;0,25;0,6;0,95;0,2618;0,55
,101,103,106,106,107
Fitness 10,56077, Gen ;0,6667;0,2222;0,3333;0,3333;0,3333;0,1667;0,6;0,3;0,6667;0,6667;0,6;0,4;0,1556;0,375;0,6;0,1;0,25;0,6;0,95;0,2618;0,55
,99,139,139,139,143
Fitness 3,692138, Gen ;0,6667;0,2222;0,3333;0,3333;0,3333;0,1667;0,6;0,3;0,6667;0,6667;0,6;0,4;0,1556;0,375;0,6;0,1;0,25;0,6;0,95;0,2618;0,55
,138,161,162,162,174
Fitness 1,857863, Gen ;0,6667;0,2222;0,3333;0,3333;0,3333;0,1667;0,6;0,3;0,6667;0,6667;0,6;0,4;0,1556;0,375;0,6;0,1;0,25;0,6;0,95;0,2618;0,55
,103,158,160,193,194
Fitness 27,96012, Gen ;0,6667;0,2222;0,3333;0,3333;0,3333;0,1667;0,6;0,3;0,6667;0,6667;0,6;0,4;0,1556;0,375;0,6;0,1;0,25;0,6;0,95;0,2618;0,55
,100,100,100,100,100
Fitness 58,30624, Gen ;0,6667;0,2222;0,3333;0,3333;0,3333;0,1667;0,6;0,3;0,6667;0,6667;0,6;0,4;0,1556;0,375;0,6;0,1;0,25;0,6;0,95;0,2618;0,55
,56,56,56,57,63
Fitness 59,4668, Gen ;0,6667;0,2222;0,3333;0,3333;0,3333;0,1667;0,6;0,3;0,6667;0,6667;0,6;0,4;0,1556;0,375;0,6;0,1;0,25;0,6;0,95;0,2618;0,55
,59,59,60,60,60
Fitness 44,71275, Gen ;0,6667;0,2222;0,3333;0,3333;0,3333;0,1667;0,6;0,3;0,6667;0,6667;0,6;0,4;0,1556;0,375;0,6;0,1;0,25;0,6;0,95;0,2618;0,55
,76,76,76,77,77
Fitness 0,2812526, Gen ;0,6667;0,2222;0,3333;0,3333;0,3333;0,1667;0,6;0,3;0,6667;0,6667;0,6;0,4;0,1556;0,375;0,6;0,1;0,25;0,6;0,95;0,2618;0,55
,132,133,217,223,225
Fitness 47,97657, Gen ;0,6667;0,2222;0,3333;0,3333;0,3333;0,1667;0,6;0,3;0,6667;0,6667;0,6;0,4;0,1556;0,375;0,6;0,1;0,25;0,6;0,95;0,2618;0,55
,70,72,72,73,73
Fitness 10,29554, Gen ;0,6667;0,2222;0,3333;0,3333;0,3333;0,1667;0,6;0,3;0,6667;0,6667;0,6;0,4;0,1556;0,375;0,6;0,1;0,25;0,6;0,95;0,2618;0,55
,124,140,140,141,141
Fitness 11,9593, Gen ;0,6667;0,2222;0,3333;0,3333;0,3333;0,1667;0,6;0,3;0,6667;0,6667;0,6;0,4;0,1556;0,375;0,6;0,1;0,25;0,6;0,95;0,2618;0,55
,126,127,128,128,137
Fitness 11,53539, Gen ;0,6667;0,2222;0,3333;0,3333;0,3333;0,1667;0,6;0,3;0,6667;0,6667;0,6;0,4;0,1556;0,375;0,6;0,1;0,25;0,6;0,95;0,2618;0,55
,110,133,134,138,139
Fitness 20,60179, Gen ;0,6667;0,2222;0,3333;0,3333;0,3333;0,1667;0,6;0,3;0,6667;0,6667;0,6;0,4;0,1556;0,375;0,6;0,1;0,25;0,6;0,95;0,2618;0,55
,76,96,117,117,118
Fitness 38,23561, Gen ;0,6667;0,2222;0,3333;0,3333;0,3333;0,1667;0,6;0,3;0,6667;0,6667;0,6;0,4;0,1556;0,375;0,6;0,1;0,25;0,6;0,95;0,2618;0,55
,83,84,84,85,85
Fitness 6,101288, Gen ;0,6667;0,2222;0,3333;0,3333;0,3333;0,1667;0,6;0,3;0,6667;0,6667;0,6;0,4;0,1556;0,375;0,6;0,1;0,25;0,6;0,95;0,2618;0,55
,118,119,132,163,164
Fitness 49,03483, Gen ;0,6667;0,2222;0,3333;0,3333;0,3333;0,1667;0,6;0,3;0,6667;0,6667;0,6;0,4;0,1556;0,375;0,6;0,1;0,25;0,6;0,95;0,2618;0,55
,64,64,65,65,74
Fitness 7,88233, Gen ;0,6667;0,2222;0,3333;0,3333;0,3333;0,1667;0,6;0,3;0,6667;0,6667;0,6;0,4;0,1556;0,375;0,6;0,1;0,25;0,6;0,95;0,2618;0,55
,112,112,112,156,157
Fitness 8,818897, Gen ;0,6667;0,2222;0,3333;0,3333;0,3333;0,1667;0,6;0,3;0,6667;0,6667;0,6;0,4;0,1556;0,375;0,6;0,1;0,25;0,6;0,95;0,2618;0,55
,145,145,145,145,145
Fitness 66,83314, Gen ;0,6667;0,2222;0,3333;0,3333;0,3333;0,1667;0,6;0,3;0,6667;0,6667;0,6;0,4;0,1556;0,375;0,6;0,1;0,25;0,6;0,95;0,2618;0,55
,50,50,51,51,54
Fitness 6,152275, Gen ;0,6667;0,2222;0,3333;0,3333;0,3333;0,1667;0,6;0,3;0,6667;0,6667;0,6;0,4;0,1556;0,375;0,6;0,1;0,25;0,6;0,95;0,2618;0,55
,117,118,118,120,167
Fitness 10,89687, Gen ;0,6667;0,2222;0,3333;0,3333;0,3333;0,1667;0,6;0,3;0,6667;0,6667;0,6;0,4;0,1556;0,375;0,6;0,1;0,25;0,6;0,95;0,2618;0,55
,96,139,139,139,141
Fitness 20,75237, Gen ;0,6667;0,2222;0,3333;0,3333;0,3333;0,1667;0,6;0,3;0,6667;0,6667;0,6;0,4;0,1556;0,375;0,6;0,1;0,25;0,6;0,95;0,2618;0,55
,113,113,113,113,114
Fitness 56,41887, Gen ;0,6667;0,2222;0,3333;0,3333;0,3333;0,1667;0,6;0,3;0,6667;0,6667;0,6;0,4;0,1556;0,375;0,6;0,1;0,25;0,6;0,95;0,2618;0,55
,62,63,63,63,63
Fitness 0,01006932, Gen ;0,6667;0,2222;0,3333;0,3333;0,3333;0,1667;0,6;0,3;0,6667;0,6667;0,6;0,4;0,1556;0,375;0,6;0,1;0,25;0,6;0,95;0,2618;0,55
,224,224,224,225
Fitness 22,65229, Gen ;0,6667;0,2222;0,3333;0,3333;0,3333;0,1667;0,6;0,3;0,6667;0,6667;0,6;0,4;0,1556;0,375;0,6;0,1;0,25;0,6;0,95;0,2618;0,55
,107,107,107,107,111
Fitness 3,91096, Gen ;0,6667;0,2222;0,3333;0,3333;0,3333;0,1667;0,6;0,3;0,6667;0,6667;0,6;0,4;0,1556;0,375;0,6;0,1;0,25;0,6;0,95;0,2618;0,55
,94,107,131,144,181
Fitness 12,9441, Gen ;0,6667;0,2222;0,3333;0,3333;0,3333;0,1667;0,6;0,3;0,6667;0,6667;0,6;0,4;0,1556;0,375;0,6;0,1;0,25;0,6;0,95;0,2618;0,55
,100,108,108,108,140
Fitness 29,35415, Gen ;0,6667;0,2222;0,3333;0,3333;0,3333;0,1667;0,6;0,3;0,6667;0,6667;0,6;0,4;0,1556;0,375;0,6;0,1;0,25;0,6;0,95;0,2618;0,55
,61,62,62,62,110
Fitness 8,572742, Gen ;0,6667;0,2222;0,3333;0,3333;0,3333;0,1667;0,6;0,3;0,6667;0,6667;0,6;0,4;0,1556;0,375;0,6;0,1;0,25;0,6;0,95;0,2618;0,55
,110,112,112,113,156
Fitness 17,22372, Gen ;0,6667;0,2222;0,3333;0,3333;0,3333;0,1667;0,6;0,3;0,6667;0,6667;0,6;0,4;0,1556;0,375;0,6;0,1;0,25;0,6;0,95;0,2618;0,55
,111,120,120,121,122
Fitness 9,243762, Gen ;0,6667;0,2222;0,3333;0,3333;0,3333;0,1667;0,6;0,3;0,6667;0,6667;0,6;0,4;0,1556;0,375;0,6;0,1;0,25;0,6;0,95;0,2618;0,55
,121,131,134,145,147
Fitness 8,31761, Gen ;0,6667;0,2222;0,3333;0,3333;0,3333;0,1667;0,6;0,3;0,6667;0,6667;0,6;0,4;0,1556;0,375;0,6;0,1;0,25;0,6;0,95;0,2618;0,55
,114,114,115,115,157
Fitness 4,853816, Gen ;0,6667;0,2222;0,3333;0,3333;0,3333;0,1667;0,6;0,3;0,6667;0,6667;0,6;0,4;0,1556;0,375;0,6;0,1;0,25;0,6;0,95;0,2618;0,55
,108,109,109,109,177
Fitness 30,05807, Gen ;0,6667;0,2222;0,3333;0,3333;0,3333;0,1667;0,6;0,3;0,6667;0,6667;0,6;0,4;0,1556;0,375;0,6;0,1;0,25;0,6;0,95;0,2618;0,55
,61,62,66,67,108
Fitness 12,91285, Gen ;0,6667;0,2222;0,3333;0,3333;0,3333;0,1667;0,6;0,3;0,6667;0,6667;0,6;0,4;0,1556;0,375;0,6;0,1;0,25;0,6;0,95;0,2618;0,55
,119,120,123,134,135
Fitness 17,28875, Gen ;0,6667;0,2222;0,3333;0,3333;0,3333;0,1667;0,6;0,3;0,6667;0,6667;0,6;0,4;0,1556;0,375;0,6;0,1;0,25;0,6;0,95;0,2618;0,55
,116,116,117,122,122
Fitness 24,3638, Gen ;0,6667;0,2222;0,3333;0,3333;0,3333;0,1667;0,6;0,3;0,6667;0,6667;0,6;0,4;0,1556;0,375;0,6;0,1;0,25;0,6;0,95;0,2618;0,55
,66,88,110,110,111
Fitness 1,919517, Gen ;0,6667;0,2222;0,3333;0,3333;0,3333;0,1667;0,6;0,3;0,6667;0,6667;0,6;0,4;0,1556;0,375;0,6;0,1;0,25;0,6;0,95;0,2618;0,55
,178,180,184,184,185
Fitness 64,95901, Gen ;0,6667;0,2222;0,3333;0,3333;0,3333;0,1667;0,6;0,3;0,6667;0,6667;0,6;0,4;0,1556;0,375;0,6;0,1;0,25;0,6;0,95;0,2618;0,55
,54,54,54,55,55
Fitness 19,14495, Gen ;0,6667;0,2222;0,3333;0,3333;0,3333;0,1667;0,6;0,3;0,6667;0,6667;0,6;0,4;0,1556;0,375;0,6;0,1;0,25;0,6;0,95;0,2618;0,55
,91,92,92,102,124
Fitness 0,00998828, Gen ;0,6667;0,2222;0,3333;0,3333;0,3333;0,1667;0,6;0,3;0,6667;0,6667;0,6;0,4;0,1556;0,375;0,6;0,1;0,25;0,6;0,95;0,2618;0,55
,143,153,209
Fitness 11,25207, Gen ;0,6667;0,2222;0,3333;0,3333;0,3333;0,1667;0,6;0,3;0,6667;0,6667;0,6;0,4;0,1556;0,375;0,6;0,1;0,25;0,6;0,95;0,2618;0,55
,102,102,102,102,148
Fitness 8,425471, Gen ;0,6667;0,2222;0,3333;0,3333;0,3333;0,1667;0,6;0,3;0,6667;0,6667;0,6;0,4;0,1556;0,375;0,6;0,1;0,25;0,6;0,95;0,2618;0,55
,105,105,152,152,152
Fitness 12,45645, Gen ;0,6667;0,2222;0,3333;0,3333;0,3333;0,1667;0,6;0,3;0,6667;0,6667;0,6;0,4;0,1556;0,375;0,6;0,1;0,25;0,6;0,95;0,2618;0,55
,103,122,124,126,138
Fitness 37,02475, Gen ;0,6667;0,2222;0,3333;0,3333;0,3333;0,1667;0,6;0,3;0,6667;0,6667;0,6;0,4;0,1556;0,375;0,6;0,1;0,25;0,6;0,95;0,2618;0,55
,85,86,86,86,87
Fitness 21,79305, Gen ;0,6667;0,2222;0,3333;0,3333;0,3333;0,1667;0,6;0,3;0,6667;0,6667;0,6;0,4;0,1556;0,375;0,6;0,1;0,25;0,6;0,95;0,2618;0,55
,110,110,111,111,112
Fitness 3,19505, Gen ;0,6667;0,2222;0,3333;0,3333;0,3333;0,1667;0,6;0,3;0,6667;0,6667;0,6;0,4;0,1556;0,375;0,6;0,1;0,25;0,6;0,95;0,2618;0,55
,135,135,136,136,184
Fitness 55,83472, Gen ;0,6667;0,2222;0,3333;0,3333;0,3333;0,1667;0,6;0,3;0,6667;0,6667;0,6;0,4;0,1556;0,375;0,6;0,1;0,25;0,6;0,95;0,2618;0,55
,63,64,64,64,64
Fitness 24,13777, Gen ;0,6667;0,2222;0,3333;0,3333;0,3333;0,1667;0,6;0,3;0,6667;0,6667;0,6;0,4;0,1556;0,375;0,6;0,1;0,25;0,6;0,95;0,2618;0,55
,89,107,107,108,108
Fitness 0,005860133, Gen ;0,6667;0,2222;0,3333;0,3333;0,3333;0,1667;0,6;0,3;0,6667;0,6667;0,6;0,4;0,1556;0,375;0,6;0,1;0,25;0,6;0,95;0,2618;0,55
,187,188,188,188
Fitness 0,1691395, Gen ;0,6667;0,2222;0,3333;0,3333;0,3333;0,1667;0,6;0,3;0,6667;0,6667;0,6;0,4;0,1556;0,375;0,6;0,1;0,25;0,6;0,95;0,2618;0,55
,189,189,235,236,236
Fitness 6,260259, Gen ;0,6667;0,2222;0,3333;0,3333;0,3333;0,1667;0,6;0,3;0,6667;0,6667;0,6;0,4;0,1556;0,375;0,6;0,1;0,25;0,6;0,95;0,2618;0,55
,129,156,157,157,157
Fitness 20,75281, Gen ;0,6667;0,2222;0,3333;0,3333;0,3333;0,1667;0,6;0,3;0,6667;0,6667;0,6;0,4;0,1556;0,375;0,6;0,1;0,25;0,6;0,95;0,2618;0,55
,74,75,118,119,119
Fitness 2,078652, Gen ;0,6667;0,2222;0,3333;0,3333;0,3333;0,1667;0,6;0,3;0,6667;0,6667;0,6;0,4;0,1556;0,375;0,6;0,1;0,25;0,6;0,95;0,2618;0,55
,128,129,189,189,190
Fitness 0,007627419, Gen ;0,6667;0,2222;0,3333;0,3333;0,3333;0,1667;0,6;0,3;0,6667;0,6667;0,6;0,4;0,1556;0,375;0,6;0,1;0,25;0,6;0,95;0,2618;0,55

Fitness 55,22607, Gen ;0,6667;0,2222;0,3333;0,3333;0,3333;0,1667;0,6;0,3;0,6667;0,6667;0,6;0,4;0,1556;0,375;0,6;0,1;0,25;0,6;0,95;0,2618;0,55
,57,58,58,58,67
Fitness 0,009682918, Gen ;0,6667;0,2222;0,3333;0,3333;0,3333;0,1667;0,6;0,3;0,6667;0,6667;0,6;0,4;0,1556;0,375;0,6;0,1;0,25;0,6;0,95;0,2618;0,55
,150,152,184
Fitness 40,16391, Gen ;0,6667;0,2222;0,3333;0,3333;0,3333;0,1667;0,6;0,3;0,6667;0,6667;0,6;0,4;0,1556;0,375;0,6;0,1;0,25;0,6;0,95;0,2618;0,55
,70,82,83,83,83
Fitness 0,00465514, Gen ;0,6667;0,2222;0,3333;0,3333;0,3333;0,1667;0,6;0,3;0,6667;0,6667;0,6;0,4;0,1556;0,375;0,6;0,1;0,25;0,6;0,95;0,2618;0,55

Fitness 19,88365, Gen ;0,6667;0,2222;0,3333;0,3333;0,3333;0,1667;0,6;0,3;0,6667;0,6667;0,6;0,4;0,1556;0,375;0,6;0,1;0,25;0,6;0,95;0,2618;0,55
,78,108,109,117,119
Fitness 0,007615005, Gen ;0,6667;0,2222;0,3333;0,3333;0,3333;0,1667;0,6;0,3;0,6667;0,6667;0,6;0,4;0,1556;0,375;0,6;0,1;0,25;0,6;0,95;0,2618;0,55
,181,182,226,233
Fitness 47,572, Gen ;0,6667;0,2222;0,3333;0,3333;0,3333;0,1667;0,6;0,3;0,6667;0,6667;0,6;0,4;0,1556;0,375;0,6;0,1;0,25;0,6;0,95;0,2618;0,55
,72,73,73,73,73
Fitness 26,8442, Gen ;0,6667;0,2222;0,3333;0,3333;0,3333;0,1667;0,6;0,3;0,6667;0,6667;0,6;0,4;0,1556;0,375;0,6;0,1;0,25;0,6;0,95;0,2618;0,55
,101,101,102,102,102
Fitness 0,4451247, Gen ;0,6667;0,2222;0,3333;0,3333;0,3333;0,1667;0,6;0,3;0,6667;0,6667;0,6;0,4;0,1556;0,375;0,6;0,1;0,25;0,6;0,95;0,2618;0,55
,170,172,211,213,214
Fitness 32,41158, Gen ;0,6667;0,2222;0,3333;0,3333;0,3333;0,1667;0,6;0,3;0,6667;0,6667;0,6;0,4;0,1556;0,375;0,6;0,1;0,25;0,6;0,95;0,2618;0,55
,81,81,81,82,97
Fitness 40,23743, Gen ;0,6667;0,2222;0,3333;0,3333;0,3333;0,1667;0,6;0,3;0,6667;0,6667;0,6;0,4;0,1556;0,375;0,6;0,1;0,25;0,6;0,95;0,2618;0,55
,81,82,82,82,82
Fitness 18,44659, Gen ;0,6667;0,2222;0,3333;0,3333;0,3333;0,1667;0,6;0,3;0,6667;0,6667;0,6;0,4;0,1556;0,375;0,6;0,1;0,25;0,6;0,95;0,2618;0,55
,87,88,88,88,128
Fitness 57,55283, Gen ;0,6667;0,2222;0,3333;0,3333;0,3333;0,1667;0,6;0,3;0,6667;0,6667;0,6;0,4;0,1556;0,375;0,6;0,1;0,25;0,6;0,95;0,2618;0,55
,61,61,62,62,62
Fitness 43,41657, Gen ;0,6667;0,2222;0,3333;0,3333;0,3333;0,1667;0,6;0,3;0,6667;0,6667;0,6;0,4;0,1556;0,375;0,6;0,1;0,25;0,6;0,95;0,2618;0,55
,69,70,70,70,81
Fitness 2,373371, Gen ;0,6667;0,2222;0,3333;0,3333;0,3333;0,1667;0,6;0,3;0,6667;0,6667;0,6;0,4;0,1556;0,375;0,6;0,1;0,25;0,6;0,95;0,2618;0,55
,153,168,170,181,183
Fitness 45,67882, Gen ;0,6667;0,2222;0,3333;0,3333;0,3333;0,1667;0,6;0,3;0,6667;0,6667;0,6;0,4;0,1556;0,375;0,6;0,1;0,25;0,6;0,95;0,2618;0,55
,74,75,75,75,75
Fitness 14,56716, Gen ;0,6667;0,2222;0,3333;0,3333;0,3333;0,1667;0,6;0,3;0,6667;0,6667;0,6;0,4;0,1556;0,375;0,6;0,1;0,25;0,6;0,95;0,2618;0,55
,110,111,114,131,131
Fitness 19,65766, Gen ;0,6667;0,2222;0,3333;0,3333;0,3333;0,1667;0,6;0,3;0,6667;0,6667;0,6;0,4;0,1556;0,375;0,6;0,1;0,25;0,6;0,95;0,2618;0,55
,80,81,95,117,123
Fitness 29,60761, Gen ;0,6667;0,2222;0,3333;0,3333;0,3333;0,1667;0,6;0,3;0,6667;0,6667;0,6;0,4;0,1556;0,375;0,6;0,1;0,25;0,6;0,95;0,2618;0,55
,90,93,94,97,99
Fitness 38,91864, Gen ;0,6667;0,2222;0,3333;0,3333;0,3333;0,1667;0,6;0,3;0,6667;0,6667;0,6;0,4;0,1556;0,375;0,6;0,1;0,25;0,6;0,95;0,2618;0,55
,69,70,71,72,88
Fitness 47,60365, Gen ;0,6667;0,2222;0,3333;0,3333;0,3333;0,1667;0,6;0,3;0,6667;0,6667;0,6;0,4;0,1556;0,375;0,6;0,1;0,25;0,6;0,95;0,2618;0,55
,66,66,66,67,75
Fitness 34,25254, Gen ;0,6667;0,2222;0,3333;0,3333;0,3333;0,1667;0,6;0,3;0,6667;0,6667;0,6;0,4;0,1556;0,375;0,6;0,1;0,25;0,6;0,95;0,2618;0,55
,72,91,91,92,92
Fitness 23,54155, Gen ;0,6667;0,2222;0,3333;0,3333;0,3333;0,1667;0,6;0,3;0,6667;0,6667;0,6;0,4;0,1556;0,375;0,6;0,1;0,25;0,6;0,95;0,2618;0,55
,95,100,104,110,110
Fitness 8,785265, Gen ;0,6667;0,2222;0,3333;0,3333;0,3333;0,1667;0,6;0,3;0,6667;0,6667;0,6;0,4;0,1556;0,375;0,6;0,1;0,25;0,6;0,95;0,2618;0,55
,107,108,108,108,157
