	100Stroembom ovc
	4 Voronoi ovcarjev
Fitness 6,321464, Gen ;0,6667;0,4;0,3333;0,3333;0,3333;0,1667;0,6;0,3;0,6667;0,6667;0,6;0,4;0,1273;0,375;0,6;0,1;0,5;0,6;0,95;0,2618;0,55
,110,111,111,111,111,112,112,112,112,112,112,112,112,113,113,113,113,113,113,113,113,113,114,114,114,114,114,114,114,115,115,115,115,115,115,115,115,115,115,115,115,115,115,115,115,116,116,116,116,116,116,116,116,116,116,116,116,116,117,117,117,117,118,118,118,118,118,119,119,119,120,120,120,120,120,120,121,121,121,121,122,122,122,122,122,122,123,123,123,124,124,124,124,124,124,125,125,125,126,127
Fitness 6,640954, Gen ;0,6667;0,4;0,3333;0,3333;0,3333;0,1667;0,6;0,3;0,6667;0,6667;0,6;0,4;0,1273;0,375;0,6;0,1;0,5;0,6;0,95;0,2618;0,55
,105,105,106,106,106,106,107,107,107,107,107,108,108,108,108,108,108,108,109,109,109,109,109,109,109,109,109,109,110,110,110,110,110,110,110,110,110,110,111,111,111,111,111,111,111,111,111,111,111,111,111,111,111,111,112,112,112,112,112,112,112,112,113,113,113,114,114,114,115,115,115,116,116,116,117,117,117,118,118,118,119,119,119,120,120,120,120,121,121,121,121,123,123,124,124,125,125,126,127,127
Fitness 8,088773, Gen ;0,6667;0,4;0,3333;0,3333;0,3333;0,1667;0,6;0,3;0,6667;0,6667;0,6;0,4;0,1273;0,375;0,6;0,1;0,5;0,6;0,95;0,2618;0,55
,101,101,101,102,102,102,102,102,102,103,103,103,103,103,103,104,104,104,104,104,104,104,105,105,105,105,105,105,105,105,105,105,105,106,106,106,106,106,106,106,106,106,106,106,106,107,107,107,107,107,107,107,107,107,107,107,107,108,108,108,108,108,108,108,109,109,109,110,110,110,111,111,111,112,112,112,112,113,113,114,114,114,114,115,115,116,116,116,117,117,118,118,119,120,120,121,121,121,123,123
Fitness 11,52297, Gen ;0,6667;0,4;0,3333;0,3333;0,3333;0,1667;0,6;0,3;0,6667;0,6667;0,6;0,4;0,1273;0,375;0,6;0,1;0,5;0,6;0,95;0,2618;0,55
,79,87,87,88,88,88,88,98,99,99,99,99,100,100,100,100,100,100,100,101,101,101,101,101,101,101,101,101,101,101,101,101,102,102,102,102,102,102,102,102,102,103,103,103,103,103,103,103,103,103,103,104,104,104,104,104,104,105,105,105,105,105,105,106,107,107,107,107,107,107,107,108,108,108,108,108,109,109,109,109,109,110,110,110,110,110,111,111,111,111,111,111,112,112,113,113,114,114,114,115
Fitness 4,455886, Gen ;0,6667;0,4;0,3333;0,3333;0,3333;0,1667;0,6;0,3;0,6667;0,6667;0,6;0,4;0,1273;0,375;0,6;0,1;0,5;0,6;0,95;0,2618;0,55
,117,117,117,118,118,118,118,118,118,118,119,119,119,119,119,119,119,120,120,120,120,120,120,120,120,120,121,121,121,121,121,121,121,121,121,121,121,121,122,122,122,122,122,122,122,122,122,122,122,122,122,122,123,123,123,123,123,123,123,123,123,124,124,124,125,125,125,125,125,125,126,126,126,127,127,127,127,127,128,128,128,128,128,128,129,129,129,129,129,130,130,130,130,130,131,131,132,132,132,133
Fitness 7,917798, Gen ;0,6667;0,4;0,3333;0,3333;0,3333;0,1667;0,6;0,3;0,6667;0,6667;0,6;0,4;0,1273;0,375;0,6;0,1;0,5;0,6;0,95;0,2618;0,55
,108,108,108,109,109,109,109,109,109,110,110,110,110,110,110,110,110,110,110,111,111,111,111,111,111,111,111,111,111,112,112,112,112,112,112,112,112,112,112,112,112,112,112,112,112,112,112,112,112,112,112,113,113,113,113,113,113,113,113,113,113,114,114,114,114,114,114,115,115,115,115,115,115,115,116,116,116,116,117,117,117,117,117,117,117,117,118,118,118,119,119,119,119,119,120,121,121,121,122,122
Fitness 5,443598, Gen ;0,6667;0,4;0,3333;0,3333;0,3333;0,1667;0,6;0,3;0,6667;0,6667;0,6;0,4;0,1273;0,375;0,6;0,1;0,5;0,6;0,95;0,2618;0,55
,108,108,109,109,109,109,111,111,111,111,111,112,112,112,112,112,112,112,112,113,113,113,113,113,113,113,113,114,114,114,114,114,114,114,114,114,114,114,114,114,114,115,115,115,115,115,115,115,115,115,115,115,115,115,115,115,116,116,116,116,116,116,116,117,117,117,117,117,118,118,118,119,119,120,120,120,120,120,120,121,122,122,123,123,123,123,124,124,125,125,125,125,126,127,127,127,128,129,130,131
Fitness 0,0002034306, Gen ;0,6667;0,4;0,3333;0,3333;0,3333;0,1667;0,6;0,3;0,6667;0,6667;0,6;0,4;0,1273;0,375;0,6;0,1;0,5;0,6;0,95;0,2618;0,55
,101,116,116,117,118,118,118,119,119,119,121,121,121,122,122,122,122,123,123,123,123,123,124,124,124,124,124,125,125,125,125,126,126,126,126,126,127,127,127,127,127,127,127,128,128,128,128,128,128,128,129,129,129,129,130,130,130,130,130,130,130,130,131,131,131,131,131,131,131,131,132,132,132,132,132,132,132,132,133,133,133,133
Fitness 3,564085E-05, Gen ;0,6667;0,4;0,3333;0,3333;0,3333;0,1667;0,6;0,3;0,6667;0,6667;0,6;0,4;0,1273;0,375;0,6;0,1;0,5;0,6;0,95;0,2618;0,55
,115,117,118,119,119,119,120,121,121,121,121,121,121,122,122,122,122,122,122,122,122,122,123,123,123,123,123,123,123,123,123,123,123,123,124,124,124,124,124,126,126,126,126,126,126,126,126,126,126,127,127,127,127,127,127,127,127,127,127,127,128,128,128,128,128,128,128,128,128,128,129,129,129,129,129,129,129,129,130,130,130,130,130,130,131,132,132,132,133,133,133,133,134,135,135,135,136,136,137
Fitness 7,882769, Gen ;0,6667;0,4;0,3333;0,3333;0,3333;0,1667;0,6;0,3;0,6667;0,6667;0,6;0,4;0,1273;0,375;0,6;0,1;0,5;0,6;0,95;0,2618;0,55
,72,72,72,72,73,73,73,73,73,73,74,74,77,77,78,78,78,78,78,78,78,78,79,79,79,79,82,82,82,82,82,82,82,82,83,83,83,83,83,83,83,83,83,83,83,84,84,84,84,84,84,84,84,84,84,84,84,85,85,85,85,85,85,85,85,85,85,86,86,86,86,87,87,87,87,87,87,87,87,88,88,88,88,89,89,89,90,90,90,91,92,92,93,94,94,94,96,97,97,132
Fitness 1,628029, Gen ;0,6667;0,4;0,3333;0,3333;0,3333;0,1667;0,6;0,3;0,6667;0,6667;0,6;0,4;0,1273;0,375;0,6;0,1;0,5;0,6;0,95;0,2618;0,55
,131,132,132,132,132,132,132,132,132,132,132,132,132,132,132,132,132,132,132,133,133,133,133,133,133,133,133,133,133,133,133,133,133,133,133,133,133,133,133,133,134,134,134,134,134,134,134,134,134,134,134,134,134,134,134,134,134,134,135,135,135,135,135,135,135,135,135,136,136,136,136,136,136,136,136,137,137,137,137,137,137,138,138,138,138,138,138,139,139,139,140,140,140,144,145,146,147,147,148,148
Fitness 4,022929E-05, Gen ;0,6667;0,4;0,3333;0,3333;0,3333;0,1667;0,6;0,3;0,6667;0,6667;0,6;0,4;0,1273;0,375;0,6;0,1;0,5;0,6;0,95;0,2618;0,55
,118,119,119,119,119,119,120,120,120,120,120,120,120,120,121,121,121,121,121,121,121,121,121,122,122,122,122,122,122,122,122,122,122,122,122,122,123,123,123,123,123,123,123,123,123,123,123,123,123,123,123,124,124,124,124,124,124,124,124,124,124,124,124,124,124,125,125,125,125,125,125,125,125,126,126,126,126,126,126,127,127,127,128,128,128,129,129,129,130,130,130,131,133,135
Fitness 0,0002325165, Gen ;0,6667;0,4;0,3333;0,3333;0,3333;0,1667;0,6;0,3;0,6667;0,6667;0,6;0,4;0,1273;0,375;0,6;0,1;0,5;0,6;0,95;0,2618;0,55
,118,118,118,119,119,120,120,120,121,121,121,121,121,121,122,122,122,122,122,123,123,123,124,124,124,124,124,124,124,125,125,125,125,125,125,125,125,125,126,126,126,126,126,126,126,126,126,126,127,127,127,127,127,127,127,127,127,128,128,128,128,128,128,128,128,128,128,128,129,129,129,129,129,129,130,130,130,130,130,131,131,131,132,132,135
Fitness 5,446338, Gen ;0,6667;0,4;0,3333;0,3333;0,3333;0,1667;0,6;0,3;0,6667;0,6667;0,6;0,4;0,1273;0,375;0,6;0,1;0,5;0,6;0,95;0,2618;0,55
,114,114,114,114,114,114,115,115,115,115,115,115,115,115,115,116,116,116,116,116,116,116,116,116,116,116,116,116,117,117,117,117,117,117,117,117,117,117,117,117,117,117,117,117,118,118,118,118,118,118,118,118,118,118,118,118,118,119,119,119,119,119,119,119,119,119,119,120,120,120,120,120,120,120,120,121,121,122,122,122,122,123,123,124,124,124,124,125,125,125,125,125,126,126,127,127,128,129,130,130
Fitness 27,90207, Gen ;0,6667;0,4;0,3333;0,3333;0,3333;0,1667;0,6;0,3;0,6667;0,6667;0,6;0,4;0,1273;0,375;0,6;0,1;0,5;0,6;0,95;0,2618;0,55
,67,67,67,67,67,68,68,68,68,68,68,68,68,68,69,79,79,80,80,80,80,80,80,80,80,80,81,81,81,81,81,81,81,81,81,81,81,81,81,81,81,81,82,82,82,82,82,82,82,82,82,82,82,82,82,82,83,83,83,83,83,83,83,83,83,83,84,84,84,84,84,84,84,84,84,85,85,85,85,85,85,86,86,86,86,86,86,87,87,87,88,88,88,88,89,89,90,90,90,91
Fitness 1,81988, Gen ;0,6667;0,4;0,3333;0,3333;0,3333;0,1667;0,6;0,3;0,6667;0,6667;0,6;0,4;0,1273;0,375;0,6;0,1;0,5;0,6;0,95;0,2618;0,55
,122,122,123,123,123,123,123,123,123,124,124,124,124,124,124,124,124,124,125,125,125,125,125,125,125,126,126,126,126,126,127,128,128,128,128,129,129,129,129,129,129,129,129,129,129,129,130,130,130,130,130,130,130,130,131,131,131,131,131,131,131,131,131,131,131,132,132,132,132,132,132,132,133,133,133,133,136,136,137,137,137,137,137,138,138,138,138,139,139,139,139,140,140,141,141,143,143,146,147,147
Fitness 17,81199, Gen ;0,6667;0,4;0,3333;0,3333;0,3333;0,1667;0,6;0,3;0,6667;0,6667;0,6;0,4;0,1273;0,375;0,6;0,1;0,5;0,6;0,95;0,2618;0,55
,75,75,75,75,76,76,76,76,76,76,90,91,91,91,91,91,92,92,92,92,92,92,92,92,92,93,93,93,93,93,93,93,93,93,93,93,94,94,94,94,94,94,94,94,94,94,94,94,94,94,95,95,95,95,95,95,95,95,95,96,96,96,96,96,96,97,97,97,97,98,98,98,98,98,98,98,98,99,99,99,99,99,99,100,100,100,100,100,100,100,101,101,101,101,102,102,102,103,104,104
Fitness 11,77784, Gen ;0,6667;0,4;0,3333;0,3333;0,3333;0,1667;0,6;0,3;0,6667;0,6667;0,6;0,4;0,1273;0,375;0,6;0,1;0,5;0,6;0,95;0,2618;0,55
,93,93,94,95,95,95,95,95,95,95,96,96,96,96,96,97,97,97,97,97,97,97,98,98,98,98,98,98,98,98,98,98,98,99,99,99,99,99,99,99,99,99,99,99,99,99,99,100,100,100,100,100,100,100,100,100,101,101,101,101,101,101,102,102,103,103,103,103,104,104,104,105,105,105,105,106,106,106,107,107,107,108,108,108,109,109,109,110,110,110,111,111,112,112,112,113,113,114,115,115
Fitness 5,221042, Gen ;0,6667;0,4;0,3333;0,3333;0,3333;0,1667;0,6;0,3;0,6667;0,6667;0,6;0,4;0,1273;0,375;0,6;0,1;0,5;0,6;0,95;0,2618;0,55
,114,114,114,114,114,115,115,115,115,115,115,115,115,116,116,116,116,116,116,117,117,117,117,117,117,117,117,117,117,117,117,117,118,118,118,118,118,118,118,118,118,118,118,118,118,118,119,119,119,119,119,119,119,119,119,119,119,119,120,120,120,120,121,121,121,121,121,122,122,122,122,122,123,123,123,124,124,124,124,124,124,124,125,125,125,126,126,126,126,126,126,127,127,128,128,129,129,129,130,130
Fitness 8,830786, Gen ;0,6667;0,4;0,3333;0,3333;0,3333;0,1667;0,6;0,3;0,6667;0,6667;0,6;0,4;0,1273;0,375;0,6;0,1;0,5;0,6;0,95;0,2618;0,55
,102,103,103,103,103,104,104,104,104,104,105,105,105,105,105,105,105,106,106,106,106,106,106,106,107,107,107,107,107,107,107,107,108,108,108,108,108,108,108,108,108,108,108,108,108,108,108,108,108,109,109,109,109,109,109,109,109,109,109,109,109,110,110,110,110,111,111,111,111,111,112,112,112,112,112,113,113,114,114,114,115,115,115,115,115,116,116,116,117,117,117,117,118,118,118,119,119,119,120,120
Fitness 7,243876, Gen ;0,6667;0,4;0,3333;0,3333;0,3333;0,1667;0,6;0,3;0,6667;0,6667;0,6;0,4;0,1273;0,375;0,6;0,1;0,5;0,6;0,95;0,2618;0,55
,102,102,102,102,102,103,103,103,103,103,103,104,104,104,104,104,104,105,105,105,105,105,105,105,106,106,106,106,106,106,106,106,107,107,107,107,107,107,107,107,107,107,108,108,108,108,108,108,108,108,108,108,108,108,109,109,109,109,110,110,110,110,110,110,110,111,111,111,112,112,113,113,113,114,114,114,115,115,116,116,117,117,118,118,118,119,119,120,120,120,120,121,122,122,123,123,124,125,125,126
Fitness 5,010761E-05, Gen ;0,6667;0,4;0,3333;0,3333;0,3333;0,1667;0,6;0,3;0,6667;0,6667;0,6;0,4;0,1273;0,375;0,6;0,1;0,5;0,6;0,95;0,2618;0,55
,139,139,139,139,142,142,143,144,144,147,148,148,149,149,149,149,150,150,150,150,150,150,151,151,151,151,151,151,151,151,151,152,152,152,152,152,153,153,153,153,153,153,154,154,154,154,154,154,154,154,154,154,154,154,154,155,155,155,155,155,155,155,155,155,156,156,156,156,156,156,156,156,157,157,157,158,158,158,159,161,161,161,162,162,163,163,163,164,164,164,164,164,164,164,165,165,166,166
Fitness 1,305177, Gen ;0,6667;0,4;0,3333;0,3333;0,3333;0,1667;0,6;0,3;0,6667;0,6667;0,6;0,4;0,1273;0,375;0,6;0,1;0,5;0,6;0,95;0,2618;0,55
,101,101,101,101,101,102,102,102,102,102,102,102,103,103,103,103,103,103,103,103,103,103,104,104,104,104,104,104,104,104,104,105,105,105,105,105,105,105,105,105,105,105,105,106,106,106,106,106,106,106,106,106,106,106,106,106,107,107,107,107,107,107,107,107,107,108,108,108,109,109,110,110,110,110,110,111,111,111,111,111,112,112,112,113,113,113,113,113,113,114,114,114,115,115,117,117,117,118,122,157
Fitness 9,663212E-05, Gen ;0,6667;0,4;0,3333;0,3333;0,3333;0,1667;0,6;0,3;0,6667;0,6667;0,6;0,4;0,1273;0,375;0,6;0,1;0,5;0,6;0,95;0,2618;0,55
,112,113,113,114,114,114,114,114,114,114,115,115,115,115,115,115,116,116,116,116,116,116,116,117,117,117,117,117,117,117,117,117,118,118,118,118,118,118,118,118,118,119,119,119,119,119,119,119,119,119,119,119,120,120,120,120,120,120,120,120,120,121,121,121,121,121,121,121,121,121,122,122,122,122,122,122,123,123,123,124,124,126,126,126,127,127,128,128,128,128,133,134
Fitness 26,41986, Gen ;0,6667;0,4;0,3333;0,3333;0,3333;0,1667;0,6;0,3;0,6667;0,6667;0,6;0,4;0,1273;0,375;0,6;0,1;0,5;0,6;0,95;0,2618;0,55
,77,77,78,78,78,78,78,78,78,78,78,78,78,79,79,79,79,79,79,79,79,80,80,80,82,83,83,83,83,83,83,83,84,84,84,84,84,84,84,84,84,84,84,84,84,84,85,85,85,85,85,85,85,85,85,85,85,86,86,86,86,86,86,86,86,87,87,87,87,87,87,87,87,87,87,88,88,88,88,88,88,88,89,89,89,89,90,90,90,90,90,90,90,90,91,91,91,91,91,92
Fitness 10,34486, Gen ;0,6667;0,4;0,3333;0,3333;0,3333;0,1667;0,6;0,3;0,6667;0,6667;0,6;0,4;0,1273;0,375;0,6;0,1;0,5;0,6;0,95;0,2618;0,55
,102,103,103,103,103,103,103,103,103,104,104,104,104,104,104,104,104,104,105,105,105,105,105,105,105,105,105,105,105,106,106,106,106,106,106,106,106,106,106,106,106,106,106,106,106,106,106,107,107,107,107,107,107,107,107,107,107,108,108,108,108,108,108,108,108,109,109,109,109,109,109,110,110,110,110,111,111,111,111,111,112,112,112,112,112,113,113,113,113,113,113,114,114,115,115,115,116,116,116,116
Fitness 0,0001769559, Gen ;0,6667;0,4;0,3333;0,3333;0,3333;0,1667;0,6;0,3;0,6667;0,6667;0,6;0,4;0,1273;0,375;0,6;0,1;0,5;0,6;0,95;0,2618;0,55
,113,113,114,114,114,114,115,115,115,115,116,116,116,116,116,117,117,117,117,117,117,117,118,118,118,118,118,119,119,119,119,119,120,120,120,120,120,120,120,120,120,121,121,121,121,121,121,121,121,121,121,121,122,122,122,122,122,122,122,122,123,123,123,123,123,123,124,124,124,124,125,125,125,126,126,126,127,127,128,128,129,129,129,130,130,130,131,131,132,132,132,148,158,158
Fitness 7,849636, Gen ;0,6667;0,4;0,3333;0,3333;0,3333;0,1667;0,6;0,3;0,6667;0,6667;0,6;0,4;0,1273;0,375;0,6;0,1;0,5;0,6;0,95;0,2618;0,55
,102,102,102,103,103,103,103,103,103,103,104,104,104,104,104,104,104,104,105,105,105,105,105,105,105,105,106,106,106,106,106,107,107,107,107,107,107,107,107,107,107,107,107,107,107,108,108,108,108,108,108,108,108,108,108,108,108,108,109,109,109,109,109,110,110,110,111,111,112,112,113,113,113,113,114,114,114,115,115,115,116,116,116,116,117,117,117,118,118,118,118,119,119,119,120,120,121,122,122,124
Fitness 11,51525, Gen ;0,6667;0,4;0,3333;0,3333;0,3333;0,1667;0,6;0,3;0,6667;0,6667;0,6;0,4;0,1273;0,375;0,6;0,1;0,5;0,6;0,95;0,2618;0,55
,100,100,100,100,101,101,101,101,101,101,102,102,102,102,102,102,102,102,102,103,103,103,103,103,103,103,103,103,103,103,104,104,104,104,104,104,104,104,104,104,104,104,104,104,104,104,105,105,105,105,105,105,105,105,105,105,105,105,106,106,106,106,106,106,106,106,106,107,107,107,107,107,107,108,108,108,108,108,108,109,109,109,109,110,110,110,110,110,111,111,111,111,111,112,112,112,113,114,114,114
Fitness 0,0002004205, Gen ;0,6667;0,4;0,3333;0,3333;0,3333;0,1667;0,6;0,3;0,6667;0,6667;0,6;0,4;0,1273;0,375;0,6;0,1;0,5;0,6;0,95;0,2618;0,55
,101,102,102,102,103,103,103,103,103,104,104,104,104,105,105,105,105,105,106,106,108,112,113,113,113,114,114,114,115,115,115,115,115,115,116,116,116,116,116,116,117,117,117,117,117,117,118,118,118,118,118,118,118,118,119,119,119,119,119,119,119,119,120,120,120,120,120,120,120,121,121,121,122,122,122,122,122,122,123,123,124,124,124,125,125,125,125,126,126,126,131,145,154,169
Fitness 0,0002229093, Gen ;0,6667;0,4;0,3333;0,3333;0,3333;0,1667;0,6;0,3;0,6667;0,6667;0,6;0,4;0,1273;0,375;0,6;0,1;0,5;0,6;0,95;0,2618;0,55
,132,133,133,133,133,133,134,134,134,134,134,134,134,134,134,134,134,134,134,135,135,135,135,135,135,135,135,135,135,135,135,135,135,135,135,135,135,135,135,135,135,136,136,136,136,136,136,136,136,136,136,136,136,136,136,136,136,136,136,136,137,137,137,137,137,137,137,137,137,138,138,138,138,138,138,138,138,139,139,140,140,141,145,178,179
Fitness 12,01061, Gen ;0,6667;0,4;0,3333;0,3333;0,3333;0,1667;0,6;0,3;0,6667;0,6667;0,6;0,4;0,1273;0,375;0,6;0,1;0,5;0,6;0,95;0,2618;0,55
,84,85,85,85,85,85,85,85,86,86,86,86,86,86,86,101,102,102,102,102,102,102,103,103,103,103,103,103,104,104,104,104,104,104,104,104,104,104,104,104,104,104,104,104,105,105,105,105,105,105,105,105,105,105,105,105,106,106,106,106,106,106,106,106,106,107,107,107,107,107,107,108,108,108,108,108,108,108,108,109,109,109,109,109,110,110,110,110,111,111,111,111,111,111,111,112,112,113,113,114
Fitness 19,9122, Gen ;0,6667;0,4;0,3333;0,3333;0,3333;0,1667;0,6;0,3;0,6667;0,6667;0,6;0,4;0,1273;0,375;0,6;0,1;0,5;0,6;0,95;0,2618;0,55
,75,75,75,76,76,76,76,76,76,76,77,77,77,77,77,77,89,89,89,89,90,90,90,90,90,90,90,90,90,90,91,91,91,91,91,91,91,91,91,91,91,91,91,92,92,92,92,92,92,92,92,92,92,92,93,93,93,93,93,93,93,93,93,93,94,94,94,94,94,94,94,95,95,95,95,95,95,96,96,96,96,97,97,97,97,97,97,97,98,98,98,98,98,98,99,99,100,100,100,101
Fitness 8,15442, Gen ;0,6667;0,4;0,3333;0,3333;0,3333;0,1667;0,6;0,3;0,6667;0,6667;0,6;0,4;0,1273;0,375;0,6;0,1;0,5;0,6;0,95;0,2618;0,55
,107,107,108,108,108,108,108,108,109,109,109,109,109,109,109,109,110,110,110,110,110,110,110,110,110,111,111,111,111,111,111,111,111,111,111,111,111,112,112,112,112,112,112,112,112,112,112,112,112,112,112,112,112,112,112,113,113,113,113,113,113,113,113,113,113,113,114,114,114,114,114,114,115,115,115,115,115,116,116,116,117,117,117,117,117,118,118,118,118,118,119,119,120,120,120,120,121,121,121,121
Fitness 35,14217, Gen ;0,6667;0,4;0,3333;0,3333;0,3333;0,1667;0,6;0,3;0,6667;0,6667;0,6;0,4;0,1273;0,375;0,6;0,1;0,5;0,6;0,95;0,2618;0,55
,68,69,69,69,69,69,70,70,70,70,70,72,73,73,74,74,74,74,74,74,74,74,74,74,74,74,74,74,74,74,74,75,75,75,75,75,75,75,75,75,75,75,75,75,75,75,75,75,75,75,75,76,76,76,76,76,76,76,76,76,76,76,76,76,76,77,77,77,77,77,77,77,77,77,77,78,78,78,78,78,79,79,79,79,79,79,79,80,80,80,80,80,80,81,81,81,82,82,83,83
Fitness 4,023755, Gen ;0,6667;0,4;0,3333;0,3333;0,3333;0,1667;0,6;0,3;0,6667;0,6667;0,6;0,4;0,1273;0,375;0,6;0,1;0,5;0,6;0,95;0,2618;0,55
,114,114,114,114,114,115,115,115,115,115,115,115,116,116,116,116,116,116,116,116,116,117,117,117,117,117,117,117,117,118,118,118,118,118,118,118,118,118,118,118,118,118,118,118,118,118,118,119,119,119,119,119,119,119,119,119,119,120,120,120,120,120,120,120,121,121,121,121,121,121,121,121,122,122,123,123,123,123,124,124,125,125,125,126,126,126,127,127,127,128,130,130,131,131,132,133,134,135,135,136
Fitness 0,0002021577, Gen ;0,6667;0,4;0,3333;0,3333;0,3333;0,1667;0,6;0,3;0,6667;0,6667;0,6;0,4;0,1273;0,375;0,6;0,1;0,5;0,6;0,95;0,2618;0,55
,88,88,88,89,89,89,89,89,90,90,90,90,90,90,90,91,91,91,91,91,91,91,91,91,92,92,92,92,92,92,92,92,92,92,92,92,93,93,93,93,93,93,93,93,93,93,93,93,93,93,94,94,94,94,94,94,94,94,94,95,95,95,95,95,95,95,96,96,96,96,96,97,97,97,97,97,97,98,98,98,98,98,99,99,99,99,100,100,100,100,100,101,101,102,102,103,104,104,104
Fitness 1,989872, Gen ;0,6667;0,4;0,3333;0,3333;0,3333;0,1667;0,6;0,3;0,6667;0,6667;0,6;0,4;0,1273;0,375;0,6;0,1;0,5;0,6;0,95;0,2618;0,55
,106,127,127,127,127,128,128,128,128,128,128,129,129,129,129,129,129,129,129,129,130,130,130,130,130,130,130,130,130,130,130,130,130,131,131,131,131,131,131,131,131,131,131,132,132,132,132,132,132,132,132,132,132,132,133,133,133,133,133,133,134,134,134,134,134,134,134,135,135,135,135,135,136,136,136,136,136,137,137,137,137,138,138,138,138,139,139,139,139,140,140,140,141,141,142,143,143,144,145,145
Fitness 3,081102E-05, Gen ;0,6667;0,4;0,3333;0,3333;0,3333;0,1667;0,6;0,3;0,6667;0,6667;0,6;0,4;0,1273;0,375;0,6;0,1;0,5;0,6;0,95;0,2618;0,55
,106,106,106,106,106,107,107,107,107,107,107,107,108,108,108,108,108,109,109,109,109,109,109,109,109,109,110,110,110,110,110,110,110,110,110,110,110,111,111,111,111,111,111,111,111,111,112,112,112,112,112,112,112,112,112,112,112,112,112,112,112,113,113,113,113,113,113,113,114,114,114,115,115,115,116,116,116,117,117,117,117,118,118,118,119,119,119,119,120,120,120,120,121,122,122,122,123,123
Fitness 6,052332, Gen ;0,6667;0,4;0,3333;0,3333;0,3333;0,1667;0,6;0,3;0,6667;0,6667;0,6;0,4;0,1273;0,375;0,6;0,1;0,5;0,6;0,95;0,2618;0,55
,112,112,113,113,113,113,113,114,114,114,114,114,114,114,115,115,115,115,115,115,115,115,115,115,115,115,115,115,115,116,116,116,116,116,116,116,116,116,116,116,116,116,116,116,116,116,116,116,117,117,117,117,117,117,117,117,117,117,117,117,118,118,118,118,118,118,118,118,119,119,119,119,119,119,119,120,120,120,121,121,122,122,122,123,123,123,123,124,124,124,124,124,125,125,125,126,126,127,127,127
Fitness 14,27551, Gen ;0,6667;0,4;0,3333;0,3333;0,3333;0,1667;0,6;0,3;0,6667;0,6667;0,6;0,4;0,1273;0,375;0,6;0,1;0,5;0,6;0,95;0,2618;0,55
,79,79,79,79,79,80,80,80,80,80,80,98,98,98,99,99,99,99,99,99,99,99,99,99,100,100,100,100,100,100,100,100,100,100,101,101,101,101,101,101,101,101,101,101,101,101,101,101,101,101,101,102,102,102,102,102,102,102,102,102,102,102,102,102,102,103,103,103,103,103,103,103,104,104,104,104,104,105,105,105,105,105,105,106,106,106,106,106,107,107,107,107,107,107,108,108,108,108,109,109
Fitness 6,489849E-05, Gen ;0,6667;0,4;0,3333;0,3333;0,3333;0,1667;0,6;0,3;0,6667;0,6667;0,6;0,4;0,1273;0,375;0,6;0,1;0,5;0,6;0,95;0,2618;0,55
,115,115,115,116,116,116,116,116,117,117,117,117,117,117,117,118,118,118,118,118,118,119,119,119,119,119,119,119,119,119,120,120,120,120,120,120,121,121,121,121,121,121,121,121,121,121,121,122,122,122,122,123,123,123,123,123,123,123,123,123,123,123,123,124,124,124,124,124,124,124,124,124,125,125,125,125,125,126,126,126,126,127,127,127,128,128,128,128,129
Fitness 14,63712, Gen ;0,6667;0,4;0,3333;0,3333;0,3333;0,1667;0,6;0,3;0,6667;0,6667;0,6;0,4;0,1273;0,375;0,6;0,1;0,5;0,6;0,95;0,2618;0,55
,89,89,89,89,89,89,89,89,89,89,89,90,90,90,90,90,90,90,90,91,91,95,95,95,95,95,95,95,95,95,96,96,96,96,96,96,96,96,96,96,96,96,97,97,97,97,97,97,97,97,98,98,98,98,98,98,98,98,98,98,99,99,99,99,99,99,99,99,99,100,100,100,100,101,101,101,101,101,101,101,102,102,102,102,103,103,103,103,104,105,106,106,106,106,107,107,108,108,109,109
Fitness 0,0001416605, Gen ;0,6667;0,4;0,3333;0,3333;0,3333;0,1667;0,6;0,3;0,6667;0,6667;0,6;0,4;0,1273;0,375;0,6;0,1;0,5;0,6;0,95;0,2618;0,55
,132,132,132,132,132,133,133,133,133,133,133,133,133,133,134,134,134,134,134,134,134,134,134,134,134,134,134,134,135,135,135,135,135,135,135,135,135,135,135,135,136,136,136,136,136,136,136,136,136,136,136,136,136,136,136,136,137,137,137,137,137,137,137,137,137,137,137,138,138,138,138,139,139,139,140,140,140,140,140,141,141,141,141,142,142,143,143,143,144,144,144,152,165,167,167,171,172,173
Fitness 0,01339883, Gen ;0,6667;0,4;0,3333;0,3333;0,3333;0,1667;0,6;0,3;0,6667;0,6667;0,6;0,4;0,1273;0,375;0,6;0,1;0,5;0,6;0,95;0,2618;0,55
,160,161,161,161,161,161,162,162,162,162,162,162,162,162,162,162,163,163,163,163,163,163,163,163,163,164,164,164,164,164,164,164,164,164,164,164,164,164,164,165,165,165,165,165,165,165,165,165,165,165,165,165,165,165,165,165,166,166,166,166,166,166,166,166,166,166,167,167,167,167,167,167,167,168,168,168,168,168,169,169,169,170,170,170,171,171,171,172,172,172,173,173,174,174,175,176,176,176,177,177
Fitness 0,0001411058, Gen ;0,6667;0,4;0,3333;0,3333;0,3333;0,1667;0,6;0,3;0,6667;0,6667;0,6;0,4;0,1273;0,375;0,6;0,1;0,5;0,6;0,95;0,2618;0,55
,97,98,98,98,99,99,99,99,99,99,99,100,100,100,100,101,101,101,101,101,101,102,102,102,102,104,104,104,104,104,104,105,105,105,105,105,105,105,105,105,106,106,106,106,106,106,106,106,106,106,106,106,106,107,107,107,107,107,107,107,107,107,107,108,108,108,108,108,108,109,109,109,110,110,111,111,111,111,111,111,112,112,113,113,113,114,114,114,115,118,118,119,123,124,124,125,126,162,163
Fitness 6,616182E-05, Gen ;0,6667;0,4;0,3333;0,3333;0,3333;0,1667;0,6;0,3;0,6667;0,6667;0,6;0,4;0,1273;0,375;0,6;0,1;0,5;0,6;0,95;0,2618;0,55
,110,110,110,112,112,113,113,113,113,113,113,114,114,114,114,114,115,115,115,115,116,116,117,117,117,117,117,118,118,118,118,118,118,118,118,118,118,118,119,119,119,119,119,119,119,119,119,119,119,119,119,119,120,120,120,120,120,120,120,120,120,120,120,120,120,120,120,121,121,121,121,121,121,121,121,121,121,122,122,122,122,123,123,123,123,123,123,123,124,124,124,126,126,127,130,131,133
Fitness 6,289672E-05, Gen ;0,6667;0,4;0,3333;0,3333;0,3333;0,1667;0,6;0,3;0,6667;0,6667;0,6;0,4;0,1273;0,375;0,6;0,1;0,5;0,6;0,95;0,2618;0,55
,127,127,127,128,128,128,129,129,129,129,129,129,129,130,130,131,131,131,131,131,131,132,132,132,133,133,133,133,133,134,134,134,134,135,135,135,135,136,136,136,136,136,136,136,136,136,136,136,136,136,136,136,137,137,137,137,137,137,137,137,137,137,137,137,137,137,137,138,138,138,138,138,138,138,138,139,139,139,139,140,140,140,140,141
Fitness 3,79776, Gen ;0,6667;0,4;0,3333;0,3333;0,3333;0,1667;0,6;0,3;0,6667;0,6667;0,6;0,4;0,1273;0,375;0,6;0,1;0,5;0,6;0,95;0,2618;0,55
,118,118,118,118,119,119,119,119,119,119,120,120,120,120,120,120,120,121,121,121,121,121,121,121,121,121,121,121,122,122,122,122,122,122,122,122,122,122,122,122,122,122,122,122,123,123,123,123,123,123,123,123,123,123,123,123,123,124,124,124,124,124,124,124,124,124,124,125,125,125,125,126,126,126,127,128,128,128,128,129,129,130,130,130,130,130,131,131,131,131,131,132,133,133,133,134,135,135,136,136
Fitness 0,04763034, Gen ;0,6667;0,4;0,3333;0,3333;0,3333;0,1667;0,6;0,3;0,6667;0,6667;0,6;0,4;0,1273;0,375;0,6;0,1;0,5;0,6;0,95;0,2618;0,55
,122,123,123,123,123,124,124,124,124,124,125,125,125,125,125,125,125,125,125,126,126,126,126,126,126,126,126,127,127,127,127,127,127,127,127,127,127,127,127,127,127,127,127,128,128,128,128,128,128,128,128,128,128,128,128,128,128,129,129,129,129,129,129,129,130,130,130,130,130,130,130,130,131,131,131,131,132,132,132,132,133,133,133,133,134,134,134,134,135,135,135,136,136,137,137,137,138,139,139,175
Fitness 9,24499, Gen ;0,6667;0,4;0,3333;0,3333;0,3333;0,1667;0,6;0,3;0,6667;0,6667;0,6;0,4;0,1273;0,375;0,6;0,1;0,5;0,6;0,95;0,2618;0,55
,75,76,76,76,103,104,104,104,104,105,105,105,105,105,105,106,106,106,106,106,106,106,107,107,107,107,107,107,107,107,107,107,107,107,108,108,108,108,108,108,108,108,108,108,108,108,108,108,108,108,108,109,109,109,109,109,109,109,109,109,109,109,109,109,110,110,110,110,111,111,111,111,111,111,111,112,112,112,112,113,113,114,114,114,115,115,115,115,116,116,116,117,117,117,118,118,119,119,119,120
Fitness 3,154033E-05, Gen ;0,6667;0,4;0,3333;0,3333;0,3333;0,1667;0,6;0,3;0,6667;0,6667;0,6;0,4;0,1273;0,375;0,6;0,1;0,5;0,6;0,95;0,2618;0,55
,66,66,67,67,68,69,88,89,89,89,89,89,90,90,90,90,90,90,90,90,90,91,91,91,91,91,91,91,91,92,92,92,92,92,92,92,92,93,93,93,93,93,93,93,93,93,93,93,93,94,94,94,94,94,94,94,94,94,94,95,95,95,95,95,95,95,96,96,96,96,96,97,97,97,97,98,98,98,99,99,99,99,100,100,100,100,100,101,101,101,101,102,102,103,103,103,103,104
Fitness 26,8568, Gen ;0,6667;0,4;0,3333;0,3333;0,3333;0,1667;0,6;0,3;0,6667;0,6667;0,6;0,4;0,1273;0,375;0,6;0,1;0,5;0,6;0,95;0,2618;0,55
,78,78,78,79,79,79,79,79,79,79,79,80,80,80,80,80,80,80,80,81,81,81,81,81,82,82,82,82,82,82,83,83,83,83,83,83,83,83,83,83,83,83,83,84,84,84,84,84,84,84,84,84,84,84,84,84,84,85,85,85,85,85,85,85,85,85,85,86,86,86,86,86,86,86,86,86,86,87,87,87,87,87,87,88,88,88,88,89,89,89,89,89,90,90,90,90,91,91,91,91
Fitness 5,392534, Gen ;0,6667;0,4;0,3333;0,3333;0,3333;0,1667;0,6;0,3;0,6667;0,6667;0,6;0,4;0,1273;0,375;0,6;0,1;0,5;0,6;0,95;0,2618;0,55
,107,107,107,108,108,108,108,108,108,108,108,109,109,109,109,109,109,109,109,109,109,109,109,109,109,109,110,110,110,110,110,110,110,110,110,110,110,110,111,111,111,111,111,111,111,111,111,111,112,112,112,112,112,112,112,112,112,113,113,113,114,114,114,114,114,115,116,116,116,116,116,117,117,117,118,118,119,119,119,121,121,122,123,123,123,124,125,125,126,127,127,128,128,128,129,129,130,131,131,132
Fitness 14,47443, Gen ;0,6667;0,4;0,3333;0,3333;0,3333;0,1667;0,6;0,3;0,6667;0,6667;0,6;0,4;0,1273;0,375;0,6;0,1;0,5;0,6;0,95;0,2618;0,55
,91,92,92,92,92,92,92,93,93,93,93,93,93,93,93,93,94,94,94,94,94,95,95,95,95,95,95,96,96,96,96,96,96,96,96,96,96,96,96,96,96,96,96,96,96,97,97,97,97,97,97,97,97,97,97,97,97,97,98,98,98,98,98,98,98,99,99,99,99,100,100,100,101,101,102,102,102,102,103,103,103,103,103,104,104,104,105,105,105,105,106,106,106,107,107,107,108,108,109,109
Fitness 10,49656, Gen ;0,6667;0,4;0,3333;0,3333;0,3333;0,1667;0,6;0,3;0,6667;0,6667;0,6;0,4;0,1273;0,375;0,6;0,1;0,5;0,6;0,95;0,2618;0,55
,102,102,102,102,102,102,103,103,103,103,103,103,103,103,104,104,104,104,104,104,104,104,104,105,105,105,105,105,105,105,105,105,105,105,105,105,105,105,105,106,106,106,106,106,106,106,106,106,106,106,106,106,106,106,106,107,107,107,107,107,107,107,107,107,107,108,108,108,109,109,109,109,109,109,109,109,110,110,111,111,111,111,111,111,112,112,112,112,112,113,113,113,113,113,114,114,115,115,116,116
Fitness 8,421579, Gen ;0,6667;0,4;0,3333;0,3333;0,3333;0,1667;0,6;0,3;0,6667;0,6667;0,6;0,4;0,1273;0,375;0,6;0,1;0,5;0,6;0,95;0,2618;0,55
,82,82,83,85,85,105,106,106,106,106,107,107,107,107,107,107,108,108,108,108,108,109,109,109,109,109,109,109,109,109,109,109,110,110,110,110,110,110,110,110,110,110,110,110,110,110,111,111,111,111,111,111,111,111,111,111,111,112,112,112,112,112,112,113,113,113,113,113,113,113,114,114,114,114,115,115,115,115,115,115,116,116,116,117,117,117,117,118,118,118,118,118,119,119,119,120,120,120,121,121
Fitness 15,45419, Gen ;0,6667;0,4;0,3333;0,3333;0,3333;0,1667;0,6;0,3;0,6667;0,6667;0,6;0,4;0,1273;0,375;0,6;0,1;0,5;0,6;0,95;0,2618;0,55
,92,92,92,92,93,93,93,93,93,93,93,93,94,94,94,94,94,94,95,95,95,95,95,95,95,95,95,95,95,96,96,96,96,96,96,96,96,96,96,96,96,96,97,97,97,97,97,97,97,97,97,97,97,97,97,98,98,98,98,98,98,99,99,99,100,100,100,100,100,100,101,101,101,101,101,101,102,102,102,102,102,102,103,103,103,103,104,104,104,104,105,105,105,105,106,106,106,106,107,107
Fitness 0,0001610939, Gen ;0,6667;0,4;0,3333;0,3333;0,3333;0,1667;0,6;0,3;0,6667;0,6667;0,6;0,4;0,1273;0,375;0,6;0,1;0,5;0,6;0,95;0,2618;0,55
,100,101,101,102,102,102,102,103,103,103,103,103,103,104,104,104,104,104,105,105,105,105,105,105,105,106,106,106,106,106,106,106,106,106,106,107,107,107,107,107,107,107,107,107,107,107,107,108,108,108,108,108,108,108,108,108,108,108,108,108,108,109,109,109,109,109,109,109,109,109,109,109,109,110,110,110,110,110,110,110,110,110,110,111,111,111,111,111,114,114,115,116,116,116,117,118,118,119,119
Fitness 0,0001968223, Gen ;0,6667;0,4;0,3333;0,3333;0,3333;0,1667;0,6;0,3;0,6667;0,6667;0,6;0,4;0,1273;0,375;0,6;0,1;0,5;0,6;0,95;0,2618;0,55
,111,111,111,112,112,112,112,112,113,113,113,113,113,113,113,113,113,114,114,114,114,114,114,114,114,114,114,114,114,115,115,115,115,115,115,115,115,115,115,115,115,115,115,115,115,115,115,115,116,116,116,116,116,116,116,116,116,116,116,117,117,117,117,117,117,117,117,117,117,117,117,118,118,118,119,119,119,119,120,121,121,121,121,122,122,123,123,124,124,124,124,125,125,126,126,127,128,128,129
Fitness 7,064538, Gen ;0,6667;0,4;0,3333;0,3333;0,3333;0,1667;0,6;0,3;0,6667;0,6667;0,6;0,4;0,1273;0,375;0,6;0,1;0,5;0,6;0,95;0,2618;0,55
,105,105,106,106,107,107,108,108,108,108,108,108,108,109,109,109,109,109,109,109,110,110,110,110,111,111,111,111,111,111,111,111,111,112,112,112,112,112,112,112,112,112,112,112,112,112,113,113,113,113,113,113,113,113,113,114,114,114,114,114,114,114,114,115,115,116,116,116,116,117,117,117,117,117,117,118,118,118,118,119,119,119,120,120,120,121,121,121,121,121,122,122,122,122,123,123,124,124,125,125
Fitness 6,620291E-05, Gen ;0,6667;0,4;0,3333;0,3333;0,3333;0,1667;0,6;0,3;0,6667;0,6667;0,6;0,4;0,1273;0,375;0,6;0,1;0,5;0,6;0,95;0,2618;0,55
,113,113,113,113,114,114,114,114,115,115,115,115,116,116,116,116,116,117,117,117,117,117,117,117,117,117,118,118,118,118,118,118,118,119,119,119,119,119,119,119,119,120,120,120,120,120,120,120,120,120,120,120,120,120,120,120,121,121,121,121,121,121,121,121,122,122,122,122,123,123,123,124,124,124,125,125,126,126,126,127,127,127,128,128,129,129,129,131,132,133,133,135,135,135,136,137,138,138,138
Fitness 0,0001350173, Gen ;0,6667;0,4;0,3333;0,3333;0,3333;0,1667;0,6;0,3;0,6667;0,6667;0,6;0,4;0,1273;0,375;0,6;0,1;0,5;0,6;0,95;0,2618;0,55
,99,100,101,101,101,101,102,102,102,103,103,103,103,103,104,104,104,105,105,105,105,105,105,106,106,106,106,106,107,107,107,107,107,107,107,108,108,108,108,108,108,108,109,109,109,109,109,109,109,109,109,109,110,110,110,110,110,110,110,110,110,110,111,111,111,111,111,111,112,112,112,112,112,112,113,113,113,113,114,114,115,115,116
Fitness 3,683443, Gen ;0,6667;0,4;0,3333;0,3333;0,3333;0,1667;0,6;0,3;0,6667;0,6667;0,6;0,4;0,1273;0,375;0,6;0,1;0,5;0,6;0,95;0,2618;0,55
,113,113,113,114,114,114,115,115,115,115,115,115,115,115,116,116,116,116,116,116,117,117,117,117,117,118,118,118,118,118,118,118,119,119,119,119,119,119,120,120,120,120,120,120,120,120,120,121,121,121,121,121,121,121,121,121,122,122,122,122,122,123,123,123,123,123,124,124,124,124,125,125,126,126,126,127,127,127,128,128,128,128,129,129,130,130,131,131,132,132,132,132,133,133,134,134,135,136,136,137
Fitness 0,0002383353, Gen ;0,6667;0,4;0,3333;0,3333;0,3333;0,1667;0,6;0,3;0,6667;0,6667;0,6;0,4;0,1273;0,375;0,6;0,1;0,5;0,6;0,95;0,2618;0,55
,143,144,144,144,145,145,146,146,147,147,147,148,148,148,149,149,149,149,150,150,151,151,151,151,151,152,152,152,153,153,153,154,154,155,156,156,156,157,157,157,158,158,158,159,159,159,160,160,161,162,162,162,162,163,163,163,163,164,164,165,165,167,167,167,168,168,168,168,169,169,169,169,169,169,169,169,170,170,178,178,179
Fitness 5,227651, Gen ;0,6667;0,4;0,3333;0,3333;0,3333;0,1667;0,6;0,3;0,6667;0,6667;0,6;0,4;0,1273;0,375;0,6;0,1;0,5;0,6;0,95;0,2618;0,55
,109,110,110,110,110,110,111,111,111,111,112,112,112,112,112,112,112,112,113,113,113,113,113,113,113,114,114,114,114,114,114,114,114,114,114,115,115,115,115,115,115,115,115,115,115,115,115,115,115,115,115,116,116,116,116,116,116,116,116,117,117,117,117,117,118,118,118,119,119,120,120,120,120,121,121,121,121,122,122,123,123,123,124,124,124,125,126,126,126,127,127,128,128,129,129,130,130,130,131,131
Fitness 12,89331, Gen ;0,6667;0,4;0,3333;0,3333;0,3333;0,1667;0,6;0,3;0,6667;0,6667;0,6;0,4;0,1273;0,375;0,6;0,1;0,5;0,6;0,95;0,2618;0,55
,93,94,94,94,95,95,95,95,95,96,96,96,96,97,97,97,97,97,97,97,97,97,98,98,98,98,98,98,99,99,99,99,99,99,99,99,99,99,99,100,100,100,100,100,100,100,100,100,100,100,100,101,101,101,101,101,101,101,101,102,102,102,102,102,102,102,102,103,103,103,104,104,104,104,105,105,106,106,106,106,106,107,107,108,108,108,108,108,109,109,109,109,109,110,110,110,111,111,112,112
Fitness 7,528083, Gen ;0,6667;0,4;0,3333;0,3333;0,3333;0,1667;0,6;0,3;0,6667;0,6667;0,6;0,4;0,1273;0,375;0,6;0,1;0,5;0,6;0,95;0,2618;0,55
,101,102,102,102,102,102,102,103,103,103,103,104,104,104,104,104,104,105,105,105,105,106,106,106,106,106,106,107,107,107,107,107,107,107,107,107,108,108,108,108,108,108,108,108,108,108,108,108,108,108,108,108,109,109,109,109,109,109,109,109,110,110,110,110,110,110,111,112,112,113,113,114,114,115,115,115,115,116,116,116,117,117,118,118,119,119,119,120,120,120,120,121,121,122,123,123,123,124,124,125
Fitness 0,0001777481, Gen ;0,6667;0,4;0,3333;0,3333;0,3333;0,1667;0,6;0,3;0,6667;0,6667;0,6;0,4;0,1273;0,375;0,6;0,1;0,5;0,6;0,95;0,2618;0,55
,121,122,122,123,124,124,124,125,125,125,126,126,126,126,126,126,127,127,127,127,127,128,128,128,128,128,129,129,129,129,129,129,130,130,130,130,130,130,130,131,131,131,131,131,131,131,131,132,132,132,132,132,132,133,133,133,133,133,133,133,133,134,134,134,134,134,134,134,134,134,135,135,135,135,135,135,135,135,135,136,136,136,136,137,137,137,137,148,148,150,152,154,154,161,162,165,173
Fitness 6,434374, Gen ;0,6667;0,4;0,3333;0,3333;0,3333;0,1667;0,6;0,3;0,6667;0,6667;0,6;0,4;0,1273;0,375;0,6;0,1;0,5;0,6;0,95;0,2618;0,55
,96,96,96,96,96,96,96,97,97,97,97,97,97,97,97,98,98,98,98,98,98,98,98,98,99,99,99,99,99,99,99,99,100,100,100,100,100,100,100,100,100,100,100,100,101,101,101,101,101,101,101,101,101,102,102,102,102,102,102,102,102,102,103,103,103,103,104,104,104,104,104,105,105,105,106,106,106,111,115,116,118,119,120,121,121,122,122,123,123,125,125,126,126,127,127,129,129,130,130,130
Fitness 10,39186, Gen ;0,6667;0,4;0,3333;0,3333;0,3333;0,1667;0,6;0,3;0,6667;0,6667;0,6;0,4;0,1273;0,375;0,6;0,1;0,5;0,6;0,95;0,2618;0,55
,96,96,96,97,97,97,98,98,98,98,98,98,98,99,99,99,99,99,99,99,99,100,100,100,100,100,100,100,101,101,101,101,101,101,101,101,101,102,102,102,102,102,102,102,102,102,102,102,102,102,102,102,102,102,103,103,103,103,103,103,103,103,104,104,104,104,105,105,106,106,106,106,107,108,108,108,109,109,109,109,110,110,110,110,111,112,112,112,112,113,113,114,114,114,115,116,116,117,117,118
Fitness 0,2367354, Gen ;0,6667;0,4;0,3333;0,3333;0,3333;0,1667;0,6;0,3;0,6667;0,6667;0,6;0,4;0,1273;0,375;0,6;0,1;0,5;0,6;0,95;0,2618;0,55
,107,107,108,108,108,108,108,108,109,109,109,109,109,109,110,110,110,110,110,110,110,110,111,111,111,111,111,111,111,111,111,111,111,112,112,112,112,112,112,112,112,112,112,112,112,112,112,113,113,113,113,113,113,113,113,113,113,113,114,114,114,114,114,114,114,114,114,115,115,115,115,115,115,116,116,116,116,116,117,117,117,117,117,117,118,118,118,118,118,119,119,119,120,121,122,122,122,123,124,170
Fitness 3,650943, Gen ;0,6667;0,4;0,3333;0,3333;0,3333;0,1667;0,6;0,3;0,6667;0,6667;0,6;0,4;0,1273;0,375;0,6;0,1;0,5;0,6;0,95;0,2618;0,55
,118,119,119,119,119,120,120,121,121,121,121,121,121,121,121,121,121,122,122,122,122,122,122,122,122,122,122,122,122,122,122,123,123,123,123,123,123,123,123,123,123,123,123,124,124,124,124,124,124,124,124,124,124,125,125,125,125,125,125,125,125,126,126,126,126,126,127,127,127,127,127,128,128,128,128,129,129,129,129,129,130,130,130,130,131,131,131,131,132,132,132,133,133,133,134,134,134,135,135,136
Fitness 15,51404, Gen ;0,6667;0,4;0,3333;0,3333;0,3333;0,1667;0,6;0,3;0,6667;0,6667;0,6;0,4;0,1273;0,375;0,6;0,1;0,5;0,6;0,95;0,2618;0,55
,70,70,70,70,70,71,71,71,71,71,71,71,71,72,72,72,84,85,85,85,85,85,86,86,86,86,86,87,87,87,87,87,87,87,87,88,88,88,88,88,88,88,88,89,89,89,89,89,89,90,90,90,90,90,90,90,90,91,91,91,91,91,91,92,92,92,92,93,93,93,93,93,94,94,94,94,94,94,95,95,95,96,96,96,96,97,97,97,97,98,98,98,98,99,99,99,101,101,101,111
Fitness 5,758889E-05, Gen ;0,6667;0,4;0,3333;0,3333;0,3333;0,1667;0,6;0,3;0,6667;0,6667;0,6;0,4;0,1273;0,375;0,6;0,1;0,5;0,6;0,95;0,2618;0,55
,80,80,80,80,80,81,81,81,81,81,81,81,81,82,82,82,82,82,83,83,86,86,86,86,86,87,87,87,87,87,87,87,87,87,87,88,88,88,88,88,88,88,88,88,88,88,88,88,88,88,88,89,89,89,89,89,89,89,89,89,90,90,90,90,90,90,90,90,91,91,91,91,91,91,92,92,92,92,93,93,93,95,95,96,96,96,97,97,97,97,97,98,98,99,99,99,100,101,101
Fitness 0,0001221876, Gen ;0,6667;0,4;0,3333;0,3333;0,3333;0,1667;0,6;0,3;0,6667;0,6667;0,6;0,4;0,1273;0,375;0,6;0,1;0,5;0,6;0,95;0,2618;0,55
,94,95,122,123,123,123,124,125,125,125,125,125,126,126,126,126,126,126,126,126,127,127,127,127,127,127,127,128,128,128,128,128,128,129,129,129,129,129,129,129,130,130,130,130,130,130,130,130,130,130,131,131,131,131,131,131,131,131,131,131,131,132,132,132,132,132,132,132,133,133,133,133,133,133,134,134,136,136,137,139,148,155,155
Fitness 21,75267, Gen ;0,6667;0,4;0,3333;0,3333;0,3333;0,1667;0,6;0,3;0,6667;0,6667;0,6;0,4;0,1273;0,375;0,6;0,1;0,5;0,6;0,95;0,2618;0,55
,76,76,76,77,77,77,77,77,77,77,77,77,78,86,86,87,87,87,87,87,87,88,88,88,88,88,88,88,89,89,89,89,89,89,89,89,89,89,89,89,89,89,90,90,90,90,90,90,90,90,90,91,91,91,91,91,91,91,91,91,91,91,92,92,92,92,92,92,92,92,92,93,93,93,93,93,93,94,94,94,94,94,94,95,95,95,95,95,95,95,96,96,96,96,97,97,97,97,98,98
Fitness 0,0001815173, Gen ;0,6667;0,4;0,3333;0,3333;0,3333;0,1667;0,6;0,3;0,6667;0,6667;0,6;0,4;0,1273;0,375;0,6;0,1;0,5;0,6;0,95;0,2618;0,55
,79,79,80,80,102,102,102,102,102,103,103,103,103,103,103,103,103,103,104,104,104,104,104,104,104,104,104,105,105,105,105,105,105,105,105,105,105,105,105,105,105,105,106,106,106,106,106,106,106,106,106,106,106,106,107,107,107,107,107,107,107,107,107,108,108,108,108,108,108,109,109,109,109,109,110,110,110,111,111,111,111,111,112,112,112,113,113,113,113,113,113,114,114,115,115,115,116,116,117
Fitness 5,885211, Gen ;0,6667;0,4;0,3333;0,3333;0,3333;0,1667;0,6;0,3;0,6667;0,6667;0,6;0,4;0,1273;0,375;0,6;0,1;0,5;0,6;0,95;0,2618;0,55
,112,112,112,113,113,113,113,113,114,114,114,114,114,114,114,114,114,115,115,115,115,115,115,115,115,115,115,115,116,116,116,116,116,116,116,116,116,116,116,116,116,116,116,116,116,116,116,117,117,117,117,117,117,117,117,117,117,117,117,117,117,118,118,118,118,118,118,118,118,118,118,119,119,120,120,120,120,120,121,121,122,122,122,122,123,123,123,124,124,124,124,125,125,125,126,127,127,127,128,128
Fitness 9,327753, Gen ;0,6667;0,4;0,3333;0,3333;0,3333;0,1667;0,6;0,3;0,6667;0,6667;0,6;0,4;0,1273;0,375;0,6;0,1;0,5;0,6;0,95;0,2618;0,55
,101,101,102,102,102,102,102,102,103,103,103,103,103,103,104,104,104,104,105,105,106,106,106,106,107,107,107,107,107,107,107,108,108,108,108,108,108,108,108,108,108,108,108,108,109,109,109,109,109,109,109,109,109,109,109,109,109,109,109,110,110,110,110,110,110,110,110,110,110,110,111,111,111,111,111,111,111,111,111,112,112,112,112,113,113,113,114,114,115,115,115,115,116,116,117,117,118,118,119,119
Fitness 11,2868, Gen ;0,6667;0,4;0,3333;0,3333;0,3333;0,1667;0,6;0,3;0,6667;0,6667;0,6;0,4;0,1273;0,375;0,6;0,1;0,5;0,6;0,95;0,2618;0,55
,100,100,100,100,100,101,101,101,101,101,102,102,102,102,102,103,103,103,103,103,103,103,103,103,104,104,104,104,104,104,104,104,104,105,105,105,105,105,105,105,105,105,105,105,105,105,105,105,105,106,106,106,106,106,106,106,106,106,106,107,107,107,107,107,107,107,107,108,108,108,108,108,108,108,108,109,109,109,109,109,109,109,110,110,110,110,111,111,111,111,111,111,111,112,113,113,113,113,114,114
Fitness 0,0001166776, Gen ;0,6667;0,4;0,3333;0,3333;0,3333;0,1667;0,6;0,3;0,6667;0,6667;0,6;0,4;0,1273;0,375;0,6;0,1;0,5;0,6;0,95;0,2618;0,55
,114,114,114,115,115,115,116,116,116,116,117,117,117,117,117,117,117,118,118,118,118,118,119,119,119,119,119,119,119,119,119,120,120,120,120,120,121,121,121,121,121,121,121,122,122,122,122,122,122,122,122,122,122,123,123,123,123,123,123,123,123,123,123,123,123,124,124,124,124,124,124,124,124,124,125,125,125,126,126,126,127,127,127,129,130,131
Fitness 4,551433, Gen ;0,6667;0,4;0,3333;0,3333;0,3333;0,1667;0,6;0,3;0,6667;0,6667;0,6;0,4;0,1273;0,375;0,6;0,1;0,5;0,6;0,95;0,2618;0,55
,116,116,117,117,117,117,117,118,118,118,118,118,119,119,119,119,119,119,120,120,120,120,120,120,120,120,120,120,121,121,121,121,121,121,121,121,121,121,121,121,121,121,121,121,122,122,122,122,122,122,122,122,122,122,122,122,122,122,123,123,123,123,123,123,123,123,123,123,123,124,124,124,124,125,125,125,125,125,126,126,126,126,127,127,127,127,127,128,128,129,129,129,129,129,130,130,131,132,132,133
Fitness 4,343803E-05, Gen ;0,6667;0,4;0,3333;0,3333;0,3333;0,1667;0,6;0,3;0,6667;0,6667;0,6;0,4;0,1273;0,375;0,6;0,1;0,5;0,6;0,95;0,2618;0,55
,108,108,110,110,110,110,111,111,111,112,112,112,112,113,113,113,113,114,114,114,114,114,115,115,115,115,116,116,116,116,116,116,117,117,117,117,118,118,118,118,118,118,118,118,118,118,118,119,119,119,119,119,119,119,119,119,119,119,120,120,120,120,120,120,120,120,120,120,120,120,120,121,121,121,121,121,121,121,121,121,122,122,122,122,122,123,123,123,123,124,124,124,124,124,132,142,142,142
Fitness 10,70769, Gen ;0,6667;0,4;0,3333;0,3333;0,3333;0,1667;0,6;0,3;0,6667;0,6667;0,6;0,4;0,1273;0,375;0,6;0,1;0,5;0,6;0,95;0,2618;0,55
,100,100,100,100,101,101,101,101,101,102,102,102,102,102,102,102,103,103,103,103,103,103,103,103,104,104,104,104,104,104,105,105,105,105,105,105,105,105,105,105,105,105,106,106,106,106,106,106,106,106,106,106,106,106,107,107,107,107,107,107,108,108,108,108,109,109,109,109,109,109,109,110,110,110,110,111,111,111,111,111,112,112,112,112,112,112,112,113,113,113,113,113,114,114,114,114,115,115,116,116
Fitness 0,0001104393, Gen ;0,6667;0,4;0,3333;0,3333;0,3333;0,1667;0,6;0,3;0,6667;0,6667;0,6;0,4;0,1273;0,375;0,6;0,1;0,5;0,6;0,95;0,2618;0,55
,113,113,114,114,115,115,115,115,116,116,116,116,117,117,117,117,117,117,117,118,118,118,118,118,118,118,119,119,119,119,119,119,119,119,119,119,120,120,120,120,120,120,120,120,120,120,120,120,120,120,120,120,121,121,121,121,121,121,121,121,122,122,123,123,123,123,123,123,124,124,124,125,125,125,125,125,125,126,126,126,126,127,127,127,128,128,128,128,129,129,129,129,130,131,131,132,134,135,142
Fitness 0,0002444757, Gen ;0,6667;0,4;0,3333;0,3333;0,3333;0,1667;0,6;0,3;0,6667;0,6667;0,6;0,4;0,1273;0,375;0,6;0,1;0,5;0,6;0,95;0,2618;0,55
,142,142,142,143,144,144,144,144,145,145,145,146,146,146,146,147,147,147,147,148,148,148,149,149,149,150,150,150,151,151,151,151,151,152,152,152,152,152,152,153,153,153,154,154,154,154,154,154,154,155,155,155,155,155,155,155,156,156,156,156,156,156,156,156,157,157,157,157,157,157,157,158,158,159,160,160,161,162,162,162,163,163,165,165,166,167,167,167,168,169,170,171
Fitness 0,0001690086, Gen ;0,6667;0,4;0,3333;0,3333;0,3333;0,1667;0,6;0,3;0,6667;0,6667;0,6;0,4;0,1273;0,375;0,6;0,1;0,5;0,6;0,95;0,2618;0,55
,108,108,108,108,108,109,109,109,109,109,109,110,110,110,110,111,111,111,111,111,111,111,111,111,111,112,112,112,112,112,112,112,112,112,112,112,113,113,113,113,113,113,113,114,114,114,114,114,114,114,114,115,115,115,115,115,115,116,116,116,116,116,116,116,117,117,117,117,118,118,118,118,118,119,119,119,119,119,120,120,120,121,121,122,122,123,123,123,123,124,124,124,125,126,127,127
Fitness 0,0001002845, Gen ;0,6667;0,4;0,3333;0,3333;0,3333;0,1667;0,6;0,3;0,6667;0,6667;0,6;0,4;0,1273;0,375;0,6;0,1;0,5;0,6;0,95;0,2618;0,55
,104,105,105,105,105,107,107,109,109,111,112,112,112,112,113,113,113,113,113,114,114,114,114,114,115,115,115,115,115,115,116,116,116,116,116,116,116,116,117,117,117,117,117,118,118,118,118,118,118,118,118,118,118,118,118,118,118,119,119,119,119,119,119,119,119,119,120,120,120,120,121,121,121,121,121,122,122,123,123,123,124,124,124,124,126,131,132,136,136,137,138,138,159,159,160,161,161,163
Fitness 13,42447, Gen ;0,6667;0,4;0,3333;0,3333;0,3333;0,1667;0,6;0,3;0,6667;0,6667;0,6;0,4;0,1273;0,375;0,6;0,1;0,5;0,6;0,95;0,2618;0,55
,75,76,76,76,77,95,95,95,95,96,96,96,96,96,96,97,97,97,97,97,97,97,98,98,98,98,98,99,99,99,99,99,99,99,99,100,100,100,100,100,100,100,100,100,100,101,101,101,101,101,101,101,101,101,101,102,102,102,102,102,102,102,102,103,103,103,103,103,104,104,104,104,104,104,104,105,105,105,105,105,106,106,106,106,107,107,107,108,108,108,108,108,109,109,109,110,110,110,111,111
Fitness 9,588593, Gen ;0,6667;0,4;0,3333;0,3333;0,3333;0,1667;0,6;0,3;0,6667;0,6667;0,6;0,4;0,1273;0,375;0,6;0,1;0,5;0,6;0,95;0,2618;0,55
,102,102,103,103,103,104,104,104,104,104,104,104,104,104,104,105,105,105,105,105,105,105,105,105,105,105,106,106,106,106,106,106,106,106,106,106,106,106,107,107,107,107,107,107,107,107,107,107,107,107,107,107,107,107,108,108,108,108,108,108,108,108,108,108,108,108,109,109,109,109,109,109,109,110,110,111,111,111,111,111,112,112,112,112,113,113,113,113,114,114,114,114,115,115,115,116,116,117,118,119
Fitness 4,338891, Gen ;0,6667;0,4;0,3333;0,3333;0,3333;0,1667;0,6;0,3;0,6667;0,6667;0,6;0,4;0,1273;0,375;0,6;0,1;0,5;0,6;0,95;0,2618;0,55
,117,117,118,118,118,118,118,119,119,119,119,119,119,119,119,120,120,120,120,120,120,121,121,121,121,121,121,121,121,121,121,121,121,122,122,122,122,122,122,122,122,122,122,122,122,122,123,123,123,123,123,123,123,123,123,123,124,124,124,124,124,124,124,124,124,125,125,125,125,126,126,126,126,126,126,127,127,127,127,127,128,128,128,128,129,129,129,129,129,129,130,130,130,130,131,131,131,133,133,133
Fitness 0,0001184684, Gen ;0,6667;0,4;0,3333;0,3333;0,3333;0,1667;0,6;0,3;0,6667;0,6667;0,6;0,4;0,1273;0,375;0,6;0,1;0,5;0,6;0,95;0,2618;0,55
,107,108,108,108,109,109,109,109,110,110,110,110,110,110,111,111,111,111,111,111,111,112,112,112,112,112,112,112,112,113,113,113,113,113,113,113,113,114,114,114,114,114,114,114,114,114,114,114,114,114,115,115,115,115,115,115,115,115,115,115,115,116,116,116,116,116,117,117,117,117,118,118,118,119,119,120,120,120,120,121,121,121,121,121,122,122,122,123,123,123,123,125,125,125,126,126,126,127,127
Fitness 7,309569, Gen ;0,6667;0,4;0,3333;0,3333;0,3333;0,1667;0,6;0,3;0,6667;0,6667;0,6;0,4;0,1273;0,375;0,6;0,1;0,5;0,6;0,95;0,2618;0,55
,111,111,111,111,112,112,112,112,112,112,112,112,113,113,113,113,113,113,113,113,114,114,114,114,114,114,114,114,114,114,115,115,115,115,115,115,115,115,115,115,115,115,115,115,115,115,116,116,116,116,116,116,116,116,116,116,116,116,116,116,117,117,117,117,117,117,117,117,117,117,118,118,118,118,118,118,118,119,119,119,119,119,119,119,119,119,120,120,120,120,120,121,121,121,121,122,122,123,123,123
Fitness 0,0001980761, Gen ;0,6667;0,4;0,3333;0,3333;0,3333;0,1667;0,6;0,3;0,6667;0,6667;0,6;0,4;0,1273;0,375;0,6;0,1;0,5;0,6;0,95;0,2618;0,55
,120,120,120,121,121,121,121,122,122,122,122,122,123,123,123,123,123,123,123,123,124,124,124,124,124,125,125,125,125,125,126,126,126,126,126,126,126,126,126,126,126,126,127,127,127,127,127,127,127,127,127,127,127,127,127,127,127,127,128,128,128,128,128,128,128,128,128,129,129,129,129,129,129,129,130,130,130,130,130,130,131,131,132,132,132,133,134,135,136,139,139,140,140,141,161,163,174
Fitness 0,0002262632, Gen ;0,6667;0,4;0,3333;0,3333;0,3333;0,1667;0,6;0,3;0,6667;0,6667;0,6;0,4;0,1273;0,375;0,6;0,1;0,5;0,6;0,95;0,2618;0,55
,128,128,128,129,129,129,129,130,130,130,130,131,131,131,131,131,131,132,132,132,132,132,133,133,133,133,134,134,134,134,134,134,135,135,135,136,136,136,136,136,136,137,137,137,137,138,138,138,138,138,139,139,139,139,140,140,140,140,140,141,141,141,141,142,142,142,142,142,143,143,143,143,143,143,143,144,144,144,145,145,145,146,155,155,156,156,161,162,167,168,171,172,174,178
Fitness 10,59277, Gen ;0,6667;0,4;0,3333;0,3333;0,3333;0,1667;0,6;0,3;0,6667;0,6667;0,6;0,4;0,1273;0,375;0,6;0,1;0,5;0,6;0,95;0,2618;0,55
,96,97,97,97,98,98,98,98,99,99,99,99,99,99,99,99,100,100,100,100,100,100,100,100,100,100,101,101,101,101,101,101,101,101,101,101,101,101,101,101,101,102,102,102,102,102,102,102,102,102,102,102,102,103,103,103,103,103,103,103,103,103,103,104,104,104,104,104,104,104,105,105,105,106,106,106,106,107,107,108,108,108,108,109,109,109,109,110,111,112,112,112,113,114,114,115,115,116,116,117
Fitness 3,357364E-05, Gen ;0,6667;0,4;0,3333;0,3333;0,3333;0,1667;0,6;0,3;0,6667;0,6667;0,6;0,4;0,1273;0,375;0,6;0,1;0,5;0,6;0,95;0,2618;0,55
,95,95,95,96,96,96,96,96,96,96,96,97,97,97,97,97,97,97,97,97,97,97,97,97,97,98,98,98,98,98,98,98,98,98,98,98,98,98,98,98,99,99,99,99,99,99,99,99,99,99,99,99,99,100,100,100,100,100,100,100,100,100,100,100,100,101,101,101,101,101,101,101,101,102,102,102,102,102,102,102,103,103,103,103,103,104,104,104,105,105,105,105,106,106,106,107,107,108,108
Fitness 7,972039, Gen ;0,6667;0,4;0,3333;0,3333;0,3333;0,1667;0,6;0,3;0,6667;0,6667;0,6;0,4;0,1273;0,375;0,6;0,1;0,5;0,6;0,95;0,2618;0,55
,103,103,103,103,103,103,104,104,104,104,104,104,104,105,105,105,105,105,105,105,106,106,106,106,106,106,107,107,107,107,107,107,107,108,108,108,108,108,108,108,109,109,109,109,110,110,110,110,110,110,110,110,110,110,111,111,111,111,111,111,111,111,112,112,112,112,112,112,112,112,113,113,113,113,113,113,114,114,114,114,115,115,115,116,116,116,116,117,117,118,118,119,119,119,120,121,121,123,123,123
Fitness 6,529962E-05, Gen ;0,6667;0,4;0,3333;0,3333;0,3333;0,1667;0,6;0,3;0,6667;0,6667;0,6;0,4;0,1273;0,375;0,6;0,1;0,5;0,6;0,95;0,2618;0,55
,110,111,111,112,112,113,113,113,113,113,113,113,114,114,114,114,114,114,114,114,114,115,115,115,115,115,115,115,115,116,116,116,116,116,116,116,116,117,117,117,117,117,117,117,117,117,117,117,117,117,118,118,118,118,118,118,118,118,118,119,119,119,119,120,120,121,121,121,122,122,122,122,122,122,123,123,123,124,124,124,125,125,126,126,126,127,127,127,127,128,128,129,132,134,134,135,136,136,137
